0.000000 8.853080 0.288603 -2.073810 -13.248536 2.001552 43.466817 
0.001000 8.839531 0.290650 -2.029356 -13.311753 2.000529 43.463527 
0.002000 8.825852 0.292695 -1.984908 -13.375561 1.999491 43.459815 
0.003000 8.812172 0.294740 -1.940462 -13.439373 1.998453 43.456096 
0.004000 8.798363 0.296782 -1.896022 -13.503777 1.997400 43.451949 
0.005000 8.784551 0.298825 -1.851584 -13.568191 1.996346 43.447789 
0.006000 8.770610 0.300866 -1.807153 -13.633199 1.995276 43.443193 
0.007000 8.756665 0.302906 -1.762724 -13.698220 1.994206 43.438578 
0.008000 8.742591 0.304945 -1.718303 -13.763838 1.993119 43.433520 
0.009000 8.728513 0.306983 -1.673884 -13.829472 1.992032 43.428436 
0.010000 8.714304 0.309019 -1.629473 -13.895706 1.990929 43.422901 
0.011000 8.700090 0.311055 -1.585066 -13.961960 1.989825 43.417333 
0.012000 8.685746 0.313089 -1.540666 -14.028816 1.988705 43.411308 
0.013000 8.671395 0.315123 -1.496272 -14.095696 1.987584 43.405240 
0.014000 8.656914 0.317155 -1.451884 -14.163180 1.986447 43.398709 
0.015000 8.642425 0.319186 -1.407503 -14.230693 1.985308 43.392127 
0.016000 8.627807 0.321216 -1.363129 -14.298810 1.984153 43.385074 
0.017000 8.613178 0.323245 -1.318762 -14.366961 1.982996 43.377963 
0.018000 8.598420 0.325272 -1.274402 -14.435719 1.981823 43.370371 
0.019000 8.583651 0.327298 -1.230051 -14.504514 1.980648 43.362714 
0.020000 8.568752 0.329323 -1.185707 -14.573918 1.979456 43.354568 
0.021000 8.553841 0.331347 -1.141373 -14.643363 1.978262 43.346347 
0.022000 8.538800 0.333369 -1.097046 -14.713418 1.977052 43.337630 
0.023000 8.523746 0.335391 -1.052729 -14.783519 1.975839 43.328829 
0.024000 8.508562 0.337411 -1.008420 -14.854232 1.974610 43.319522 
0.025000 8.493363 0.339430 -0.964122 -14.924995 1.973378 43.310123 
0.026000 8.478034 0.341447 -0.919832 -14.996370 1.972129 43.300209 
0.027000 8.462689 0.343464 -0.875555 -15.067800 1.970877 43.290193 
0.028000 8.447214 0.345478 -0.831285 -15.139844 1.969608 43.279654 
0.029000 8.431721 0.347492 -0.787030 -15.211946 1.968336 43.269002 
0.030000 8.416099 0.349504 -0.742782 -15.284665 1.967047 43.257818 
0.031000 8.400458 0.351516 -0.698549 -15.357444 1.965755 43.246511 
0.032000 8.384686 0.353525 -0.654324 -15.430842 1.964445 43.234662 
0.033000 8.368895 0.355534 -0.610116 -15.504304 1.963132 43.222680 
0.034000 8.352974 0.357541 -0.565916 -15.578385 1.961802 43.210146 
0.035000 8.337031 0.359547 -0.521733 -15.652536 1.960467 43.197468 
0.036000 8.320957 0.361551 -0.477559 -15.727306 1.959115 43.184228 
0.037000 8.304862 0.363554 -0.433403 -15.802148 1.957759 43.170833 
0.038000 8.288635 0.365555 -0.389256 -15.877612 1.956385 43.156865 
0.039000 8.272385 0.367556 -0.345128 -15.953151 1.955008 43.142731 
0.040000 8.256004 0.369554 -0.301011 -16.029313 1.953611 43.128014 
0.041000 8.239599 0.371552 -0.256913 -16.105553 1.952211 43.113119 
0.042000 8.223062 0.373547 -0.212826 -16.182416 1.950792 43.097628 
0.043000 8.206499 0.375542 -0.168760 -16.259361 1.949369 43.081948 
0.044000 8.189804 0.377534 -0.124705 -16.336930 1.947927 43.065662 
0.045000 8.173083 0.379526 -0.080673 -16.414583 1.946481 43.049173 
0.046000 8.156230 0.381516 -0.036651 -16.492859 1.945016 43.032065 
0.047000 8.139348 0.383504 0.007346 -16.571223 1.943546 43.014742 
0.048000 8.122334 0.385491 0.051332 -16.650209 1.942056 42.996789 
0.049000 8.105291 0.387477 0.095293 -16.729285 1.940562 42.978607 
0.050000 8.088116 0.389460 0.139241 -16.808984 1.939049 42.959782 
0.051000 8.070910 0.391443 0.183164 -16.888776 1.937530 42.940715 
0.052000 8.053571 0.393423 0.227073 -16.969190 1.935991 42.920992 
0.053000 8.036200 0.395403 0.270955 -17.049699 1.934448 42.901013 
0.054000 8.018697 0.397380 0.314824 -17.130830 1.932884 42.880365 
0.055000 8.001161 0.399356 0.358664 -17.212058 1.931315 42.859446 
0.056000 7.983491 0.401331 0.402490 -17.293907 1.929726 42.837846 
0.057000 7.965787 0.403304 0.446285 -17.375855 1.928131 42.815960 
0.058000 7.947950 0.405274 0.490067 -17.458424 1.926515 42.793378 
0.059000 7.930077 0.407244 0.533816 -17.541093 1.924894 42.770495 
0.060000 7.912071 0.409212 0.577551 -17.624382 1.923252 42.746904 
0.061000 7.894028 0.411178 0.621252 -17.707773 1.921604 42.722995 
0.062000 7.875852 0.413142 0.664937 -17.791782 1.919935 42.698363 
0.063000 7.857636 0.415105 0.708588 -17.875893 1.918259 42.673397 
0.064000 7.839288 0.417066 0.752222 -17.960621 1.916563 42.647693 
0.065000 7.820899 0.419025 0.795820 -18.045452 1.914859 42.621639 
0.066000 7.802377 0.420982 0.839402 -18.130899 1.913135 42.594833 
0.067000 7.783814 0.422938 0.882945 -18.216448 1.911403 42.567659 
0.068000 7.765117 0.424892 0.926471 -18.302611 1.909650 42.539718 
0.069000 7.746377 0.426844 0.969957 -18.388877 1.907890 42.511391 
0.070000 7.727504 0.428795 1.013425 -18.475753 1.906108 42.482281 
0.071000 7.708586 0.430743 1.056851 -18.562732 1.904319 42.452767 
0.072000 7.689535 0.432690 1.100258 -18.650318 1.902508 42.422455 
0.073000 7.670439 0.434635 1.143623 -18.738007 1.900689 42.391720 
0.074000 7.651208 0.436577 1.186968 -18.826299 1.898848 42.360170 
0.075000 7.631931 0.438519 1.230267 -18.914692 1.896998 42.328178 
0.076000 7.612519 0.440458 1.273547 -19.003686 1.895127 42.295354 
0.077000 7.593060 0.442395 1.316779 -19.092778 1.893247 42.262070 
0.078000 7.573466 0.444330 1.359990 -19.182466 1.891345 42.227937 
0.079000 7.553824 0.446264 1.403153 -19.272252 1.889434 42.193323 
0.080000 7.534047 0.448195 1.446294 -19.362628 1.887501 42.157842 
0.081000 7.514219 0.450124 1.489384 -19.453098 1.885558 42.121860 
0.082000 7.494257 0.452052 1.532451 -19.544155 1.883593 42.084994 
0.083000 7.474243 0.453977 1.575466 -19.635302 1.881619 42.047606 
0.084000 7.454094 0.455900 1.618456 -19.727029 1.879622 42.009315 
0.085000 7.433893 0.457822 1.661393 -19.818844 1.877615 41.970481 
0.086000 7.413556 0.459741 1.704303 -19.911232 1.875585 41.930725 
0.087000 7.393166 0.461658 1.747159 -20.003703 1.873545 41.890405 
0.088000 7.372640 0.463573 1.789987 -20.096741 1.871482 41.849145 
0.089000 7.352060 0.465486 1.832758 -20.189856 1.869409 41.807297 
0.090000 7.331343 0.467397 1.875501 -20.283531 1.867313 41.764490 
0.091000 7.310571 0.469306 1.918184 -20.377277 1.865206 41.721074 
0.092000 7.289663 0.471212 1.960838 -20.471574 1.863075 41.676678 
0.093000 7.268698 0.473116 2.003431 -20.565937 1.860934 41.631650 
0.094000 7.247597 0.475018 2.045992 -20.660841 1.858769 41.585622 
0.095000 7.226438 0.476918 2.088491 -20.755804 1.856593 41.538939 
0.096000 7.205143 0.478816 2.130957 -20.851298 1.854393 41.491236 
0.097000 7.183788 0.480711 2.173358 -20.946843 1.852183 41.442854 
0.098000 7.162297 0.482604 2.215725 -21.042910 1.849948 41.393432 
0.099000 7.140747 0.484495 2.258025 -21.139017 1.847701 41.343306 
0.100000 7.119059 0.486384 2.300290 -21.235636 1.845431 41.292119 
0.101000 7.097311 0.488270 2.342485 -21.332285 1.843149 41.240203 
0.102000 7.075426 0.490154 2.384644 -21.429433 1.840842 41.187206 
0.103000 7.053478 0.492035 2.426730 -21.526602 1.838524 41.133456 
0.104000 7.031395 0.493914 2.468779 -21.624256 1.836181 41.078603 
0.105000 7.009248 0.495791 2.510754 -21.721919 1.833826 41.022972 
0.106000 6.986964 0.497665 2.552689 -21.820054 1.831447 40.966216 
0.107000 6.964616 0.499537 2.594547 -21.918185 1.829055 40.908656 
0.108000 6.942132 0.501406 2.636364 -22.016773 1.826639 40.849950 
0.109000 6.919583 0.503273 2.678102 -22.115343 1.824210 40.790415 
0.110000 6.896897 0.505138 2.719798 -22.214354 1.821757 40.729713 
0.111000 6.874145 0.507000 2.761412 -22.313333 1.819291 40.668155 
0.112000 6.851257 0.508859 2.802981 -22.412736 1.816800 40.605407 
0.113000 6.828301 0.510716 2.844467 -22.512091 1.814296 40.541778 
0.114000 6.805210 0.512570 2.885907 -22.611853 1.811768 40.476938 
0.115000 6.782050 0.514422 2.927260 -22.711548 1.809226 40.411190 
0.116000 6.758755 0.516270 2.968565 -22.811632 1.806660 40.344209 
0.117000 6.735391 0.518117 3.009781 -22.911631 1.804080 40.276295 
0.118000 6.711891 0.519961 3.050947 -23.011997 1.801476 40.207125 
0.119000 6.688322 0.521802 3.092021 -23.112260 1.798858 40.136996 
0.120000 6.664617 0.523640 3.133044 -23.212870 1.796215 40.065590 
0.121000 6.640842 0.525476 3.173973 -23.313354 1.793560 39.993199 
0.122000 6.616931 0.527309 3.214847 -23.414162 1.790879 39.919509 
0.123000 6.592950 0.529139 3.255625 -23.514823 1.788185 39.844807 
0.124000 6.568833 0.530966 3.296346 -23.615785 1.785466 39.768785 
0.125000 6.544645 0.532791 3.336969 -23.716575 1.782734 39.691726 
0.126000 6.520323 0.534613 3.377533 -23.817641 1.779976 39.613327 
0.127000 6.495928 0.536432 3.417995 -23.918510 1.777206 39.533864 
0.128000 6.471399 0.538248 3.458396 -24.019630 1.774411 39.453039 
0.129000 6.446798 0.540061 3.498693 -24.120526 1.771602 39.371127 
0.130000 6.422063 0.541871 3.538927 -24.221644 1.768769 39.287833 
0.131000 6.397254 0.543679 3.579053 -24.322511 1.765922 39.203426 
0.132000 6.372313 0.545483 3.619115 -24.423571 1.763051 39.117617 
0.133000 6.347298 0.547285 3.659066 -24.524350 1.760167 39.030672 
0.134000 6.322150 0.549084 3.698949 -24.625293 1.757259 38.942305 
0.135000 6.296929 0.550880 3.738719 -24.725923 1.754337 38.852778 
0.136000 6.271575 0.552672 3.778419 -24.826686 1.751391 38.761812 
0.137000 6.246147 0.554462 3.818004 -24.927104 1.748433 38.669663 
0.138000 6.220588 0.556248 3.857515 -25.027620 1.745450 38.576056 
0.139000 6.194955 0.558032 3.896908 -25.127758 1.742454 38.481244 
0.140000 6.169192 0.559812 3.936226 -25.227960 1.739435 38.384958 
0.141000 6.143353 0.561590 3.975421 -25.327748 1.736404 38.287446 
0.142000 6.117386 0.563364 4.014540 -25.427565 1.733349 38.188444 
0.143000 6.091343 0.565135 4.053533 -25.526930 1.730282 38.088196 
0.144000 6.065172 0.566903 4.092446 -25.626287 1.727191 37.986443 
0.145000 6.038927 0.568668 4.131231 -25.725154 1.724089 37.883424 
0.146000 6.012553 0.570430 4.169934 -25.823974 1.720964 37.778888 
0.147000 5.986106 0.572188 4.208505 -25.922263 1.717828 37.673069 
0.148000 5.959531 0.573944 4.246991 -26.020467 1.714669 37.565719 
0.149000 5.932883 0.575696 4.285343 -26.118098 1.711500 37.457070 
0.150000 5.906109 0.577444 4.323607 -26.215602 1.708308 37.346880 
0.151000 5.879261 0.579190 4.361733 -26.312490 1.705105 37.235377 
0.152000 5.852288 0.580932 4.399769 -26.409209 1.701882 37.122322 
0.153000 5.825243 0.582671 4.437664 -26.505268 1.698648 37.007942 
0.154000 5.798074 0.584406 4.475466 -26.601115 1.695393 36.892003 
0.155000 5.770832 0.586139 4.513124 -26.696255 1.692128 36.774726 
0.156000 5.743469 0.587867 4.550686 -26.791139 1.688844 36.655885 
0.157000 5.716033 0.589593 4.588101 -26.885269 1.685550 36.535697 
0.158000 5.688477 0.591315 4.625417 -26.979096 1.682237 36.413940 
0.159000 5.660849 0.593034 4.662583 -27.072122 1.678915 36.290830 
0.160000 5.633103 0.594749 4.699647 -27.164799 1.675574 36.166150 
0.161000 5.605286 0.596461 4.736558 -27.256624 1.672225 36.040110 
0.162000 5.577352 0.598170 4.773365 -27.348054 1.668859 35.912500 
0.163000 5.549347 0.599875 4.810014 -27.438581 1.665485 35.783529 
0.164000 5.521228 0.601576 4.846557 -27.528664 1.662094 35.652989 
0.165000 5.493039 0.603274 4.882940 -27.617794 1.658696 35.521088 
0.166000 5.464738 0.604969 4.919213 -27.706430 1.655282 35.387624 
0.167000 5.436368 0.606660 4.955322 -27.794061 1.651862 35.252800 
0.168000 5.407887 0.608348 4.991320 -27.881149 1.648427 35.116419 
0.169000 5.379339 0.610032 5.027150 -27.967179 1.644987 34.978685 
0.170000 5.350683 0.611712 5.062866 -28.052616 1.641533 34.839403 
0.171000 5.321960 0.613389 5.098412 -28.136942 1.638074 34.698776 
0.172000 5.293131 0.615063 5.133840 -28.220625 1.634602 34.556612 
0.173000 5.264237 0.616733 5.169095 -28.303142 1.631127 34.413114 
0.174000 5.235239 0.618399 5.204229 -28.384967 1.627640 34.268095 
0.175000 5.206177 0.620062 5.239188 -28.465573 1.624150 34.121755 
0.176000 5.177014 0.621721 5.274023 -28.545435 1.620649 33.973912 
0.177000 5.147790 0.623377 5.308679 -28.624024 1.617148 33.824764 
0.178000 5.118466 0.625029 5.343209 -28.701821 1.613635 33.674132 
0.179000 5.089082 0.626678 5.377556 -28.778290 1.610123 33.522217 
0.180000 5.059602 0.628323 5.411776 -28.853917 1.606602 33.368841 
0.181000 5.030064 0.629964 5.445810 -28.928163 1.603082 33.214203 
0.182000 5.000432 0.631602 5.479713 -29.001518 1.599554 33.058131 
0.183000 4.970743 0.633236 5.513428 -29.073440 1.596029 32.900824 
0.184000 4.940964 0.634866 5.547009 -29.144422 1.592496 32.742111 
0.185000 4.911131 0.636493 5.580399 -29.213919 1.588968 32.582192 
0.186000 4.881210 0.638116 5.613653 -29.282429 1.585433 32.420899 
0.187000 4.851236 0.639736 5.646714 -29.349403 1.581904 32.258433 
0.188000 4.821178 0.641352 5.679636 -29.415343 1.578371 32.094627 
0.189000 4.791069 0.642964 5.712361 -29.479697 1.574843 31.929683 
0.190000 4.760879 0.644573 5.744945 -29.542973 1.571313 31.763436 
0.191000 4.730641 0.646178 5.777331 -29.604615 1.567790 31.596092 
0.192000 4.700325 0.647780 5.809573 -29.665134 1.564266 31.427483 
0.193000 4.669963 0.649378 5.841613 -29.723973 1.560750 31.257819 
0.194000 4.639527 0.650972 5.873508 -29.781647 1.557234 31.086934 
0.195000 4.609047 0.652563 5.905199 -29.837596 1.553728 30.915037 
0.196000 4.578496 0.654150 5.936743 -29.892341 1.550223 30.741965 
0.197000 4.547905 0.655734 5.968080 -29.945318 1.546730 30.567930 
0.198000 4.517246 0.657314 5.999267 -29.997052 1.543239 30.392765 
0.199000 4.486548 0.658890 6.030246 -30.046977 1.539761 30.216689 
0.200000 4.455787 0.660464 6.061073 -30.095625 1.536286 30.039534 
0.201000 4.424990 0.662033 6.091689 -30.142425 1.532826 29.861521 
0.202000 4.394133 0.663599 6.122152 -30.187914 1.529371 29.682480 
0.203000 4.363242 0.665161 6.152402 -30.231520 1.525932 29.502636 
0.204000 4.332296 0.666720 6.182498 -30.273784 1.522498 29.321820 
0.205000 4.301320 0.668275 6.212378 -30.314133 1.519082 29.140259 
0.206000 4.270291 0.669827 6.242102 -30.353111 1.515673 28.957781 
0.207000 4.239235 0.671375 6.271609 -30.390143 1.512283 28.774619 
0.208000 4.208130 0.672920 6.300958 -30.425780 1.508902 28.590597 
0.209000 4.177001 0.674462 6.330089 -30.459444 1.505541 28.405954 
0.210000 4.145828 0.676000 6.359061 -30.491691 1.502189 28.220510 
0.211000 4.114633 0.677534 6.387812 -30.521940 1.498859 28.034510 
0.212000 4.083398 0.679066 6.416403 -30.550752 1.495540 27.847768 
0.213000 4.052143 0.680593 6.444772 -30.577547 1.492244 27.660536 
0.214000 4.020854 0.682118 6.472981 -30.602888 1.488960 27.472624 
0.215000 3.989548 0.683639 6.500965 -30.626194 1.485701 27.284288 
0.216000 3.958210 0.685157 6.528789 -30.648034 1.482454 27.095335 
0.217000 3.926859 0.686671 6.556387 -30.667825 1.479233 26.906026 
0.218000 3.895481 0.688183 6.583823 -30.686139 1.476026 26.716163 
0.219000 3.864093 0.689690 6.611033 -30.702394 1.472847 26.526013 
0.220000 3.832682 0.691195 6.638080 -30.717165 1.469682 26.335372 
0.221000 3.801263 0.692696 6.664900 -30.729869 1.466546 26.144514 
0.222000 3.769826 0.694195 6.691556 -30.741087 1.463425 25.953228 
0.223000 3.738385 0.695690 6.717985 -30.750234 1.460334 25.761795 
0.224000 3.706929 0.697182 6.744250 -30.757894 1.457261 25.569998 
0.225000 3.675472 0.698670 6.770287 -30.763483 1.454217 25.378123 
0.226000 3.644005 0.700156 6.796159 -30.767588 1.451192 25.185947 
0.227000 3.612539 0.701639 6.821803 -30.769625 1.448198 24.993765 
0.228000 3.581068 0.703119 6.847282 -30.770183 1.445223 24.801343 
0.229000 3.549601 0.704595 6.872532 -30.768681 1.442281 24.608984 
0.230000 3.518133 0.706069 6.897618 -30.765707 1.439358 24.416447 
0.231000 3.486672 0.707539 6.922474 -30.760684 1.436469 24.224043 
0.232000 3.455214 0.709007 6.947166 -30.754201 1.433600 24.031522 
0.233000 3.423767 0.710471 6.971629 -30.745681 1.430765 23.839201 
0.234000 3.392326 0.711933 6.995928 -30.735716 1.427952 23.646823 
0.235000 3.360899 0.713392 7.019996 -30.723729 1.425174 23.454713 
0.236000 3.329483 0.714848 7.043902 -30.710315 1.422417 23.262604 
0.237000 3.298084 0.716301 7.067578 -30.694899 1.419696 23.070830 
0.238000 3.266699 0.717752 7.091092 -30.678075 1.416997 22.879113 
0.239000 3.235334 0.719200 7.114376 -30.659271 1.414335 22.687794 
0.240000 3.203988 0.720645 7.137498 -30.639081 1.411696 22.496590 
0.241000 3.172664 0.722087 7.160391 -30.616936 1.409094 22.305846 
0.242000 3.141363 0.723527 7.183123 -30.593429 1.406515 22.115270 
0.243000 3.110087 0.724964 7.205626 -30.567994 1.403974 21.925217 
0.244000 3.078839 0.726399 7.227969 -30.541224 1.401456 21.735382 
0.245000 3.047618 0.727831 7.250084 -30.512555 1.398976 21.546130 
0.246000 3.016427 0.729261 7.272040 -30.482580 1.396521 21.357145 
0.247000 2.985268 0.730687 7.293768 -30.450738 1.394104 21.168801 
0.248000 2.954143 0.732112 7.315340 -30.417620 1.391711 20.980772 
0.249000 2.923051 0.733534 7.336683 -30.382669 1.389356 20.793439 
0.250000 2.891997 0.734954 7.357871 -30.346473 1.387027 20.606466 
0.251000 2.860980 0.736371 7.378832 -30.308481 1.384736 20.420242 
0.252000 2.830004 0.737786 7.399639 -30.269278 1.382470 20.234422 
0.253000 2.799066 0.739199 7.420220 -30.228315 1.380243 20.049401 
0.254000 2.768174 0.740610 7.440649 -30.186176 1.378041 19.864824 
0.255000 2.737322 0.742017 7.460852 -30.142316 1.375879 19.681096 
0.256000 2.706520 0.743424 7.480905 -30.097316 1.373741 19.497850 
0.257000 2.675761 0.744827 7.500733 -30.050636 1.371642 19.315499 
0.258000 2.645054 0.746229 7.520413 -30.002851 1.369569 19.133665 
0.259000 2.614392 0.747629 7.539870 -29.953429 1.367535 18.952771 
0.260000 2.583786 0.749027 7.559180 -29.902940 1.365525 18.772427 
0.261000 2.553228 0.750422 7.578267 -29.850855 1.363555 18.593064 
0.262000 2.522729 0.751816 7.597210 -29.797742 1.361610 18.414283 
0.263000 2.492279 0.753207 7.615932 -29.743077 1.359704 18.236521 
0.264000 2.461891 0.754597 7.634512 -29.687422 1.357823 18.059369 
0.265000 2.431556 0.755984 7.652871 -29.630259 1.355980 17.883273 
0.266000 2.401285 0.757370 7.671091 -29.572145 1.354163 17.707815 
0.267000 2.371068 0.758754 7.689091 -29.512568 1.352384 17.533445 
0.268000 2.340919 0.760137 7.706954 -29.452079 1.350629 17.359737 
0.269000 2.310826 0.761517 7.724600 -29.390173 1.348914 17.187150 
0.270000 2.280804 0.762896 7.742109 -29.327393 1.347222 17.015245 
0.271000 2.250839 0.764272 7.759403 -29.263241 1.345568 16.844491 
0.272000 2.220948 0.765648 7.776563 -29.198255 1.343939 16.674438 
0.273000 2.191116 0.767021 7.793509 -29.131943 1.342347 16.505563 
0.274000 2.161361 0.768394 7.810324 -29.064836 1.340779 16.337407 
0.275000 2.131666 0.769764 7.826926 -28.996447 1.339249 16.170453 
0.276000 2.102051 0.771133 7.843400 -28.927303 1.337742 16.004233 
0.277000 2.072498 0.772500 7.859662 -28.856922 1.336272 15.839236 
0.278000 2.043026 0.773866 7.875797 -28.785824 1.334825 15.674988 
0.279000 2.013618 0.775230 7.891724 -28.713535 1.333415 15.511983 
0.280000 1.984295 0.776594 7.907526 -28.640566 1.332028 15.349737 
0.281000 1.955036 0.777955 7.923120 -28.566451 1.330677 15.188753 
0.282000 1.925864 0.779315 7.938594 -28.491694 1.329347 15.028537 
0.283000 1.896759 0.780674 7.953860 -28.415835 1.328055 14.869599 
0.284000 1.867742 0.782032 7.969008 -28.339370 1.326783 14.711437 
0.285000 1.838793 0.783388 7.983951 -28.261848 1.325548 14.554566 
0.286000 1.809934 0.784743 7.998778 -28.183755 1.324333 14.398476 
0.287000 1.781145 0.786096 8.013402 -28.104649 1.323154 14.243691 
0.288000 1.752448 0.787449 8.027913 -28.025007 1.321994 14.089690 
0.289000 1.723822 0.788800 8.042222 -27.944394 1.320871 13.937004 
0.290000 1.695290 0.790151 8.056420 -27.863281 1.319766 13.785106 
0.291000 1.666830 0.791500 8.070418 -27.781238 1.318697 13.634531 
0.292000 1.638466 0.792849 8.084308 -27.698728 1.317646 13.484744 
0.293000 1.610174 0.794195 8.098000 -27.615330 1.316630 13.336287 
0.294000 1.581981 0.795542 8.111587 -27.531498 1.315632 13.188619 
0.295000 1.553860 0.796886 8.124976 -27.446817 1.314668 13.042286 
0.296000 1.525840 0.798231 8.138264 -27.361735 1.313722 12.896740 
0.297000 1.497894 0.799573 8.151356 -27.275843 1.312809 12.752533 
0.298000 1.470050 0.800916 8.164348 -27.189581 1.311914 12.609110 
0.299000 1.442280 0.802257 8.177147 -27.102548 1.311051 12.467028 
0.300000 1.414614 0.803598 8.189848 -27.015175 1.310205 12.325727 
0.301000 1.387022 0.804937 8.202358 -26.927068 1.309391 12.185768 
0.302000 1.359536 0.806276 8.214773 -26.838650 1.308594 12.046584 
0.303000 1.332126 0.807613 8.226998 -26.749535 1.307828 11.908744 
0.304000 1.304822 0.808951 8.239132 -26.660136 1.307079 11.771672 
0.305000 1.277595 0.810287 8.251076 -26.570077 1.306360 11.635942 
0.306000 1.250475 0.811623 8.262932 -26.479761 1.305656 11.500973 
0.307000 1.223432 0.812957 8.274601 -26.388820 1.304983 11.367344 
0.308000 1.196499 0.814292 8.286183 -26.297647 1.304325 11.234469 
0.309000 1.169642 0.815625 8.297580 -26.205883 1.303697 11.102930 
0.310000 1.142897 0.816959 8.308894 -26.113912 1.303083 10.972137 
0.311000 1.116228 0.818291 8.320023 -26.021383 1.302498 10.842676 
0.312000 1.089672 0.819623 8.331071 -25.928672 1.301927 10.713950 
0.313000 1.063193 0.820954 8.341937 -25.835433 1.301385 10.586552 
0.314000 1.036827 0.822285 8.352725 -25.742036 1.300857 10.459880 
0.315000 1.010540 0.823614 8.363332 -25.648142 1.300356 10.334529 
0.316000 0.984366 0.824945 8.373864 -25.554111 1.299868 10.209893 
0.317000 0.958271 0.826273 8.384216 -25.459614 1.299408 10.086573 
0.318000 0.932290 0.827602 8.394495 -25.365001 1.298960 9.963956 
0.319000 0.906389 0.828930 8.404596 -25.269951 1.298539 9.842647 
0.320000 0.880603 0.830259 8.414628 -25.174805 1.298130 9.722031 
0.321000 0.854895 0.831585 8.424482 -25.079250 1.297748 9.602715 
0.322000 0.829305 0.832913 8.434269 -24.983617 1.297377 9.484079 
0.323000 0.803793 0.834239 8.443881 -24.887603 1.297032 9.366734 
0.324000 0.778399 0.835566 8.453428 -24.791530 1.296698 9.250058 
0.325000 0.753084 0.836891 8.462801 -24.695102 1.296389 9.134665 
0.326000 0.727887 0.838218 8.472112 -24.598632 1.296091 9.019927 
0.327000 0.702770 0.839542 8.481251 -24.501831 1.295817 8.906462 
0.328000 0.677771 0.840868 8.490330 -24.405006 1.295554 8.793640 
0.329000 0.652851 0.842192 8.499237 -24.307874 1.295315 8.682081 
0.330000 0.628051 0.843518 8.508088 -24.210734 1.295085 8.571151 
0.331000 0.603330 0.844841 8.516769 -24.113310 1.294879 8.461475 
0.332000 0.578729 0.846166 8.525396 -24.015893 1.294683 8.352415 
0.333000 0.554207 0.847490 8.533853 -23.918215 1.294510 8.244597 
0.334000 0.529806 0.848814 8.542260 -23.820557 1.294346 8.137382 
0.335000 0.505484 0.850137 8.550498 -23.722660 1.294204 8.031399 
0.336000 0.481283 0.851461 8.558687 -23.624797 1.294071 7.926005 
0.337000 0.457161 0.852784 8.566710 -23.526715 1.293960 7.821831 
0.338000 0.433161 0.854108 8.574686 -23.428680 1.293857 7.718233 
0.339000 0.409240 0.855430 8.582497 -23.330447 1.293775 7.615844 
0.340000 0.385440 0.856754 8.590264 -23.232272 1.293702 7.514017 
0.341000 0.361720 0.858077 8.597866 -23.133918 1.293650 7.413387 
0.342000 0.338121 0.859400 8.605427 -23.035634 1.293604 7.313305 
0.343000 0.314602 0.860723 8.612825 -22.937189 1.293580 7.214409 
0.344000 0.291205 0.862046 8.620184 -22.838824 1.293563 7.116048 
0.345000 0.267887 0.863368 8.627380 -22.740317 1.293566 7.018860 
0.346000 0.244692 0.864692 8.634540 -22.641899 1.293575 6.922193 
0.347000 0.221575 0.866014 8.641539 -22.543356 1.293605 6.826688 
0.348000 0.198581 0.867338 8.648504 -22.444911 1.293640 6.731690 
0.349000 0.175665 0.868660 8.655308 -22.346358 1.293695 6.637841 
0.350000 0.152873 0.869984 8.662081 -22.247913 1.293756 6.544486 
0.351000 0.130159 0.871307 8.668695 -22.149374 1.293836 6.452268 
0.352000 0.107568 0.872631 8.675279 -22.050950 1.293922 6.360531 
0.353000 0.085055 0.873953 8.681705 -21.952449 1.294026 6.269918 
0.354000 0.062666 0.875277 8.688103 -21.854070 1.294135 6.179773 
0.355000 0.040355 0.876600 8.694345 -21.755628 1.294262 6.090740 
0.356000 0.018167 0.877925 8.700561 -21.657316 1.294395 6.002160 
0.357000 -0.003944 0.879248 8.706622 -21.558954 1.294545 5.914682 
0.358000 -0.025931 0.880573 8.712659 -21.460729 1.294699 5.827643 
0.359000 -0.047840 0.881896 8.718542 -21.362467 1.294872 5.741693 
0.360000 -0.069626 0.883221 8.724404 -21.264347 1.295048 5.656169 
0.361000 -0.091335 0.884545 8.730111 -21.166203 1.295241 5.571722 
0.362000 -0.112920 0.885871 8.735800 -21.068208 1.295439 5.487690 
0.363000 -0.134428 0.887195 8.741336 -20.970201 1.295653 5.404721 
0.364000 -0.155813 0.888521 8.746855 -20.872346 1.295871 5.322154 
0.365000 -0.177121 0.889845 8.752222 -20.774492 1.296105 5.240638 
0.366000 -0.198305 0.891172 8.757574 -20.676795 1.296343 5.159512 
0.367000 -0.219414 0.892497 8.762775 -20.579109 1.296596 5.079425 
0.368000 -0.240398 0.893824 8.767964 -20.481585 1.296853 4.999715 
0.369000 -0.261307 0.895150 8.773002 -20.384083 1.297125 4.921032 
0.370000 -0.282093 0.896477 8.778030 -20.286746 1.297401 4.842714 
0.371000 -0.302802 0.897803 8.782907 -20.189441 1.297691 4.765411 
0.372000 -0.323389 0.899131 8.787777 -20.092306 1.297984 4.688461 
0.373000 -0.343900 0.900458 8.792497 -19.995212 1.298293 4.612515 
0.374000 -0.364287 0.901787 8.797211 -19.898290 1.298603 4.536909 
0.375000 -0.384600 0.903114 8.801777 -19.801419 1.298929 4.462295 
0.376000 -0.404790 0.904444 8.806339 -19.704723 1.299256 4.388010 
0.377000 -0.424905 0.905772 8.810752 -19.608086 1.299598 4.314706 
0.378000 -0.444896 0.907102 8.815164 -19.511628 1.299942 4.241719 
0.379000 -0.464814 0.908431 8.819428 -19.415237 1.300300 4.169701 
0.380000 -0.484609 0.909762 8.823693 -19.319026 1.300660 4.097988 
0.381000 -0.504330 0.911091 8.827810 -19.222891 1.301033 4.027234 
0.382000 -0.523928 0.912423 8.831930 -19.126938 1.301408 3.956774 
0.383000 -0.543453 0.913753 8.835904 -19.031069 1.301797 3.887261 
0.384000 -0.562854 0.915086 8.839881 -18.935383 1.302187 3.818032 
0.385000 -0.582183 0.916417 8.843713 -18.839788 1.302590 3.749739 
0.386000 -0.601390 0.917750 8.847551 -18.744377 1.302994 3.681718 
0.387000 -0.620524 0.919082 8.851244 -18.649065 1.303411 3.614622 
0.388000 -0.639535 0.920416 8.854945 -18.553939 1.303830 3.547788 
0.389000 -0.658474 0.921749 8.858501 -18.458917 1.304261 3.481868 
0.390000 -0.677291 0.923084 8.862067 -18.364082 1.304692 3.416201 
0.391000 -0.696037 0.924417 8.865488 -18.269359 1.305136 3.351436 
0.392000 -0.714660 0.925753 8.868922 -18.174822 1.305581 3.286914 
0.393000 -0.733212 0.927088 8.872211 -18.080403 1.306038 3.223284 
0.394000 -0.751642 0.928425 8.875515 -17.986171 1.306496 3.159886 
0.395000 -0.770001 0.929760 8.878675 -17.892062 1.306965 3.097370 
0.396000 -0.788239 0.931098 8.881850 -17.798142 1.307435 3.035077 
0.397000 -0.806406 0.932435 8.884883 -17.704350 1.307916 2.973656 
0.398000 -0.824452 0.933773 8.887933 -17.610745 1.308398 2.912448 
0.399000 -0.842427 0.935111 8.890840 -17.517275 1.308891 2.852101 
0.400000 -0.860282 0.936450 8.893766 -17.423992 1.309384 2.791958 
0.401000 -0.878067 0.937789 8.896551 -17.330848 1.309888 2.732666 
0.402000 -0.895731 0.939130 8.899356 -17.237892 1.310392 2.673570 
0.403000 -0.913326 0.940469 8.902019 -17.145079 1.310907 2.615315 
0.404000 -0.930800 0.941811 8.904705 -17.052453 1.311422 2.557245 
0.405000 -0.948205 0.943152 8.907250 -16.959976 1.311948 2.500008 
0.406000 -0.965490 0.944495 8.909819 -16.867685 1.312473 2.442948 
0.407000 -0.982707 0.945836 8.912247 -16.775546 1.313009 2.386710 
0.408000 -0.999803 0.947180 8.914701 -16.683592 1.313545 2.330642 
0.409000 -1.016832 0.948523 8.917014 -16.591796 1.314090 2.275385 
0.410000 -1.033741 0.949868 8.919355 -16.500184 1.314636 2.220290 
0.411000 -1.050582 0.951212 8.921555 -16.408732 1.315191 2.165998 
0.412000 -1.067303 0.952558 8.923785 -16.317464 1.315746 2.111858 
0.413000 -1.083958 0.953903 8.925875 -16.226360 1.316310 2.058513 
0.414000 -1.100493 0.955251 8.927996 -16.135439 1.316874 2.005312 
0.415000 -1.116962 0.956597 8.929977 -16.044685 1.317448 1.952897 
0.416000 -1.133311 0.957945 8.931990 -15.954113 1.318021 1.900618 
0.417000 -1.149595 0.959293 8.933864 -15.863711 1.318603 1.849116 
0.418000 -1.165759 0.960643 8.935772 -15.773490 1.319184 1.797743 
0.419000 -1.181858 0.961991 8.937541 -15.683443 1.319775 1.747138 
0.420000 -1.197839 0.963342 8.939346 -15.593574 1.320364 1.696654 
0.421000 -1.213753 0.964692 8.941012 -15.503882 1.320963 1.646930 
0.422000 -1.229551 0.966044 8.942715 -15.414368 1.321561 1.597321 
0.423000 -1.245282 0.967395 8.944279 -15.325033 1.322168 1.548462 
0.424000 -1.260897 0.968748 8.945882 -15.235874 1.322773 1.499711 
0.425000 -1.276446 0.970101 8.947347 -15.146897 1.323387 1.451702 
0.426000 -1.291879 0.971455 8.948851 -15.058094 1.324000 1.403794 
0.427000 -1.307246 0.972809 8.950218 -14.969476 1.324622 1.356620 
0.428000 -1.322498 0.974165 8.951626 -14.881030 1.325242 1.309541 
0.429000 -1.337684 0.975519 8.952896 -14.792772 1.325871 1.263187 
0.430000 -1.352755 0.976877 8.954210 -14.704684 1.326498 1.216921 
0.431000 -1.367762 0.978233 8.955386 -14.616785 1.327134 1.171374 
0.432000 -1.382653 0.979591 8.956606 -14.529055 1.327768 1.125907 
0.433000 -1.397480 0.980948 8.957689 -14.441517 1.328411 1.081151 
0.434000 -1.412192 0.982308 8.958817 -14.354146 1.329052 1.036470 
0.435000 -1.426840 0.983667 8.959809 -14.266967 1.329700 0.992492 
0.436000 -1.441374 0.985028 8.960847 -14.179954 1.330348 0.948583 
0.437000 -1.455844 0.986388 8.961749 -14.093136 1.331003 0.905369 
0.438000 -1.470200 0.987751 8.962699 -14.006481 1.331656 0.862218 
0.439000 -1.484493 0.989112 8.963512 -13.920023 1.332317 0.819755 
0.440000 -1.498673 0.990476 8.964376 -13.833727 1.332977 0.777349 
0.441000 -1.512789 0.991838 8.965102 -13.747628 1.333644 0.735624 
0.442000 -1.526792 0.993204 8.965881 -13.661689 1.334309 0.693951 
0.443000 -1.540733 0.994568 8.966522 -13.575949 1.334982 0.652951 
0.444000 -1.554561 0.995934 8.967216 -13.490367 1.335653 0.611998 
0.445000 -1.568327 0.997300 8.967774 -13.404986 1.336331 0.571711 
0.446000 -1.581980 0.998668 8.968386 -13.319759 1.337007 0.531464 
0.447000 -1.595571 1.000034 8.968861 -13.234736 1.337691 0.491878 
0.448000 -1.609050 1.001404 8.969392 -13.149865 1.338373 0.452326 
0.449000 -1.622468 1.002772 8.969786 -13.065198 1.339061 0.413428 
0.450000 -1.635774 1.004143 8.970237 -12.980682 1.339748 0.374561 
0.451000 -1.649019 1.005512 8.970552 -12.896370 1.340442 0.336339 
0.452000 -1.662153 1.006884 8.970925 -12.812207 1.341133 0.298143 
0.453000 -1.675226 1.008255 8.971162 -12.728250 1.341832 0.260587 
0.454000 -1.688188 1.009629 8.971458 -12.644440 1.342528 0.223052 
0.455000 -1.701089 1.011001 8.971618 -12.560836 1.343232 0.186150 
0.456000 -1.713880 1.012377 8.971839 -12.477376 1.343933 0.149263 
0.457000 -1.726610 1.013750 8.971923 -12.394125 1.344640 0.113004 
0.458000 -1.739231 1.015127 8.972070 -12.311015 1.345346 0.076756 
0.459000 -1.751792 1.016502 8.972080 -12.228114 1.346058 0.041130 
0.460000 -1.764243 1.017880 8.972154 -12.145352 1.346768 0.005509 
0.461000 -1.776634 1.019257 8.972092 -12.062800 1.347484 -0.029496 
0.462000 -1.788916 1.020636 8.972094 -11.980385 1.348199 -0.064499 
0.463000 -1.801139 1.022015 8.971960 -11.898180 1.348919 -0.098893 
0.464000 -1.813253 1.023395 8.971892 -11.816110 1.349637 -0.133288 
0.465000 -1.825308 1.024775 8.971687 -11.734251 1.350362 -0.167081 
0.466000 -1.837255 1.026158 8.971550 -11.652525 1.351084 -0.200880 
0.467000 -1.849142 1.027539 8.971276 -11.571010 1.351812 -0.234082 
0.468000 -1.860922 1.028923 8.971071 -11.489625 1.352538 -0.267293 
0.469000 -1.872644 1.030305 8.970730 -11.408453 1.353270 -0.299913 
0.470000 -1.884257 1.031691 8.970458 -11.327408 1.354000 -0.332547 
0.471000 -1.895813 1.033075 8.970049 -11.246576 1.354736 -0.364595 
0.472000 -1.907261 1.034462 8.969712 -11.165870 1.355469 -0.396661 
0.473000 -1.918652 1.035847 8.969238 -11.085377 1.356208 -0.428146 
0.474000 -1.929936 1.037236 8.968836 -11.005007 1.356945 -0.459652 
0.475000 -1.941162 1.038623 8.968298 -10.924850 1.357687 -0.490584 
0.476000 -1.952282 1.040013 8.967833 -10.844814 1.358428 -0.521541 
0.477000 -1.963344 1.041401 8.967231 -10.764992 1.359173 -0.551928 
0.478000 -1.974301 1.042793 8.966704 -10.685289 1.359917 -0.582343 
0.479000 -1.985200 1.044183 8.966040 -10.605800 1.360666 -0.612194 
0.480000 -1.995994 1.045576 8.965452 -10.526427 1.361412 -0.642077 
0.481000 -2.006731 1.046968 8.964727 -10.447268 1.362164 -0.671400 
0.482000 -2.017363 1.048362 8.964078 -10.368224 1.362914 -0.700759 
0.483000 -2.027938 1.049755 8.963293 -10.289394 1.363669 -0.729563 
0.484000 -2.038409 1.051151 8.962586 -10.210675 1.364422 -0.758406 
0.485000 -2.048824 1.052546 8.961742 -10.132171 1.365179 -0.786700 
0.486000 -2.059134 1.053944 8.960977 -10.053777 1.365935 -0.815035 
0.487000 -2.069388 1.055340 8.960075 -9.975598 1.366696 -0.842826 
0.488000 -2.079538 1.056739 8.959253 -9.897525 1.367454 -0.870661 
0.489000 -2.089632 1.058137 8.958294 -9.819668 1.368217 -0.897957 
0.490000 -2.099624 1.059538 8.957416 -9.741915 1.368978 -0.925300 
0.491000 -2.109559 1.060937 8.956401 -9.664377 1.369744 -0.952109 
0.492000 -2.119391 1.062339 8.955469 -9.586942 1.370508 -0.978968 
0.493000 -2.129168 1.063740 8.954399 -9.509722 1.371276 -1.005296 
0.494000 -2.138843 1.065144 8.953413 -9.432602 1.372042 -1.031678 
0.495000 -2.148462 1.066547 8.952289 -9.355697 1.372813 -1.057535 
0.496000 -2.157979 1.067952 8.951249 -9.278890 1.373582 -1.083447 
0.497000 -2.167441 1.069356 8.950073 -9.202298 1.374355 -1.108838 
0.498000 -2.176802 1.070763 8.948981 -9.125802 1.375126 -1.134288 
0.499000 -2.186107 1.072169 8.947753 -9.049521 1.375902 -1.159221 
0.500000 -2.195312 1.073578 8.946610 -8.973333 1.376675 -1.184215 
0.501000 -2.204462 1.074985 8.945330 -8.897360 1.377453 -1.208697 
0.502000 -2.213511 1.076395 8.944138 -8.821479 1.378228 -1.233242 
0.503000 -2.222505 1.077804 8.942808 -8.745812 1.379009 -1.257280 
0.504000 -2.231400 1.079216 8.941566 -8.670234 1.379786 -1.281384 
0.505000 -2.240239 1.080626 8.940187 -8.594871 1.380568 -1.304983 
0.506000 -2.248980 1.082040 8.938897 -8.519595 1.381348 -1.328651 
0.507000 -2.257666 1.083452 8.937469 -8.444533 1.382132 -1.351820 
0.508000 -2.266252 1.084867 8.936132 -8.369556 1.382914 -1.375059 
0.509000 -2.274785 1.086280 8.934657 -8.294793 1.383700 -1.397803 
0.510000 -2.283219 1.087697 8.933273 -8.220113 1.384484 -1.420619 
0.511000 -2.291599 1.089112 8.931751 -8.145647 1.385272 -1.442944 
0.512000 -2.299880 1.090530 8.930322 -8.071261 1.386058 -1.465344 
0.513000 -2.308108 1.091947 8.928754 -7.997089 1.386848 -1.487257 
0.514000 -2.316237 1.093367 8.927279 -7.922996 1.387635 -1.509246 
0.515000 -2.324314 1.094786 8.925667 -7.849115 1.388427 -1.530752 
0.516000 -2.332292 1.096207 8.924148 -7.775312 1.389217 -1.552337 
0.517000 -2.340217 1.097627 8.922491 -7.701721 1.390010 -1.573442 
0.518000 -2.348046 1.099050 8.920930 -7.628204 1.390801 -1.594628 
0.519000 -2.355820 1.100472 8.919230 -7.554901 1.391596 -1.615338 
0.520000 -2.363499 1.101897 8.917626 -7.481669 1.392389 -1.636131 
0.521000 -2.371124 1.103320 8.915883 -7.408650 1.393186 -1.656452 
0.522000 -2.378652 1.104746 8.914238 -7.335702 1.393981 -1.676857 
0.523000 -2.386128 1.106171 8.912453 -7.262965 1.394779 -1.696794 
0.524000 -2.393508 1.107599 8.910767 -7.190296 1.395575 -1.716817 
0.525000 -2.400835 1.109026 8.908942 -7.117840 1.396375 -1.736375 
0.526000 -2.408067 1.110455 8.907216 -7.045449 1.397173 -1.756022 
0.527000 -2.415246 1.111884 8.905350 -6.973270 1.397974 -1.775207 
0.528000 -2.422330 1.113315 8.903585 -6.901155 1.398774 -1.794482 
0.529000 -2.429362 1.114745 8.901679 -6.829251 1.399577 -1.813299 
0.530000 -2.436299 1.116178 8.899876 -6.757409 1.400377 -1.832207 
0.531000 -2.443184 1.117609 8.897932 -6.685778 1.401182 -1.850661 
0.532000 -2.449974 1.119044 8.896090 -6.614207 1.401984 -1.869208 
0.533000 -2.456713 1.120477 8.894108 -6.542846 1.402790 -1.887304 
0.534000 -2.463357 1.121913 8.892230 -6.471544 1.403593 -1.905495 
0.535000 -2.469950 1.123348 8.890211 -6.400451 1.404400 -1.923237 
0.536000 -2.476449 1.124786 8.888296 -6.329415 1.405205 -1.941076 
0.537000 -2.482896 1.126222 8.886240 -6.258588 1.406013 -1.958470 
0.538000 -2.489250 1.127661 8.884290 -6.187815 1.406820 -1.975962 
0.539000 -2.495553 1.129099 8.882199 -6.117252 1.407629 -1.993013 
0.540000 -2.501763 1.130541 8.880214 -6.046741 1.408437 -2.010162 
0.541000 -2.507921 1.131980 8.878087 -5.976438 1.409248 -2.026873 
0.542000 -2.513987 1.133423 8.876068 -5.906186 1.410056 -2.043684 
0.543000 -2.520002 1.134864 8.873907 -5.836143 1.410869 -2.060061 
0.544000 -2.525925 1.136309 8.871854 -5.766148 1.411678 -2.076538 
0.545000 -2.531796 1.137752 8.869660 -5.696360 1.412492 -2.092584 
0.546000 -2.537576 1.139198 8.867574 -5.626620 1.413303 -2.108733 
0.547000 -2.543305 1.140643 8.865346 -5.557086 1.414117 -2.124453 
0.548000 -2.548943 1.142091 8.863228 -5.487598 1.414930 -2.140276 
0.549000 -2.554529 1.143537 8.860968 -5.418316 1.415745 -2.155674 
0.550000 -2.560025 1.144986 8.858819 -5.349078 1.416559 -2.171177 
0.551000 -2.565470 1.146434 8.856527 -5.280046 1.417375 -2.186257 
0.552000 -2.570825 1.147885 8.854347 -5.211055 1.418190 -2.201443 
0.553000 -2.576129 1.149335 8.852025 -5.142271 1.419007 -2.216210 
0.554000 -2.581343 1.150788 8.849814 -5.073525 1.419823 -2.231083 
0.555000 -2.586507 1.152239 8.847461 -5.004985 1.420642 -2.245540 
0.556000 -2.591581 1.153694 8.845221 -4.936483 1.421458 -2.260104 
0.557000 -2.596604 1.155147 8.842838 -4.868186 1.422278 -2.274255 
0.558000 -2.601538 1.156603 8.840569 -4.799925 1.423096 -2.288514 
0.559000 -2.606422 1.158058 8.838157 -4.731868 1.423916 -2.302362 
0.560000 -2.611217 1.159515 8.835860 -4.663845 1.424735 -2.316321 
0.561000 -2.615961 1.160972 8.833419 -4.596027 1.425557 -2.329870 
0.562000 -2.620618 1.162431 8.831094 -4.528241 1.426376 -2.343531 
0.563000 -2.625223 1.163889 8.828626 -4.460658 1.427199 -2.356786 
0.564000 -2.629742 1.165351 8.826274 -4.393106 1.428019 -2.370153 
0.565000 -2.634209 1.166810 8.823778 -4.325757 1.428843 -2.383116 
0.566000 -2.638590 1.168273 8.821399 -4.258438 1.429664 -2.396192 
0.567000 -2.642919 1.169735 8.818877 -4.191320 1.430489 -2.408868 
0.568000 -2.647163 1.171199 8.816472 -4.124230 1.431311 -2.421657 
0.569000 -2.651355 1.172662 8.813923 -4.057342 1.432137 -2.434049 
0.570000 -2.655462 1.174128 8.811493 -3.990480 1.432960 -2.446554 
0.571000 -2.659518 1.175593 8.808919 -3.923819 1.433786 -2.458664 
0.572000 -2.663488 1.177061 8.806464 -3.857183 1.434610 -2.470890 
0.573000 -2.667407 1.178528 8.803865 -3.790747 1.435437 -2.482722 
0.574000 -2.671241 1.179997 8.801386 -3.724334 1.436262 -2.494670 
0.575000 -2.675025 1.181465 8.798762 -3.658121 1.437090 -2.506228 
0.576000 -2.678724 1.182937 8.796260 -3.591929 1.437916 -2.517902 
0.577000 -2.682372 1.184406 8.793612 -3.525936 1.438745 -2.529188 
0.578000 -2.685936 1.185879 8.791087 -3.459964 1.439571 -2.540592 
0.579000 -2.689449 1.187351 8.788416 -3.394190 1.440401 -2.551610 
0.580000 -2.692878 1.188826 8.785868 -3.328435 1.441228 -2.562745 
0.581000 -2.696257 1.190299 8.783174 -3.262878 1.442058 -2.573498 
0.582000 -2.699552 1.191775 8.780604 -3.197337 1.442887 -2.584369 
0.583000 -2.702797 1.193250 8.777888 -3.131994 1.443718 -2.594859 
0.584000 -2.705959 1.194728 8.775296 -3.066667 1.444547 -2.605468 
0.585000 -2.709070 1.196205 8.772558 -3.001536 1.445379 -2.615698 
0.586000 -2.712098 1.197685 8.769946 -2.936420 1.446208 -2.626048 
0.587000 -2.715076 1.199163 8.767187 -2.871499 1.447041 -2.636022 
0.588000 -2.717971 1.200645 8.764554 -2.806592 1.447871 -2.646116 
0.589000 -2.720817 1.202125 8.761775 -2.741880 1.448705 -2.655836 
0.590000 -2.723580 1.203608 8.759122 -2.677179 1.449536 -2.665676 
0.591000 -2.726293 1.205090 8.756322 -2.612673 1.450370 -2.675145 
0.592000 -2.728924 1.206574 8.753650 -2.548177 1.451202 -2.684735 
0.593000 -2.731505 1.208058 8.750831 -2.483875 1.452037 -2.693955 
0.594000 -2.734004 1.209544 8.748140 -2.419582 1.452869 -2.703296 
0.595000 -2.736454 1.211030 8.745301 -2.355482 1.453705 -2.712271 
0.596000 -2.738822 1.212518 8.742592 -2.291389 1.454538 -2.721367 
0.597000 -2.741141 1.214005 8.739735 -2.227490 1.455374 -2.730097 
0.598000 -2.743378 1.215495 8.737008 -2.163596 1.456208 -2.738950 
0.599000 -2.745566 1.216983 8.734133 -2.099895 1.457045 -2.747440 
0.600000 -2.747674 1.218475 8.731388 -2.036198 1.457880 -2.756053 
0.601000 -2.749731 1.219965 8.728495 -1.972693 1.458717 -2.764304 
0.602000 -2.751709 1.221459 8.725734 -1.909191 1.459553 -2.772678 
0.603000 -2.753636 1.222951 8.722824 -1.845881 1.460391 -2.780694 
0.604000 -2.755484 1.224446 8.720046 -1.782572 1.461227 -2.788832 
0.605000 -2.757282 1.225939 8.717120 -1.719454 1.462066 -2.796614 
0.606000 -2.759001 1.227436 8.714326 -1.656336 1.462903 -2.804519 
0.607000 -2.760670 1.228932 8.711383 -1.593408 1.463742 -2.812069 
0.608000 -2.762260 1.230430 8.708574 -1.530479 1.464580 -2.819743 
0.609000 -2.763801 1.231927 8.705616 -1.467740 1.465420 -2.827064 
0.610000 -2.765263 1.233428 8.702791 -1.404998 1.466258 -2.834509 
0.611000 -2.766674 1.234927 8.699818 -1.342446 1.467099 -2.841603 
0.612000 -2.768008 1.236429 8.696979 -1.279890 1.467938 -2.848821 
0.613000 -2.769292 1.237929 8.693991 -1.217522 1.468779 -2.855690 
0.614000 -2.770499 1.239433 8.691138 -1.155149 1.469619 -2.862684 
0.615000 -2.771655 1.240935 8.688135 -1.092965 1.470461 -2.869330 
0.616000 -2.772734 1.242441 8.685269 -1.030774 1.471301 -2.876102 
0.617000 -2.773763 1.243945 8.682253 -0.968770 1.472144 -2.882527 
0.618000 -2.774716 1.245452 8.679373 -0.906759 1.472985 -2.889078 
0.619000 -2.775618 1.246957 8.676343 -0.844934 1.473828 -2.895285 
0.620000 -2.776444 1.248466 8.673451 -0.783102 1.474669 -2.901617 
0.621000 -2.777220 1.249974 8.670408 -0.721454 1.475513 -2.907608 
0.622000 -2.777920 1.251484 8.667504 -0.659798 1.476355 -2.913723 
0.623000 -2.778569 1.252994 8.664448 -0.598326 1.477200 -2.919499 
0.624000 -2.779144 1.254506 8.661532 -0.536844 1.478043 -2.925400 
0.625000 -2.779668 1.256017 8.658465 -0.475547 1.478888 -2.930963 
0.626000 -2.780116 1.257531 8.655537 -0.414237 1.479731 -2.936651 
0.627000 -2.780515 1.259043 8.652458 -0.353111 1.480577 -2.942003 
0.628000 -2.780839 1.260559 8.649519 -0.291973 1.481421 -2.947480 
0.629000 -2.781112 1.262074 8.646429 -0.231018 1.482267 -2.952623 
0.630000 -2.781311 1.263591 8.643480 -0.170048 1.483112 -2.957891 
0.631000 -2.781460 1.265107 8.640379 -0.109262 1.483959 -2.962826 
0.632000 -2.781535 1.266626 8.637420 -0.048460 1.484804 -2.967887 
0.633000 -2.781559 1.268144 8.634308 0.012160 1.485652 -2.972617 
0.634000 -2.781510 1.269665 8.631340 0.072796 1.486498 -2.977472 
0.635000 -2.781410 1.271185 8.628218 0.133251 1.487346 -2.981998 
0.636000 -2.781237 1.272708 8.625240 0.193723 1.488193 -2.986649 
0.637000 -2.781014 1.274229 8.622109 0.254014 1.489042 -2.990972 
0.638000 -2.780718 1.275753 8.619122 0.314324 1.489889 -2.995421 
0.639000 -2.780371 1.277276 8.615982 0.374454 1.490738 -2.999543 
0.640000 -2.779952 1.278802 8.612987 0.434603 1.491586 -3.003792 
0.641000 -2.779482 1.280327 8.609838 0.494572 1.492436 -3.007715 
0.642000 -2.778940 1.281855 8.606835 0.554563 1.493285 -3.011764 
0.643000 -2.778348 1.283381 8.603678 0.614374 1.494135 -3.015490 
0.644000 -2.777683 1.284911 8.600667 0.674206 1.494984 -3.019341 
0.645000 -2.776969 1.286439 8.597502 0.733861 1.495836 -3.022871 
0.646000 -2.776182 1.287971 8.594484 0.793538 1.496686 -3.026526 
0.647000 -2.775345 1.289501 8.591312 0.853037 1.497538 -3.029861 
0.648000 -2.774438 1.291034 8.588287 0.912560 1.498388 -3.033321 
0.649000 -2.773479 1.292566 8.585107 0.971906 1.499241 -3.036463 
0.650000 -2.772450 1.294101 8.582076 1.031276 1.500092 -3.039730 
0.651000 -2.771370 1.295634 8.578890 1.090470 1.500945 -3.042681 
0.652000 -2.770219 1.297171 8.575852 1.149690 1.501796 -3.045756 
0.653000 -2.769018 1.298706 8.572660 1.208734 1.502650 -3.048516 
0.654000 -2.767747 1.300244 8.569617 1.267804 1.503503 -3.051401 
0.655000 -2.766425 1.301781 8.566418 1.326699 1.504357 -3.053971 
0.656000 -2.765033 1.303321 8.563370 1.385621 1.505210 -3.056667 
0.657000 -2.763591 1.304860 8.560166 1.444369 1.506065 -3.059050 
0.658000 -2.762079 1.306402 8.557113 1.503145 1.506919 -3.061558 
0.659000 -2.760516 1.307942 8.553904 1.561748 1.507775 -3.063754 
0.660000 -2.758884 1.309486 8.550846 1.620379 1.508629 -3.066076 
0.661000 -2.757202 1.311028 8.547633 1.678838 1.509486 -3.068087 
0.662000 -2.755450 1.312573 8.544571 1.737326 1.510340 -3.070223 
0.663000 -2.753648 1.314117 8.541353 1.795642 1.511198 -3.072050 
0.664000 -2.751778 1.315664 8.538287 1.853989 1.512053 -3.074002 
0.665000 -2.749856 1.317210 8.535065 1.912164 1.512911 -3.075647 
0.666000 -2.747866 1.318759 8.531996 1.970371 1.513767 -3.077415 
0.667000 -2.745826 1.320306 8.528770 2.028406 1.514626 -3.078878 
0.668000 -2.743717 1.321857 8.525698 2.086475 1.515483 -3.080465 
0.669000 -2.741558 1.323406 8.522470 2.144372 1.516342 -3.081748 
0.670000 -2.739331 1.324959 8.519395 2.202303 1.517200 -3.083154 
0.671000 -2.737053 1.326509 8.516163 2.260064 1.518059 -3.084257 
0.672000 -2.734708 1.328064 8.513086 2.317860 1.518918 -3.085483 
0.673000 -2.732312 1.329616 8.509852 2.375486 1.519778 -3.086408 
0.674000 -2.729850 1.331172 8.506773 2.433147 1.520637 -3.087456 
0.675000 -2.727335 1.332727 8.503537 2.490640 1.521498 -3.088203 
0.676000 -2.724755 1.334284 8.500457 2.548168 1.522358 -3.089074 
0.677000 -2.722123 1.335840 8.497218 2.605529 1.523220 -3.089645 
0.678000 -2.719426 1.337400 8.494137 2.662926 1.524080 -3.090339 
0.679000 -2.716676 1.338958 8.490897 2.720156 1.524943 -3.090735 
0.680000 -2.713862 1.340519 8.487815 2.777423 1.525804 -3.091253 
0.681000 -2.710995 1.342079 8.484574 2.834523 1.526667 -3.091475 
0.682000 -2.708064 1.343642 8.481492 2.891662 1.527529 -3.091818 
0.683000 -2.705081 1.345203 8.478250 2.948635 1.528393 -3.091867 
0.684000 -2.702033 1.346768 8.475168 3.005647 1.529256 -3.092037 
0.685000 -2.698933 1.348331 8.471926 3.062493 1.530121 -3.091912 
0.686000 -2.695769 1.349898 8.468843 3.119379 1.530984 -3.091910 
0.687000 -2.692553 1.351463 8.465602 3.176100 1.531850 -3.091614 
0.688000 -2.689272 1.353031 8.462520 3.232862 1.532714 -3.091439 
0.689000 -2.685940 1.354598 8.459278 3.289459 1.533580 -3.090972 
0.690000 -2.682544 1.356168 8.456197 3.346098 1.534445 -3.090627 
0.691000 -2.679096 1.357736 8.452957 3.402573 1.535312 -3.089990 
0.692000 -2.675584 1.359308 8.449877 3.459090 1.536177 -3.089474 
0.693000 -2.672020 1.360878 8.446637 3.515444 1.537045 -3.088669 
0.694000 -2.668394 1.362452 8.443559 3.571841 1.537911 -3.087983 
0.695000 -2.664715 1.364024 8.440321 3.628076 1.538780 -3.087010 
0.696000 -2.660973 1.365600 8.437245 3.684354 1.539647 -3.086156 
0.697000 -2.657178 1.367173 8.434009 3.740470 1.540516 -3.085014 
0.698000 -2.653322 1.368751 8.430935 3.796630 1.541384 -3.083992 
0.699000 -2.649413 1.370326 8.427701 3.852629 1.542254 -3.082684 
