0.000000 8.853080 0.288603 -2.073810 -13.248536 2.001552 43.466817 
0.001000 8.839531 0.290650 -2.029356 -13.300222 2.000489 43.449349 
0.002000 8.825876 0.292695 -1.984937 -13.352349 1.999412 43.431350 
0.003000 8.812220 0.294739 -1.940520 -13.404479 1.998334 43.413345 
0.004000 8.798458 0.296782 -1.896139 -13.457051 1.997242 43.394803 
0.005000 8.784694 0.298825 -1.851759 -13.509626 1.996149 43.376246 
0.006000 8.770825 0.300865 -1.807416 -13.562646 1.995041 43.357145 
0.007000 8.756953 0.302905 -1.763076 -13.615671 1.993933 43.338021 
0.008000 8.742975 0.304943 -1.718771 -13.669141 1.992809 43.318347 
0.009000 8.728994 0.306981 -1.674471 -13.722619 1.991685 43.298642 
0.010000 8.714906 0.309017 -1.630207 -13.776543 1.990545 43.278378 
0.011000 8.700815 0.311053 -1.585949 -13.830477 1.989405 43.258076 
0.012000 8.686617 0.313086 -1.541726 -13.884857 1.988249 43.237208 
0.013000 8.672414 0.315120 -1.497510 -13.939249 1.987092 43.216292 
0.014000 8.658106 0.317151 -1.453330 -13.994089 1.985919 43.194802 
0.015000 8.643790 0.319182 -1.409158 -14.048942 1.984746 43.173257 
0.016000 8.629370 0.321211 -1.365023 -14.104243 1.983556 43.151130 
0.017000 8.614941 0.323239 -1.320896 -14.159560 1.982366 43.128938 
0.018000 8.600407 0.325265 -1.276806 -14.215326 1.981159 43.106155 
0.019000 8.585865 0.327291 -1.232726 -14.271108 1.979951 43.083298 
0.020000 8.571217 0.329315 -1.188682 -14.327341 1.978727 43.059842 
0.021000 8.556559 0.331339 -1.144650 -14.383591 1.977502 43.036304 
0.022000 8.541796 0.333360 -1.100655 -14.440292 1.976260 43.012157 
0.023000 8.527023 0.335381 -1.056672 -14.497013 1.975017 42.987918 
0.024000 8.512144 0.337400 -1.012726 -14.554185 1.973757 42.963061 
0.025000 8.497253 0.339418 -0.968794 -14.611378 1.972495 42.938103 
0.026000 8.482257 0.341434 -0.924899 -14.669022 1.971217 42.912517 
0.027000 8.467249 0.343450 -0.881020 -14.726688 1.969936 42.886820 
0.028000 8.452135 0.345464 -0.837178 -14.784807 1.968639 42.860486 
0.029000 8.437008 0.347477 -0.793352 -14.842948 1.967340 42.834029 
0.030000 8.421775 0.349488 -0.749564 -14.901542 1.966024 42.806926 
0.031000 8.406528 0.351498 -0.705794 -14.960160 1.964705 42.779690 
0.032000 8.391175 0.353506 -0.662061 -15.019230 1.963370 42.751798 
0.033000 8.375807 0.355514 -0.618348 -15.078325 1.962032 42.723761 
0.034000 8.360333 0.357520 -0.574673 -15.137872 1.960677 42.695058 
0.035000 8.344844 0.359524 -0.531019 -15.197445 1.959319 42.666198 
0.036000 8.329248 0.361527 -0.487403 -15.257470 1.957943 42.636663 
0.037000 8.313636 0.363529 -0.443809 -15.317522 1.956565 42.606959 
0.038000 8.297917 0.365529 -0.400253 -15.378024 1.955169 42.576568 
0.039000 8.282181 0.367528 -0.356721 -15.438554 1.953770 42.545997 
0.040000 8.266339 0.369525 -0.313229 -15.499535 1.952354 42.514727 
0.041000 8.250478 0.371522 -0.269761 -15.560543 1.950934 42.483266 
0.042000 8.234511 0.373516 -0.226332 -15.622000 1.949496 42.451094 
0.043000 8.218524 0.375509 -0.182930 -15.683485 1.948055 42.418718 
0.044000 8.202432 0.377501 -0.139568 -15.745419 1.946596 42.385619 
0.045000 8.186318 0.379491 -0.096234 -15.807379 1.945133 42.352303 
0.046000 8.170099 0.381479 -0.052940 -15.869785 1.943652 42.318252 
0.047000 8.153858 0.383467 -0.009675 -15.932216 1.942167 42.283970 
0.048000 8.137511 0.385452 0.033549 -15.995092 1.940664 42.248941 
0.049000 8.121141 0.387436 0.076742 -16.057992 1.939156 42.213665 
0.050000 8.104665 0.389418 0.119894 -16.121335 1.937630 42.177631 
0.051000 8.088166 0.391399 0.163013 -16.184700 1.936100 42.141337 
0.052000 8.071561 0.393378 0.206091 -16.248507 1.934551 42.104271 
0.053000 8.054931 0.395356 0.249134 -16.312335 1.932998 42.066929 
0.054000 8.038195 0.397332 0.292136 -16.376602 1.931426 42.028804 
0.055000 8.021434 0.399307 0.335101 -16.440889 1.929849 41.990388 
0.056000 8.004566 0.401279 0.378024 -16.505613 1.928253 41.951174 
0.057000 7.987673 0.403251 0.420909 -16.570355 1.926652 41.911655 
0.058000 7.970673 0.405220 0.463751 -16.635531 1.925032 41.871324 
0.059000 7.953646 0.407189 0.506554 -16.700723 1.923407 41.830672 
0.060000 7.936513 0.409154 0.549312 -16.766347 1.921762 41.789195 
0.061000 7.919352 0.411119 0.592030 -16.831984 1.920112 41.747380 
0.062000 7.902084 0.413082 0.634703 -16.898049 1.918443 41.704726 
0.063000 7.884788 0.415043 0.677334 -16.964126 1.916768 41.661717 
0.064000 7.867385 0.417002 0.719919 -17.030627 1.915074 41.617855 
0.065000 7.849954 0.418961 0.762460 -17.097136 1.913373 41.573621 
0.066000 7.832415 0.420916 0.804955 -17.164065 1.911653 41.528519 
0.067000 7.814846 0.422871 0.847404 -17.231000 1.909927 41.483028 
0.068000 7.797170 0.424823 0.889805 -17.298351 1.908180 41.436653 
0.069000 7.779463 0.426774 0.932159 -17.365703 1.906428 41.389872 
0.070000 7.761650 0.428722 0.974465 -17.433465 1.904655 41.342192 
0.071000 7.743804 0.430670 1.016722 -17.501226 1.902876 41.294087 
0.072000 7.725852 0.432614 1.058929 -17.569392 1.901077 41.245067 
0.073000 7.707868 0.434558 1.101085 -17.637551 1.899271 41.195604 
0.074000 7.689776 0.436499 1.143192 -17.706110 1.897444 41.145209 
0.075000 7.671651 0.438439 1.185245 -17.774657 1.895611 41.094353 
0.076000 7.653419 0.440377 1.227247 -17.843598 1.893756 41.042549 
0.077000 7.635153 0.442313 1.269194 -17.912521 1.891895 40.990263 
0.078000 7.616781 0.444246 1.311090 -17.981832 1.890013 40.937013 
0.079000 7.598373 0.446179 1.352928 -18.051120 1.888124 40.883262 
0.080000 7.579858 0.448108 1.394713 -18.120787 1.886214 40.828529 
0.081000 7.561308 0.450037 1.436439 -18.190425 1.884296 40.773276 
0.082000 7.542651 0.451962 1.478112 -18.260435 1.882357 40.717022 
0.083000 7.523958 0.453887 1.519723 -18.330408 1.880410 40.660228 
0.084000 7.505158 0.455809 1.561279 -18.400746 1.878442 40.602416 
0.085000 7.486320 0.457729 1.602772 -18.471039 1.876466 40.544043 
0.086000 7.467377 0.459647 1.644209 -18.541688 1.874469 40.484633 
0.087000 7.448395 0.461563 1.685580 -18.612283 1.872464 40.424641 
0.088000 7.429307 0.463477 1.726895 -18.683226 1.870437 40.363595 
0.089000 7.410180 0.465389 1.768141 -18.754105 1.868402 40.301945 
0.090000 7.390946 0.467299 1.809329 -18.825322 1.866345 40.239222 
0.091000 7.371674 0.469206 1.850447 -18.896466 1.864279 40.175873 
0.092000 7.352295 0.471112 1.891506 -18.967937 1.862192 40.111432 
0.093000 7.332876 0.473015 1.932492 -19.039325 1.860096 40.046343 
0.094000 7.313352 0.474916 1.973418 -19.111028 1.857979 39.980143 
0.095000 7.293786 0.476816 2.014269 -19.182637 1.855852 39.913272 
0.096000 7.274115 0.478712 2.055057 -19.254550 1.853703 39.845272 
0.097000 7.254403 0.480607 2.095769 -19.326356 1.851545 39.776577 
0.098000 7.234584 0.482500 2.136417 -19.398453 1.849365 39.706733 
0.099000 7.214725 0.484390 2.176986 -19.470431 1.847176 39.636172 
0.100000 7.194759 0.486278 2.217490 -19.542686 1.844965 39.564442 
0.101000 7.174751 0.488164 2.257912 -19.614809 1.842744 39.491971 
0.102000 7.154639 0.490047 2.298268 -19.687194 1.840501 39.418312 
0.103000 7.134483 0.491928 2.338540 -19.759433 1.838249 39.343888 
0.104000 7.114222 0.493807 2.378743 -19.831919 1.835974 39.268256 
0.105000 7.093918 0.495684 2.418860 -19.904242 1.833689 39.191836 
0.106000 7.073510 0.497558 2.458907 -19.976797 1.831382 39.114186 
0.107000 7.053057 0.499430 2.498865 -20.049174 1.829066 39.035725 
0.108000 7.032500 0.501299 2.538751 -20.121765 1.826726 38.956015 
0.109000 7.011899 0.503166 2.578546 -20.194160 1.824377 38.875468 
0.110000 6.991195 0.505031 2.618268 -20.266752 1.822006 38.793653 
0.111000 6.970445 0.506893 2.657896 -20.339129 1.819624 38.710977 
0.112000 6.949593 0.508753 2.697448 -20.411684 1.817220 38.627011 
0.113000 6.928695 0.510610 2.736905 -20.484005 1.814806 38.542161 
0.114000 6.907694 0.512465 2.776284 -20.556485 1.812369 38.456001 
0.115000 6.886648 0.514317 2.815563 -20.628710 1.809922 38.368933 
0.116000 6.865500 0.516167 2.854764 -20.701072 1.807453 38.280534 
0.117000 6.844306 0.518014 2.893863 -20.773159 1.804973 38.191203 
0.118000 6.823010 0.519859 2.932882 -20.845361 1.802471 38.100522 
0.119000 6.801668 0.521701 2.971795 -20.917264 1.799959 38.008884 
0.120000 6.780225 0.523540 3.010626 -20.989260 1.797424 37.915876 
0.121000 6.758736 0.525377 3.049349 -21.060933 1.794879 37.821887 
0.122000 6.737147 0.527212 3.087988 -21.132676 1.792312 37.726509 
0.123000 6.715511 0.529043 3.126516 -21.204070 1.789734 37.630126 
0.124000 6.693775 0.530872 3.164957 -21.275507 1.787134 37.532335 
0.125000 6.671993 0.532699 3.203285 -21.346571 1.784525 37.433515 
0.126000 6.650112 0.534522 3.241525 -21.417652 1.781892 37.333268 
0.127000 6.628185 0.536344 3.279648 -21.488331 1.779250 37.231971 
0.128000 6.606160 0.538162 3.317680 -21.559000 1.776586 37.129226 
0.129000 6.584088 0.539977 3.355593 -21.629239 1.773912 37.025409 
0.130000 6.561919 0.541790 3.393412 -21.699439 1.771216 36.920126 
0.131000 6.539703 0.543600 3.431110 -21.769179 1.768510 36.813749 
0.132000 6.517392 0.545408 3.468712 -21.838850 1.765782 36.705889 
0.133000 6.495034 0.547212 3.506189 -21.908029 1.763045 36.596913 
0.134000 6.472580 0.549014 3.543568 -21.977109 1.760286 36.486437 
0.135000 6.450081 0.550813 3.580819 -22.045665 1.757517 36.374825 
0.136000 6.427488 0.552609 3.617970 -22.114089 1.754727 36.261696 
0.137000 6.404848 0.554402 3.654990 -22.181954 1.751928 36.147411 
0.138000 6.382116 0.556192 3.691907 -22.249655 1.749108 36.031594 
0.139000 6.359338 0.557979 3.728690 -22.316762 1.746279 35.914602 
0.140000 6.336469 0.559764 3.765368 -22.383670 1.743429 35.796064 
0.141000 6.313554 0.561545 3.801908 -22.449948 1.740571 35.676332 
0.142000 6.290549 0.563324 3.838341 -22.515991 1.737692 35.555040 
0.143000 6.267500 0.565100 3.874633 -22.581366 1.734805 35.432537 
0.144000 6.244361 0.566872 3.910816 -22.646469 1.731897 35.308463 
0.145000 6.221178 0.568642 3.946854 -22.710865 1.728982 35.183162 
0.146000 6.197907 0.570409 3.982780 -22.774952 1.726047 35.056277 
0.147000 6.174593 0.572173 4.018559 -22.838291 1.723104 34.928151 
0.148000 6.151193 0.573933 4.054223 -22.901282 1.720142 34.798432 
0.149000 6.127751 0.575691 4.089737 -22.963484 1.717172 34.667459 
0.150000 6.104223 0.577446 4.125133 -23.025298 1.714184 34.534883 
0.151000 6.080654 0.579197 4.160375 -23.086280 1.711190 34.401042 
0.152000 6.057002 0.580946 4.195497 -23.146832 1.708177 34.265591 
0.153000 6.033309 0.582691 4.230463 -23.206510 1.705158 34.128865 
0.154000 6.009535 0.584434 4.265305 -23.265715 1.702121 33.990524 
0.155000 5.985721 0.586173 4.299988 -23.324001 1.699078 33.850899 
0.156000 5.961827 0.587909 4.334545 -23.381772 1.696019 33.709654 
0.157000 5.937895 0.589642 4.368938 -23.438577 1.692954 33.567120 
0.158000 5.913886 0.591372 4.403204 -23.494824 1.689873 33.422964 
0.159000 5.889838 0.593099 4.437302 -23.550059 1.686787 33.277515 
0.160000 5.865716 0.594822 4.471270 -23.604690 1.683686 33.130443 
0.161000 5.841557 0.596542 4.505068 -23.658262 1.680581 32.982075 
0.162000 5.817325 0.598260 4.538733 -23.711185 1.677461 32.832086 
0.163000 5.793057 0.599973 4.572224 -23.763001 1.674337 32.680802 
0.164000 5.768719 0.601684 4.605579 -23.814122 1.671200 32.527900 
0.165000 5.744347 0.603392 4.638757 -23.864087 1.668060 32.373705 
0.166000 5.719907 0.605096 4.671797 -23.913310 1.664907 32.217898 
0.167000 5.695434 0.606797 4.704656 -23.961329 1.661753 32.060804 
0.168000 5.670896 0.608495 4.737375 -24.008559 1.658585 31.902105 
0.169000 5.646327 0.610190 4.769910 -24.054534 1.655418 31.742126 
0.170000 5.621694 0.611881 4.802301 -24.099674 1.652238 31.580553 
0.171000 5.597033 0.613569 4.834505 -24.143510 1.649059 31.417710 
0.172000 5.572310 0.615254 4.866563 -24.186463 1.645869 31.253286 
0.173000 5.547561 0.616936 4.898432 -24.228061 1.642680 31.087604 
0.174000 5.522754 0.618614 4.930151 -24.268729 1.639481 30.920356 
0.175000 5.497921 0.620289 4.961677 -24.307993 1.636285 30.751867 
0.176000 5.473034 0.621961 4.993051 -24.346280 1.633080 30.581828 
0.177000 5.448123 0.623630 5.024230 -24.383113 1.629878 30.410567 
0.178000 5.423160 0.625295 5.055254 -24.418921 1.626669 30.237777 
0.179000 5.398176 0.626957 5.086079 -24.453227 1.623463 30.063785 
0.180000 5.373142 0.628616 5.116747 -24.486461 1.620251 29.888287 
0.181000 5.348090 0.630271 5.147213 -24.518144 1.617045 29.711613 
0.182000 5.322992 0.631923 5.177520 -24.548709 1.613833 29.533457 
0.183000 5.297878 0.633572 5.207621 -24.577675 1.610627 29.354152 
0.184000 5.272721 0.635217 5.237562 -24.605478 1.607417 29.173393 
0.185000 5.247549 0.636860 5.267293 -24.631635 1.604215 28.991516 
0.186000 5.222339 0.638499 5.296862 -24.656584 1.601009 28.808217 
0.187000 5.197116 0.640134 5.326218 -24.679841 1.597813 28.623831 
0.188000 5.171858 0.641767 5.355410 -24.701847 1.594614 28.438057 
0.189000 5.146590 0.643396 5.384386 -24.722116 1.591425 28.251234 
0.190000 5.121291 0.645022 5.413195 -24.741092 1.588236 28.063057 
0.191000 5.095984 0.646645 5.441787 -24.758287 1.585058 27.873870 
0.192000 5.070649 0.648264 5.470209 -24.774149 1.581880 27.683368 
0.193000 5.045311 0.649880 5.498411 -24.788189 1.578715 27.491900 
0.194000 5.019947 0.651493 5.526442 -24.800855 1.575552 27.299157 
0.195000 4.994582 0.653103 5.554250 -24.811659 1.572402 27.105492 
0.196000 4.969197 0.654710 5.581884 -24.821054 1.569256 26.910596 
0.197000 4.943813 0.656313 5.609293 -24.828547 1.566125 26.714827 
0.198000 4.918412 0.657913 5.636527 -24.834595 1.562997 26.517871 
0.199000 4.893015 0.659510 5.663534 -24.838706 1.559887 26.320094 
0.200000 4.867606 0.661104 5.690363 -24.841338 1.556781 26.121178 
0.201000 4.842204 0.662694 5.716963 -24.842000 1.553694 25.921493 
0.202000 4.816794 0.664282 5.743383 -24.841151 1.550613 25.720721 
0.203000 4.791394 0.665866 5.769572 -24.838301 1.547552 25.519235 
0.204000 4.765989 0.667447 5.795581 -24.833911 1.544498 25.316713 
0.205000 4.740598 0.669025 5.821356 -24.827492 1.541465 25.113537 
0.206000 4.715206 0.670600 5.846949 -24.819506 1.538441 24.909378 
0.207000 4.689831 0.672172 5.872306 -24.809465 1.535439 24.704625 
0.208000 4.664460 0.673741 5.897480 -24.797833 1.532448 24.498945 
0.209000 4.639109 0.675306 5.922417 -24.784123 1.529479 24.292734 
0.210000 4.613766 0.676869 5.947169 -24.768800 1.526522 24.085653 
0.211000 4.588447 0.678429 5.971682 -24.751380 1.523590 23.878105 
0.212000 4.563139 0.679985 5.996010 -24.732328 1.520670 23.669744 
0.213000 4.537858 0.681539 6.020097 -24.711162 1.517776 23.460984 
0.214000 4.512594 0.683090 6.043998 -24.688348 1.514896 23.251470 
0.215000 4.487360 0.684638 6.067656 -24.663406 1.512043 23.041624 
0.216000 4.462147 0.686183 6.091128 -24.636804 1.509204 22.831086 
0.217000 4.436968 0.687725 6.114355 -24.608063 1.506395 22.620284 
0.218000 4.411813 0.689264 6.137396 -24.577651 1.503601 22.408850 
0.219000 4.386696 0.690800 6.160191 -24.545093 1.500836 22.197223 
0.220000 4.361608 0.692334 6.182799 -24.510857 1.498089 21.985026 
0.221000 4.336561 0.693864 6.205160 -24.474472 1.495372 21.772706 
0.222000 4.311547 0.695392 6.227333 -24.436403 1.492674 21.559879 
0.223000 4.286578 0.696917 6.249259 -24.396186 1.490007 21.347000 
0.224000 4.261647 0.698440 6.270997 -24.354283 1.487359 21.133676 
0.225000 4.236763 0.699960 6.292486 -24.310234 1.484744 20.920373 
0.226000 4.211922 0.701477 6.313788 -24.264501 1.482149 20.706685 
0.227000 4.187132 0.702991 6.334840 -24.216628 1.479588 20.493091 
0.228000 4.162389 0.704503 6.355705 -24.167076 1.477048 20.279175 
0.229000 4.137700 0.706013 6.376319 -24.115393 1.474543 20.065424 
0.230000 4.113063 0.707519 6.396747 -24.062037 1.472059 19.851412 
0.231000 4.088483 0.709023 6.416924 -24.006563 1.469611 19.637638 
0.232000 4.063959 0.710525 6.436914 -23.949427 1.467185 19.423663 
0.233000 4.039496 0.712025 6.456654 -23.890188 1.464796 19.209996 
0.234000 4.015093 0.713522 6.476207 -23.829299 1.462431 18.996189 
0.235000 3.990755 0.715016 6.495509 -23.766326 1.460102 18.782761 
0.236000 3.966481 0.716508 6.514626 -23.701718 1.457798 18.569252 
0.237000 3.942275 0.717998 6.533491 -23.635049 1.455532 18.356191 
0.238000 3.918137 0.719485 6.552172 -23.566761 1.453290 18.143106 
0.239000 3.894071 0.720970 6.570601 -23.496437 1.451087 17.930538 
0.240000 3.870077 0.722453 6.588847 -23.424514 1.448908 17.718003 
0.241000 3.846158 0.723934 6.606842 -23.350582 1.446770 17.506052 
0.242000 3.822315 0.725413 6.624655 -23.275073 1.444657 17.294188 
0.243000 3.798551 0.726889 6.642216 -23.197585 1.442584 17.082976 
0.244000 3.774866 0.728363 6.659597 -23.118545 1.440537 16.871902 
0.245000 3.751263 0.729835 6.676726 -23.037558 1.438530 16.661545 
0.246000 3.727745 0.731306 6.693677 -22.955044 1.436550 16.451378 
0.247000 3.704311 0.732774 6.710376 -22.870619 1.434611 16.241989 
0.248000 3.680965 0.734240 6.726898 -22.784694 1.432698 16.032841 
0.249000 3.657706 0.735704 6.743170 -22.696895 1.430827 15.824532 
0.250000 3.634540 0.737167 6.759266 -22.607626 1.428983 15.616510 
0.251000 3.611464 0.738627 6.775113 -22.516522 1.427180 15.409387 
0.252000 3.588484 0.740086 6.790785 -22.423978 1.425405 15.202596 
0.253000 3.565597 0.741543 6.806208 -22.329640 1.423671 14.996761 
0.254000 3.542811 0.742998 6.821460 -22.233895 1.421965 14.791301 
0.255000 3.520120 0.744451 6.836463 -22.136398 1.420301 14.586851 
0.256000 3.497532 0.745903 6.851296 -22.037528 1.418664 14.382818 
0.257000 3.475044 0.747353 6.865882 -21.936949 1.417070 14.179848 
0.258000 3.452662 0.748802 6.880300 -21.835032 1.415503 13.977333 
0.259000 3.430382 0.750248 6.894471 -21.731452 1.413978 13.775931 
0.260000 3.408212 0.751694 6.908477 -21.626567 1.412481 13.575020 
0.261000 3.386146 0.753137 6.922238 -21.520068 1.411027 13.375270 
0.262000 3.364194 0.754580 6.935836 -21.412299 1.409599 13.176046 
0.263000 3.342349 0.756020 6.949189 -21.302963 1.408215 12.978029 
0.264000 3.320621 0.757460 6.962381 -21.192396 1.406857 12.780569 
0.265000 3.299002 0.758898 6.975330 -21.080308 1.405542 12.584359 
0.266000 3.277502 0.760335 6.988121 -20.967026 1.404254 12.388735 
0.267000 3.256115 0.761770 7.000671 -20.852274 1.403009 12.194403 
0.268000 3.234851 0.763205 7.013064 -20.736364 1.401790 12.000684 
0.269000 3.213700 0.764638 7.025217 -20.619033 1.400614 11.808294 
0.270000 3.192676 0.766070 7.037217 -20.500583 1.399464 11.616543 
0.271000 3.171768 0.767500 7.048978 -20.380762 1.398356 11.426158 
0.272000 3.150989 0.768930 7.060589 -20.259858 1.397275 11.236434 
0.273000 3.130328 0.770358 7.071961 -20.137635 1.396236 11.048109 
0.274000 3.109799 0.771786 7.083187 -20.014366 1.395223 10.860465 
0.275000 3.089390 0.773212 7.094175 -19.889828 1.394251 10.674252 
0.276000 3.069116 0.774638 7.105020 -19.764283 1.393305 10.488739 
0.277000 3.048964 0.776062 7.115629 -19.637518 1.392401 10.304686 
0.278000 3.028948 0.777486 7.126097 -19.509782 1.391522 10.121348 
0.279000 3.009058 0.778908 7.136332 -19.380879 1.390684 9.939498 
0.280000 2.989306 0.780330 7.146428 -19.251040 1.389871 9.758377 
0.281000 2.969681 0.781751 7.156292 -19.120084 1.389099 9.578768 
0.282000 2.950198 0.783172 7.166021 -18.988230 1.388351 9.399901 
0.283000 2.930842 0.784591 7.175519 -18.855308 1.387644 9.222568 
0.284000 2.911631 0.786010 7.184885 -18.721522 1.386961 9.045986 
0.285000 2.892549 0.787428 7.194021 -18.586719 1.386317 8.870960 
0.286000 2.873613 0.788846 7.203029 -18.451088 1.385698 8.696694 
0.287000 2.854809 0.790262 7.211810 -18.314487 1.385118 8.524001 
0.288000 2.836152 0.791679 7.220465 -18.177093 1.384562 8.352075 
0.289000 2.817629 0.793094 7.228893 -18.038779 1.384044 8.181739 
0.290000 2.799255 0.794510 7.237200 -17.899704 1.383549 8.012174 
0.291000 2.781016 0.795924 7.245282 -17.759756 1.383093 7.844214 
0.292000 2.762929 0.797339 7.253245 -17.619081 1.382659 7.677029 
0.293000 2.744978 0.798752 7.260984 -17.477580 1.382263 7.511461 
0.294000 2.727180 0.800166 7.268609 -17.335384 1.381890 7.346670 
0.295000 2.709520 0.801579 7.276012 -17.192408 1.381553 7.183507 
0.296000 2.692014 0.802992 7.283302 -17.048768 1.381238 7.021122 
0.297000 2.674648 0.804404 7.290373 -16.904394 1.380960 6.860374 
0.298000 2.657437 0.805817 7.297334 -16.759386 1.380704 6.700402 
0.299000 2.640368 0.807228 7.304078 -16.613689 1.380483 6.542076 
0.300000 2.623455 0.808640 7.310716 -16.467385 1.380283 6.384523 
0.301000 2.606685 0.810051 7.317137 -16.320438 1.380118 6.228623 
0.302000 2.590073 0.811463 7.323456 -16.172912 1.379974 6.073493 
0.303000 2.573604 0.812874 7.329560 -16.024785 1.379865 5.920020 
0.304000 2.557295 0.814286 7.335565 -15.876107 1.379776 5.767312 
0.305000 2.541131 0.815696 7.341356 -15.726869 1.379721 5.616265 
0.306000 2.525127 0.817108 7.347052 -15.577106 1.379685 5.465977 
0.307000 2.509269 0.818518 7.352537 -15.426825 1.379683 5.317353 
0.308000 2.493573 0.819930 7.357929 -15.276043 1.379701 5.169481 
0.309000 2.478023 0.821340 7.363110 -15.124784 1.379751 5.023273 
0.310000 2.462636 0.822752 7.368203 -14.973048 1.379819 4.877811 
0.311000 2.447397 0.824163 7.373088 -14.820873 1.379920 4.734013 
0.312000 2.432321 0.825574 7.377887 -14.668244 1.380040 4.590951 
0.313000 2.417394 0.826985 7.382478 -14.515215 1.380190 4.449553 
0.314000 2.402632 0.828398 7.386988 -14.361754 1.380359 4.308882 
0.315000 2.388018 0.829809 7.391292 -14.207929 1.380559 4.169873 
0.316000 2.373570 0.831221 7.395517 -14.053693 1.380776 4.031580 
0.317000 2.359273 0.832633 7.399538 -13.899129 1.381023 3.894946 
0.318000 2.345141 0.834046 7.403484 -13.744175 1.381287 3.759018 
0.319000 2.331160 0.835458 7.407227 -13.588927 1.381581 3.624746 
0.320000 2.317346 0.836872 7.410898 -13.433308 1.381892 3.491168 
0.321000 2.303683 0.838285 7.414368 -13.277429 1.382232 3.359240 
0.322000 2.290188 0.839699 7.417769 -13.121196 1.382587 3.227996 
0.323000 2.276845 0.841113 7.420970 -12.964738 1.382972 3.098397 
0.324000 2.263669 0.842528 7.424106 -12.807942 1.383371 2.969468 
0.325000 2.250647 0.843942 7.427044 -12.650952 1.383799 2.842179 
0.326000 2.237793 0.845359 7.429920 -12.493640 1.384242 2.715548 
0.327000 2.225092 0.846774 7.432598 -12.336166 1.384713 2.590549 
0.328000 2.212560 0.848191 7.435219 -12.178385 1.385198 2.466195 
0.329000 2.200182 0.849607 7.437643 -12.020472 1.385710 2.343468 
0.330000 2.187973 0.851025 7.440012 -11.862266 1.386236 2.221371 
0.331000 2.175919 0.852443 7.442187 -11.703956 1.386789 2.100892 
0.332000 2.164033 0.853862 7.444309 -11.545367 1.387355 1.981031 
0.333000 2.152304 0.855280 7.446239 -11.386702 1.387947 1.862780 
0.334000 2.140743 0.856701 7.448119 -11.227771 1.388553 1.745132 
0.335000 2.129338 0.858121 7.449808 -11.068791 1.389184 1.629086 
0.336000 2.118102 0.859542 7.451452 -10.909555 1.389827 1.513629 
0.337000 2.107023 0.860963 7.452904 -10.750297 1.390496 1.399765 
0.338000 2.096114 0.862386 7.454315 -10.590795 1.391177 1.286476 
0.339000 2.085361 0.863809 7.455536 -10.431296 1.391883 1.174770 
0.340000 2.074777 0.865233 7.456718 -10.271562 1.392600 1.063624 
0.341000 2.064351 0.866657 7.457711 -10.111855 1.393342 0.954052 
0.342000 2.054094 0.868083 7.458669 -9.951923 1.394095 0.845026 
0.343000 2.043995 0.869509 7.459439 -9.792042 1.394872 0.737564 
0.344000 2.034065 0.870936 7.460178 -9.631944 1.395659 0.630633 
0.345000 2.024294 0.872364 7.460729 -9.471920 1.396470 0.525256 
0.346000 2.014691 0.873793 7.461252 -9.311686 1.397292 0.420396 
0.347000 2.005247 0.875222 7.461589 -9.151548 1.398136 0.317079 
0.348000 1.995972 0.876653 7.461901 -8.991208 1.398991 0.214264 
0.349000 1.986857 0.878083 7.462028 -8.830985 1.399867 0.112982 
0.350000 1.977909 0.879516 7.462132 -8.670566 1.400754 0.012188 
0.351000 1.969122 0.880948 7.462052 -8.510284 1.401663 -0.087085 
0.352000 1.960502 0.882383 7.461954 -8.349812 1.402581 -0.185884 
0.353000 1.952043 0.883817 7.461672 -8.189496 1.403520 -0.283172 
0.354000 1.943751 0.885254 7.461374 -8.028996 1.404470 -0.380002 
0.355000 1.935620 0.886690 7.460895 -7.868671 1.405439 -0.475331 
0.356000 1.927656 0.888128 7.460402 -7.708166 1.406418 -0.570216 
0.357000 1.919853 0.889567 7.459729 -7.547855 1.407417 -0.663612 
0.358000 1.912218 0.891007 7.459045 -7.387367 1.408426 -0.756578 
0.359000 1.904743 0.892447 7.458181 -7.227090 1.409453 -0.848066 
0.360000 1.897435 0.893890 7.457310 -7.066640 1.410490 -0.939138 
0.361000 1.890289 0.895332 7.456260 -6.906419 1.411546 -1.028742 
0.362000 1.883309 0.896777 7.455206 -6.746027 1.412611 -1.117946 
0.363000 1.876490 0.898222 7.453974 -6.585880 1.413694 -1.205693 
0.364000 1.869838 0.899669 7.452740 -6.425565 1.414786 -1.293052 
0.365000 1.863347 0.901116 7.451329 -6.265510 1.415896 -1.378967 
0.366000 1.857022 0.902565 7.449919 -6.105288 1.417014 -1.464507 
0.367000 1.850860 0.904014 7.448333 -5.945343 1.418150 -1.548614 
0.368000 1.844861 0.905466 7.446752 -5.785232 1.419294 -1.632360 
0.369000 1.839026 0.906917 7.444994 -5.625411 1.420456 -1.714684 
0.370000 1.833355 0.908371 7.443244 -5.465425 1.421625 -1.796660 
0.371000 1.827847 0.909825 7.441319 -5.305744 1.422811 -1.877225 
0.372000 1.822503 0.911281 7.439405 -5.145899 1.424005 -1.957456 
0.373000 1.817322 0.912738 7.437316 -4.986371 1.425216 -2.036286 
0.374000 1.812303 0.914197 7.435240 -4.826680 1.426434 -2.114795 
0.375000 1.807449 0.915655 7.432990 -4.667319 1.427669 -2.191915 
0.376000 1.802757 0.917117 7.430756 -4.507794 1.428910 -2.268726 
0.377000 1.798229 0.918578 7.428349 -4.348612 1.430168 -2.344158 
0.378000 1.793862 0.920042 7.425961 -4.189264 1.431433 -2.419296 
0.379000 1.789660 0.921506 7.423401 -4.030272 1.432713 -2.493064 
0.380000 1.785618 0.922973 7.420862 -3.871114 1.434000 -2.566550 
0.381000 1.781742 0.924439 7.418151 -3.712322 1.435303 -2.638678 
0.382000 1.778025 0.925908 7.415465 -3.553362 1.436612 -2.710536 
0.383000 1.774474 0.927378 7.412607 -3.394780 1.437936 -2.781045 
0.384000 1.771081 0.928850 7.409776 -3.236029 1.439266 -2.851297 
0.385000 1.767855 0.930321 7.406775 -3.077665 1.440611 -2.920211 
0.386000 1.764786 0.931796 7.403803 -2.919131 1.441963 -2.988879 
0.387000 1.761884 0.933271 7.400661 -2.760995 1.443329 -3.056220 
0.388000 1.759139 0.934748 7.397552 -2.602685 1.444701 -3.123325 
0.389000 1.756560 0.936226 7.394273 -2.444783 1.446087 -3.189114 
0.390000 1.754138 0.937706 7.391029 -2.286706 1.447479 -3.254679 
0.391000 1.751883 0.939187 7.387616 -2.129045 1.448885 -3.318937 
0.392000 1.749783 0.940670 7.384240 -1.971206 1.450297 -3.382983 
0.393000 1.747851 0.942153 7.380696 -1.813793 1.451723 -3.445731 
0.394000 1.746073 0.943639 7.377192 -1.656199 1.453154 -3.508278 
0.395000 1.744463 0.945125 7.373520 -1.499039 1.454598 -3.569537 
0.396000 1.743007 0.946615 7.369891 -1.341694 1.456048 -3.630606 
0.397000 1.741719 0.948104 7.366094 -1.184792 1.457511 -3.690396 
0.398000 1.740584 0.949596 7.362343 -1.027702 1.458980 -3.750006 
0.399000 1.739617 0.951088 7.358424 -0.871063 1.460461 -3.808347 
0.400000 1.738802 0.952583 7.354553 -0.714232 1.461948 -3.866518 
0.401000 1.738156 0.954078 7.350515 -0.557859 1.463447 -3.923430 
0.402000 1.737661 0.955576 7.346528 -0.401291 1.464952 -3.980181 
0.403000 1.737335 0.957075 7.342374 -0.245188 1.466468 -4.035682 
0.404000 1.737159 0.958576 7.338273 -0.088886 1.467990 -4.091032 
0.405000 1.737153 0.960077 7.334006 0.066944 1.469524 -4.145141 
0.406000 1.737296 0.961582 7.329795 0.222977 1.471063 -4.199109 
0.407000 1.737609 0.963086 7.325417 0.378531 1.472614 -4.251844 
0.408000 1.738071 0.964594 7.321098 0.534294 1.474170 -4.304447 
0.409000 1.738702 0.966102 7.316613 0.689570 1.475737 -4.355826 
0.410000 1.739481 0.967612 7.312188 0.845060 1.477310 -4.407083 
0.411000 1.740431 0.969123 7.307598 1.000057 1.478893 -4.457123 
0.412000 1.741527 0.970637 7.303072 1.155272 1.480482 -4.507050 
0.413000 1.742794 0.972152 7.298379 1.309988 1.482081 -4.555770 
0.414000 1.744206 0.973669 7.293753 1.464927 1.483686 -4.604384 
0.415000 1.745790 0.975186 7.288961 1.619362 1.485301 -4.651799 
0.416000 1.747518 0.976707 7.284238 1.774025 1.486922 -4.699116 
0.417000 1.749419 0.978228 7.279350 1.928178 1.488552 -4.745243 
0.418000 1.751462 0.979752 7.274532 2.082564 1.490188 -4.791280 
0.419000 1.753679 0.981276 7.269550 2.236434 1.491834 -4.836135 
0.420000 1.756037 0.982803 7.264640 2.390543 1.493485 -4.880908 
0.421000 1.758568 0.984331 7.259566 2.544132 1.495146 -4.924505 
0.422000 1.761241 0.985861 7.254568 2.697964 1.496812 -4.968029 
0.423000 1.764087 0.987392 7.249404 2.851271 1.498488 -5.010385 
0.424000 1.767073 0.988926 7.244319 3.004827 1.500168 -5.052674 
0.425000 1.770233 0.990461 7.239069 3.157853 1.501858 -5.093803 
0.426000 1.773532 0.991998 7.233900 3.311134 1.503553 -5.134873 
0.427000 1.777005 0.993536 7.228566 3.463880 1.505258 -5.174789 
0.428000 1.780617 0.995077 7.223316 3.616886 1.506967 -5.214653 
0.429000 1.784404 0.996618 7.217900 3.769354 1.508686 -5.253371 
0.430000 1.788327 0.998163 7.212570 3.922087 1.510410 -5.292043 
0.431000 1.792426 0.999708 7.207076 4.074278 1.512142 -5.329576 
0.432000 1.796661 1.001256 7.201669 4.226740 1.513880 -5.367070 
0.433000 1.801071 1.002804 7.196098 4.378655 1.515626 -5.403431 
0.434000 1.805617 1.004356 7.190617 4.530848 1.517378 -5.439760 
0.435000 1.810339 1.005908 7.184971 4.682490 1.519138 -5.474963 
0.436000 1.815194 1.007463 7.179418 4.834415 1.520902 -5.510139 
0.437000 1.820227 1.009019 7.173701 4.985786 1.522676 -5.544195 
0.438000 1.825392 1.010578 7.168078 5.137447 1.524454 -5.578231 
0.439000 1.830736 1.012137 7.162291 5.288549 1.526241 -5.611154 
0.440000 1.836210 1.013700 7.156601 5.439947 1.528033 -5.644062 
0.441000 1.841863 1.015263 7.150746 5.590784 1.529833 -5.675862 
0.442000 1.847645 1.016829 7.144991 5.741922 1.531637 -5.707653 
0.443000 1.853607 1.018395 7.139072 5.892496 1.533451 -5.738342 
0.444000 1.859698 1.019965 7.133254 6.043377 1.535268 -5.769028 
0.445000 1.865969 1.021536 7.127272 6.193690 1.537094 -5.798618 
0.446000 1.872367 1.023109 7.121393 6.344318 1.538925 -5.828209 
0.447000 1.878945 1.024683 7.115350 6.494374 1.540764 -5.856710 
0.448000 1.885650 1.026261 7.109414 6.644751 1.542607 -5.885217 
0.449000 1.892537 1.027839 7.103313 6.794554 1.544459 -5.912640 
0.450000 1.899548 1.029420 7.097320 6.944684 1.546315 -5.940073 
0.451000 1.906741 1.031002 7.091163 7.094237 1.548179 -5.966427 
0.452000 1.914059 1.032587 7.085116 7.244123 1.550047 -5.992797 
0.453000 1.921559 1.034172 7.078905 7.393429 1.551924 -6.018093 
0.454000 1.929182 1.035761 7.072806 7.543075 1.553805 -6.043408 
0.455000 1.936988 1.037350 7.066544 7.692139 1.555694 -6.067654 
0.456000 1.944915 1.038943 7.060395 7.841549 1.557588 -6.091925 
0.457000 1.953027 1.040536 7.054083 7.990375 1.559489 -6.115131 
0.458000 1.961259 1.042133 7.047887 8.139552 1.561395 -6.138366 
0.459000 1.969676 1.043730 7.041527 8.288143 1.563308 -6.160540 
0.460000 1.978212 1.045331 7.035286 8.437092 1.565227 -6.182747 
0.461000 1.986933 1.046932 7.028881 8.585453 1.567152 -6.203898 
0.462000 1.995773 1.048536 7.022597 8.734178 1.569083 -6.225086 
0.463000 2.004798 1.050141 7.016148 8.882312 1.571021 -6.245222 
0.464000 2.013941 1.051750 7.009823 9.030818 1.572963 -6.265399 
0.465000 2.023270 1.053358 7.003333 9.178730 1.574913 -6.284527 
0.466000 2.032715 1.054971 6.996968 9.327021 1.576868 -6.303700 
0.467000 2.042348 1.056584 6.990439 9.474716 1.578829 -6.321829 
0.468000 2.052095 1.058200 6.984037 9.622795 1.580796 -6.340005 
0.469000 2.062031 1.059817 6.977471 9.770278 1.582770 -6.357142 
0.470000 2.072079 1.061438 6.971034 9.918151 1.584749 -6.374328 
0.471000 2.082317 1.063059 6.964433 10.065425 1.586735 -6.390479 
0.472000 2.092667 1.064683 6.957963 10.213097 1.588725 -6.406682 
0.473000 2.103207 1.066308 6.951328 10.360168 1.590723 -6.421853 
0.474000 2.113858 1.067937 6.944828 10.507643 1.592726 -6.437080 
0.475000 2.124700 1.069566 6.938162 10.654516 1.594735 -6.451278 
0.476000 2.135651 1.071199 6.931632 10.801799 1.596750 -6.465534 
0.477000 2.146794 1.072832 6.924937 10.948478 1.598771 -6.478765 
0.478000 2.158046 1.074469 6.918380 11.095574 1.600798 -6.492057 
0.479000 2.169489 1.076106 6.911658 11.242065 1.602831 -6.504326 
0.480000 2.181040 1.077747 6.905076 11.388979 1.604870 -6.516658 
0.481000 2.192785 1.079389 6.898329 11.535286 1.606915 -6.527970 
0.482000 2.204635 1.081034 6.891724 11.682023 1.608965 -6.539348 
0.483000 2.216679 1.082680 6.884953 11.828152 1.611022 -6.549710 
0.484000 2.228829 1.084330 6.878327 11.974717 1.613085 -6.560138 
0.485000 2.241173 1.085979 6.871535 12.120672 1.615154 -6.569553 
0.486000 2.253621 1.087633 6.864889 12.267071 1.617228 -6.579036 
0.487000 2.266264 1.089287 6.858078 12.412858 1.619309 -6.587508 
0.488000 2.279010 1.090945 6.851415 12.559095 1.621395 -6.596051 
0.489000 2.291953 1.092604 6.844586 12.704720 1.623487 -6.603585 
0.490000 2.304997 1.094266 6.837908 12.850801 1.625586 -6.611191 
0.491000 2.318238 1.095929 6.831063 12.996268 1.627690 -6.617791 
0.492000 2.331579 1.097595 6.824372 13.142198 1.629800 -6.624464 
0.493000 2.345120 1.099262 6.817514 13.287514 1.631917 -6.630133 
0.494000 2.358758 1.100933 6.810810 13.433298 1.634039 -6.635876 
0.495000 2.372596 1.102605 6.803940 13.578467 1.636168 -6.640618 
0.496000 2.386532 1.104280 6.797227 13.724112 1.638302 -6.645434 
0.497000 2.400668 1.105956 6.790348 13.869139 1.640442 -6.649251 
0.498000 2.414900 1.107635 6.783627 14.014650 1.642589 -6.653144 
0.499000 2.429334 1.109316 6.776739 14.159542 1.644741 -6.656038 
0.500000 2.443862 1.111000 6.770012 14.304923 1.646900 -6.659010 
0.501000 2.458594 1.112684 6.763119 14.449685 1.649064 -6.660985 
0.502000 2.473418 1.114373 6.756388 14.594942 1.651235 -6.663038 
0.503000 2.488446 1.116062 6.749490 14.739580 1.653412 -6.664095 
0.504000 2.503567 1.117755 6.742757 14.884719 1.655595 -6.665231 
0.505000 2.518892 1.119448 6.735857 15.029238 1.657784 -6.665373 
0.506000 2.534308 1.121145 6.729123 15.174265 1.659979 -6.665593 
0.507000 2.549930 1.122843 6.722223 15.318671 1.662180 -6.664820 
0.508000 2.565641 1.124545 6.715491 15.463591 1.664388 -6.664127 
0.509000 2.581559 1.126248 6.708592 15.607889 1.666601 -6.662441 
0.510000 2.597566 1.127954 6.701864 15.752709 1.668821 -6.660834 
0.511000 2.613780 1.129661 6.694968 15.896905 1.671047 -6.658237 
0.512000 2.630082 1.131372 6.688245 16.041629 1.673280 -6.655718 
0.513000 2.646592 1.133084 6.681354 16.185728 1.675518 -6.652209 
0.514000 2.663189 1.134799 6.674638 16.330363 1.677763 -6.648779 
0.515000 2.679995 1.136516 6.667754 16.474372 1.680014 -6.644359 
0.516000 2.696886 1.138236 6.661047 16.618923 1.682272 -6.640017 
0.517000 2.713988 1.139956 6.654173 16.762847 1.684536 -6.634687 
0.518000 2.731173 1.141681 6.647477 16.907320 1.686806 -6.629434 
0.519000 2.748570 1.143407 6.640613 17.051165 1.689082 -6.623192 
0.520000 2.766050 1.145136 6.633929 17.195565 1.691366 -6.617027 
0.521000 2.783742 1.146866 6.627078 17.339338 1.693655 -6.609874 
0.522000 2.801516 1.148600 6.620409 17.483671 1.695951 -6.602797 
0.523000 2.819504 1.150335 6.613572 17.627376 1.698253 -6.594732 
0.524000 2.837571 1.152074 6.606920 17.771648 1.700563 -6.586742 
0.525000 2.855855 1.153814 6.600100 17.915291 1.702878 -6.577764 
0.526000 2.874216 1.155557 6.593466 18.059509 1.705200 -6.568860 
0.527000 2.892794 1.157301 6.586664 18.203096 1.707529 -6.558967 
0.528000 2.911449 1.159050 6.580050 18.347264 1.709865 -6.549147 
0.529000 2.930322 1.160799 6.573268 18.490801 1.712206 -6.538338 
0.530000 2.949270 1.162552 6.566677 18.634926 1.714555 -6.527600 
0.531000 2.968438 1.164306 6.559916 18.778419 1.716910 -6.515873 
0.532000 2.987680 1.166064 6.553349 18.922505 1.719273 -6.504217 
0.533000 3.007143 1.167822 6.546612 19.065960 1.721641 -6.491570 
0.534000 3.026678 1.169585 6.540071 19.210015 1.724017 -6.478991 
0.535000 3.046435 1.171349 6.533360 19.353437 1.726399 -6.465422 
0.536000 3.066264 1.173117 6.526846 19.497466 1.728789 -6.451919 
0.537000 3.086316 1.174885 6.520163 19.640861 1.731185 -6.437424 
0.538000 3.106438 1.176658 6.513679 19.784869 1.733589 -6.422994 
0.539000 3.126784 1.178431 6.507025 19.928243 1.735998 -6.407571 
0.540000 3.147200 1.180208 6.500573 20.072237 1.738416 -6.392211 
0.541000 3.167841 1.181987 6.493950 20.215596 1.740840 -6.375856 
0.542000 3.188549 1.183769 6.487532 20.359581 1.743272 -6.359562 
0.543000 3.209485 1.185552 6.480942 20.502931 1.745709 -6.342272 
0.544000 3.230486 1.187340 6.474559 20.646912 1.748156 -6.325041 
0.545000 3.251716 1.189128 6.468005 20.790259 1.750608 -6.306812 
0.546000 3.273011 1.190921 6.461659 20.934243 1.753068 -6.288639 
0.547000 3.294536 1.192714 6.455142 21.077591 1.755535 -6.269466 
0.548000 3.316124 1.194511 6.448835 21.221584 1.758010 -6.250347 
0.549000 3.337943 1.196310 6.442358 21.364940 1.760491 -6.230227 
0.550000 3.359824 1.198112 6.436092 21.508947 1.762981 -6.210157 
0.551000 3.381938 1.199916 6.429655 21.652317 1.765477 -6.189084 
0.552000 3.404112 1.201724 6.423432 21.796344 1.767982 -6.168059 
0.553000 3.426521 1.203532 6.417039 21.939732 1.770493 -6.146029 
0.554000 3.448989 1.205345 6.410861 22.083785 1.773013 -6.124043 
0.555000 3.471691 1.207159 6.404513 22.227199 1.775538 -6.101049 
0.556000 3.494453 1.208977 6.398382 22.371282 1.778074 -6.078097 
0.557000 3.517450 1.210796 6.392080 22.514727 1.780615 -6.054135 
0.558000 3.540505 1.212619 6.385999 22.658847 1.783165 -6.030210 
0.559000 3.563797 1.214443 6.379746 22.802327 1.785722 -6.005273 
0.560000 3.587145 1.216271 6.373715 22.946490 1.788288 -5.980370 
0.561000 3.610732 1.218101 6.367514 23.090012 1.790860 -5.954452 
0.562000 3.634374 1.219934 6.361536 23.234223 1.793442 -5.928564 
0.563000 3.658256 1.221769 6.355387 23.377793 1.796030 -5.901658 
0.564000 3.682192 1.223608 6.349464 23.522057 1.798628 -5.874778 
0.565000 3.706369 1.225448 6.343371 23.665679 1.801232 -5.846877 
0.566000 3.730598 1.227292 6.337505 23.810003 1.803847 -5.818999 
0.567000 3.755070 1.229138 6.331468 23.953683 1.806467 -5.790095 
0.568000 3.779593 1.230987 6.325662 24.098071 1.809097 -5.761211 
0.569000 3.804361 1.232838 6.319684 24.241815 1.811734 -5.731298 
0.570000 3.829178 1.234693 6.313939 24.386272 1.814381 -5.701400 
0.571000 3.854241 1.236549 6.308022 24.530085 1.817034 -5.670469 
0.572000 3.879353 1.238410 6.302340 24.674618 1.819698 -5.639548 
0.573000 3.904711 1.240271 6.296487 24.818505 1.822368 -5.607591 
0.574000 3.930117 1.242137 6.290871 24.963118 1.825049 -5.575640 
0.575000 3.955772 1.244004 6.285083 25.107084 1.827735 -5.542649 
0.576000 3.981472 1.245876 6.279533 25.251783 1.830433 -5.509658 
0.577000 4.007422 1.247748 6.273813 25.395834 1.833138 -5.475623 
0.578000 4.033417 1.249625 6.268334 25.540623 1.835853 -5.441584 
0.579000 4.059664 1.251503 6.262683 25.684764 1.838575 -5.406496 
0.580000 4.085953 1.253386 6.257275 25.829649 1.841308 -5.371400 
0.581000 4.112496 1.255270 6.251696 25.973885 1.844047 -5.335249 
0.582000 4.139081 1.257158 6.246362 26.118871 1.846798 -5.299085 
0.583000 4.165920 1.259047 6.240857 26.263206 1.849555 -5.261862 
0.584000 4.192800 1.260941 6.235599 26.408297 1.852324 -5.224619 
0.585000 4.219937 1.262836 6.230170 26.552737 1.855099 -5.186313 
0.586000 4.247112 1.264735 6.224991 26.697939 1.857886 -5.147983 
0.587000 4.274545 1.266636 6.219641 26.842488 1.860680 -5.108583 
0.588000 4.302016 1.268541 6.214542 26.987805 1.863485 -5.069153 
0.589000 4.329747 1.270448 6.209272 27.132468 1.866298 -5.028650 
0.590000 4.357513 1.272359 6.204256 27.277905 1.869122 -4.988109 
0.591000 4.385542 1.274271 6.199069 27.422687 1.871953 -4.946489 
0.592000 4.413604 1.276188 6.194139 27.568248 1.874797 -4.904827 
0.593000 4.441930 1.278106 6.189037 27.713152 1.877647 -4.862079 
0.594000 4.470290 1.280028 6.184193 27.858842 1.880510 -4.819283 
0.595000 4.498913 1.281952 6.179179 28.003874 1.883379 -4.775395 
0.596000 4.527569 1.283880 6.174426 28.149696 1.886262 -4.731452 
0.597000 4.556492 1.285810 6.169502 28.294859 1.889151 -4.686413 
0.598000 4.585444 1.287745 6.164840 28.440819 1.892053 -4.641311 
0.599000 4.614665 1.289680 6.160008 28.586118 1.894962 -4.595106 
0.600000 4.643915 1.291621 6.155441 28.732219 1.897884 -4.548832 
0.601000 4.673435 1.293562 6.150704 28.877656 1.900813 -4.501448 
0.602000 4.702982 1.295509 6.146234 29.023902 1.903755 -4.453989 
0.603000 4.732801 1.297456 6.141593 29.169483 1.906705 -4.405413 
0.604000 4.762646 1.299409 6.137223 29.315878 1.909668 -4.356755 
0.605000 4.792764 1.301362 6.132682 29.461606 1.912638 -4.306973 
0.606000 4.822908 1.303321 6.128413 29.608152 1.915622 -4.257101 
0.607000 4.853326 1.305281 6.123974 29.754030 1.918613 -4.206098 
0.608000 4.883767 1.307245 6.119810 29.900732 1.921617 -4.154998 
0.609000 4.914485 1.309211 6.115476 30.046763 1.924630 -4.102760 
0.610000 4.945226 1.311182 6.111418 30.193624 1.927656 -4.050417 
0.611000 4.976244 1.313154 6.107191 30.339812 1.930690 -3.996929 
0.612000 5.007283 1.315131 6.103243 30.486834 1.933737 -3.943327 
0.613000 5.038602 1.317109 6.099125 30.633181 1.936793 -3.888572 
0.614000 5.069941 1.319092 6.095289 30.780368 1.939863 -3.833697 
0.615000 5.101561 1.321077 6.091284 30.926877 1.942940 -3.777660 
0.616000 5.133200 1.323067 6.087562 31.074231 1.946032 -3.721494 
0.617000 5.165121 1.325058 6.083672 31.220904 1.949132 -3.664159 
0.618000 5.197060 1.327053 6.080067 31.368427 1.952247 -3.606686 
0.619000 5.229283 1.329051 6.076294 31.515267 1.955369 -3.548035 
0.620000 5.261522 1.331053 6.072810 31.662961 1.958507 -3.489239 
0.621000 5.294047 1.333057 6.069157 31.809969 1.961652 -3.429256 
0.622000 5.326587 1.335065 6.065796 31.957837 1.964812 -3.369118 
0.623000 5.359415 1.337076 6.062266 32.105015 1.967981 -3.307785 
0.624000 5.392255 1.339091 6.059030 32.253057 1.971165 -3.246288 
0.625000 5.425386 1.341107 6.055626 32.400407 1.974357 -3.183588 
0.626000 5.458528 1.343129 6.052518 32.548625 1.977564 -3.120714 
0.627000 5.491962 1.345152 6.049243 32.696147 1.980780 -3.056627 
0.628000 5.525405 1.347181 6.046266 32.844542 1.984011 -2.992357 
0.629000 5.559143 1.349211 6.043122 32.992237 1.987251 -2.926865 
0.630000 5.592888 1.351245 6.040279 33.140809 1.990507 -2.861181 
0.631000 5.626930 1.353282 6.037270 33.288678 1.993771 -2.794265 
0.632000 5.660978 1.355323 6.034564 33.437428 1.997052 -2.727148 
0.633000 5.695323 1.357367 6.031692 33.585471 2.000340 -2.658788 
0.634000 5.729674 1.359415 6.029126 33.734398 2.003646 -2.590217 
0.635000 5.764325 1.361465 6.026394 33.882614 2.006960 -2.520393 
0.636000 5.798979 1.363520 6.023970 34.031719 2.010290 -2.450348 
0.637000 5.833934 1.365577 6.021382 34.180108 2.013629 -2.379041 
0.638000 5.868892 1.367639 6.019104 34.329390 2.016985 -2.307502 
0.639000 5.904152 1.369703 6.016662 34.477950 2.020350 -2.234690 
0.640000 5.939414 1.371771 6.014533 34.627407 2.023731 -2.161635 
0.641000 5.974980 1.373842 6.012240 34.776137 2.027122 -2.087298 
0.642000 6.010546 1.375918 6.010264 34.925768 2.030530 -2.012707 
0.643000 6.046418 1.377995 6.008124 35.074667 2.033946 -1.936822 
0.644000 6.082288 1.380078 6.006302 35.224468 2.037381 -1.860674 
0.645000 6.118467 1.382163 6.004318 35.373533 2.040824 -1.783220 
0.646000 6.154642 1.384252 6.002655 35.523504 2.044285 -1.705491 
0.647000 6.191127 1.386344 6.000829 35.672732 2.047754 -1.626446 
0.648000 6.227608 1.388441 5.999328 35.822868 2.051242 -1.547115 
0.649000 6.264400 1.390540 5.997665 35.972256 2.054739 -1.466456 
0.650000 6.301186 1.392644 5.996328 36.122554 2.058254 -1.385500 
0.651000 6.338286 1.394750 5.994831 36.272097 2.061778 -1.303204 
0.652000 6.375378 1.396861 5.993663 36.422554 2.065321 -1.220600 
0.653000 6.412786 1.398974 5.992334 36.572249 2.068873 -1.136645 
0.654000 6.450184 1.401093 5.991338 36.722859 2.072443 -1.052369 
0.655000 6.487900 1.403213 5.990182 36.872700 2.076023 -0.966730 
0.656000 6.525604 1.405339 5.989361 37.023458 2.079622 -0.880759 
0.657000 6.563628 1.407467 5.988380 37.173440 2.083230 -0.793412 
0.658000 6.601640 1.409600 5.987738 37.324341 2.086857 -0.705722 
0.659000 6.639973 1.411735 5.986937 37.474456 2.090493 -0.616644 
0.660000 6.678291 1.413876 5.986476 37.625493 2.094149 -0.527210 
0.661000 6.716933 1.416019 5.985858 37.775736 2.097814 -0.436375 
0.662000 6.755558 1.418167 5.985584 37.926901 2.101498 -0.345173 
0.663000 6.794509 1.420317 5.985152 38.077265 2.105192 -0.252558 
0.664000 6.833443 1.422473 5.985067 38.228550 2.108906 -0.159563 
0.665000 6.872703 1.424631 5.984826 38.379025 2.112630 -0.065141 
0.666000 6.911944 1.426794 5.984934 38.530423 2.116373 0.029672 
0.667000 6.951514 1.428960 5.984887 38.681000 2.120126 0.125925 
0.668000 6.991063 1.431131 5.985192 38.832501 2.123898 0.222582 
0.669000 7.030943 1.433304 5.985342 38.983171 2.127681 0.320691 
0.670000 7.070800 1.435483 5.985847 39.134764 2.131484 0.419217 
0.671000 7.110990 1.437664 5.986199 39.285516 2.135296 0.519209 
0.672000 7.151156 1.439850 5.986909 39.437191 2.139129 0.619630 
0.673000 7.191656 1.442039 5.987467 39.588013 2.142972 0.721530 
0.674000 7.232130 1.444234 5.988385 39.739758 2.146835 0.823872 
0.675000 7.272940 1.446430 5.989152 39.890639 2.150708 0.927706 
0.676000 7.313723 1.448633 5.990283 40.042440 2.154602 1.031995 
0.677000 7.354844 1.450838 5.991263 40.193366 2.158506 1.137789 
0.678000 7.395936 1.453048 5.992610 40.345212 2.162430 1.244051 
0.679000 7.437367 1.455261 5.993807 40.496168 2.166365 1.351832 
0.680000 7.478768 1.457479 5.995375 40.648043 2.170320 1.460093 
0.681000 7.520510 1.459700 5.996794 40.799015 2.174286 1.569887 
0.682000 7.562219 1.461926 5.998586 40.950903 2.178272 1.680174 
0.683000 7.604272 1.464155 6.000230 41.101876 2.182269 1.792007 
0.684000 7.646290 1.466390 6.002252 41.253761 2.186287 1.904346 
0.685000 7.688653 1.468627 6.004126 41.404716 2.190314 2.018244 
0.686000 7.730980 1.470870 6.006380 41.556580 2.194364 2.132661 
0.687000 7.773654 1.473116 6.008488 41.707500 2.198423 2.248651 
0.688000 7.816289 1.475367 6.010979 41.859325 2.202504 2.365173 
0.689000 7.859274 1.477621 6.013326 42.010190 2.206594 2.483281 
0.690000 7.902218 1.479880 6.016059 42.161956 2.210706 2.601933 
0.691000 7.945513 1.482143 6.018648 42.312746 2.214829 2.722185 
0.692000 7.988766 1.484410 6.021627 42.464433 2.218973 2.842993 
0.693000 8.032371 1.486681 6.024463 42.615125 2.223126 2.965415 
0.694000 8.075932 1.488958 6.027692 42.766710 2.227302 3.088406 
0.695000 8.119847 1.491237 6.030780 42.917283 2.231487 3.213024 
0.696000 8.163716 1.493522 6.034264 43.068743 2.235695 3.338223 
0.697000 8.207941 1.495810 6.037608 43.219173 2.239912 3.465061 
0.698000 8.252117 1.498103 6.041352 43.370484 2.244151 3.592493 
0.699000 8.296652 1.500400 6.044956 43.520744 2.248400 3.721578 
