0.000000 8.853080 0.288603 -2.073810 -13.248536 2.001552 43.466817 
0.001000 8.839531 0.290650 -2.029356 -13.294457 2.000469 43.442260 
0.002000 8.825887 0.292695 -1.984952 -13.340741 1.999372 43.417115 
0.003000 8.812243 0.294739 -1.940549 -13.387026 1.998275 43.391962 
0.004000 8.798505 0.296782 -1.896197 -13.433675 1.997163 43.366215 
0.005000 8.784766 0.298824 -1.851847 -13.480326 1.996050 43.340452 
0.006000 8.770932 0.300865 -1.807547 -13.527342 1.994923 43.314087 
0.007000 8.757097 0.302905 -1.763251 -13.574360 1.993796 43.287698 
0.008000 8.743167 0.304943 -1.719006 -13.621744 1.992654 43.260700 
0.009000 8.729234 0.306981 -1.674765 -13.669132 1.991511 43.233670 
0.010000 8.715208 0.309016 -1.630574 -13.716885 1.990353 43.206023 
0.011000 8.701177 0.311052 -1.586390 -13.764642 1.989194 43.178335 
0.012000 8.687053 0.313085 -1.542256 -13.812766 1.988020 43.150021 
0.013000 8.672924 0.315118 -1.498130 -13.860895 1.986845 43.121659 
0.014000 8.658702 0.317149 -1.454054 -13.909390 1.985655 43.092663 
0.015000 8.644474 0.319180 -1.409987 -13.957890 1.984464 43.063608 
0.016000 8.630152 0.321208 -1.365971 -14.006758 1.983258 43.033912 
0.017000 8.615824 0.323236 -1.321965 -14.055631 1.982050 43.004148 
0.018000 8.601402 0.325262 -1.278009 -14.104872 1.980827 42.973734 
0.019000 8.586974 0.327288 -1.234065 -14.154118 1.979602 42.943242 
0.020000 8.572451 0.329311 -1.190172 -14.203732 1.978362 42.912092 
0.021000 8.557921 0.331334 -1.146292 -14.253352 1.977120 42.880854 
0.022000 8.543297 0.333355 -1.102462 -14.303339 1.975863 42.848948 
0.023000 8.528665 0.335376 -1.058647 -14.353332 1.974604 42.816946 
0.024000 8.513938 0.337394 -1.014884 -14.403693 1.973329 42.784266 
0.025000 8.499203 0.339412 -0.971135 -14.454060 1.972052 42.751478 
0.026000 8.484374 0.341428 -0.927439 -14.504794 1.970759 42.718004 
0.027000 8.469535 0.343443 -0.883759 -14.555534 1.969464 42.684411 
0.028000 8.454601 0.345456 -0.840131 -14.606641 1.968153 42.650122 
0.029000 8.439658 0.347469 -0.796521 -14.657754 1.966840 42.615705 
0.030000 8.424620 0.349479 -0.752964 -14.709233 1.965510 42.580580 
0.031000 8.409571 0.351489 -0.709426 -14.760717 1.964178 42.545316 
0.032000 8.394428 0.353497 -0.665941 -14.812566 1.962830 42.509335 
0.033000 8.379273 0.355504 -0.622476 -14.864421 1.961479 42.473202 
0.034000 8.364024 0.357509 -0.579065 -14.916640 1.960111 42.436342 
0.035000 8.348762 0.359513 -0.535676 -14.968863 1.958741 42.399319 
0.036000 8.333406 0.361515 -0.492340 -15.021450 1.957354 42.361558 
0.037000 8.318037 0.363517 -0.449029 -15.074040 1.955964 42.323622 
0.038000 8.302574 0.365516 -0.405770 -15.126993 1.954557 42.284937 
0.039000 8.287096 0.367515 -0.362538 -15.179947 1.953148 42.246064 
0.040000 8.271524 0.369511 -0.319359 -15.233263 1.951721 42.206431 
0.041000 8.255937 0.371507 -0.276208 -15.286579 1.950291 42.166597 
0.042000 8.240257 0.373500 -0.233111 -15.340255 1.948844 42.125992 
0.043000 8.224560 0.375493 -0.190042 -15.393930 1.947393 42.085173 
0.044000 8.208769 0.377484 -0.147029 -15.447962 1.945925 42.043570 
0.045000 8.192962 0.379473 -0.104046 -15.501991 1.944454 42.001740 
0.046000 8.177061 0.381461 -0.061117 -15.556373 1.942965 41.959114 
0.047000 8.161143 0.383448 -0.018221 -15.610749 1.941472 41.916246 
0.048000 8.145131 0.385432 0.024619 -15.665476 1.939961 41.872569 
0.049000 8.129101 0.387416 0.067426 -15.720192 1.938447 41.828636 
0.050000 8.112976 0.389397 0.110176 -15.775258 1.936915 41.783881 
0.051000 8.096833 0.391377 0.152892 -15.830310 1.935379 41.738856 
0.052000 8.080597 0.393356 0.195550 -15.885708 1.933824 41.692997 
0.053000 8.064340 0.395333 0.238171 -15.941090 1.932266 41.646851 
0.054000 8.047990 0.397308 0.280736 -15.996814 1.930689 41.599858 
0.055000 8.031620 0.399282 0.323261 -16.052520 1.929108 41.552564 
0.056000 8.015156 0.401254 0.365728 -16.108564 1.927509 41.504409 
0.057000 7.998671 0.403225 0.408155 -16.164586 1.925905 41.455938 
0.058000 7.982093 0.405193 0.450523 -16.220944 1.924282 41.406592 
0.059000 7.965493 0.407161 0.492849 -16.277275 1.922655 41.356913 
0.060000 7.948799 0.409126 0.535116 -16.333937 1.921009 41.306345 
0.061000 7.932083 0.411090 0.577338 -16.390569 1.919358 41.255428 
0.062000 7.915273 0.413052 0.619501 -16.447528 1.917688 41.203608 
0.063000 7.898441 0.415012 0.661617 -16.504452 1.916013 41.151423 
0.064000 7.881514 0.416971 0.703673 -16.561698 1.914319 41.098319 
0.065000 7.864565 0.418928 0.745680 -16.618904 1.912620 41.044833 
0.066000 7.847522 0.420883 0.787627 -16.676427 1.910901 40.990414 
0.067000 7.830454 0.422836 0.829523 -16.733905 1.909177 40.935594 
0.068000 7.813294 0.424788 0.871357 -16.791695 1.907434 40.879827 
0.069000 7.796108 0.426738 0.913140 -16.849433 1.905685 40.823641 
0.070000 7.778830 0.428686 0.954859 -16.907478 1.903916 40.766492 
0.071000 7.761525 0.430632 0.996525 -16.965465 1.902142 40.708906 
0.072000 7.744128 0.432576 1.038126 -17.023752 1.900348 40.650341 
0.073000 7.726705 0.434519 1.079672 -17.081975 1.898548 40.591321 
0.074000 7.709188 0.436460 1.121153 -17.140491 1.896729 40.531305 
0.075000 7.691645 0.438399 1.162575 -17.198936 1.894903 40.470815 
0.076000 7.674009 0.440336 1.203933 -17.257666 1.893057 40.409313 
0.077000 7.656346 0.442271 1.245230 -17.316318 1.891205 40.347317 
0.078000 7.638590 0.444204 1.286460 -17.375247 1.889332 40.284293 
0.079000 7.620806 0.446136 1.327628 -17.434090 1.887453 40.220755 
0.080000 7.602930 0.448065 1.368728 -17.493202 1.885554 40.156172 
0.081000 7.585025 0.449992 1.409765 -17.552219 1.883648 40.091055 
0.082000 7.567028 0.451917 1.450732 -17.611496 1.881722 40.024875 
0.083000 7.549002 0.453841 1.491632 -17.670668 1.879789 39.958141 
0.084000 7.530884 0.455762 1.532463 -17.730092 1.877836 39.890327 
0.085000 7.512736 0.457682 1.573225 -17.789401 1.875875 39.821938 
0.086000 7.494497 0.459599 1.613916 -17.848951 1.873894 39.752451 
0.087000 7.476228 0.461515 1.654536 -17.908376 1.871905 39.682367 
0.088000 7.457867 0.463428 1.695083 -17.968031 1.869896 39.611168 
0.089000 7.439476 0.465340 1.735557 -18.027550 1.867879 39.539351 
0.090000 7.420993 0.467249 1.775958 -18.087288 1.865842 39.466399 
0.091000 7.402479 0.469156 1.816283 -18.146878 1.863797 39.392808 
0.092000 7.383875 0.471061 1.856533 -18.206675 1.861731 39.318064 
0.093000 7.365239 0.472964 1.896705 -18.266311 1.859658 39.242659 
0.094000 7.346512 0.474865 1.936801 -18.326142 1.857563 39.166082 
0.095000 7.327754 0.476764 1.976816 -18.385798 1.855461 39.088821 
0.096000 7.308906 0.478660 2.016754 -18.445636 1.853337 39.010369 
0.097000 7.290025 0.480555 2.056609 -18.505285 1.851206 38.931211 
0.098000 7.271054 0.482447 2.096385 -18.565101 1.849053 38.850843 
0.099000 7.252052 0.484337 2.136075 -18.624713 1.846892 38.769747 
0.100000 7.232959 0.486224 2.175685 -18.684478 1.844710 38.687420 
0.101000 7.213834 0.488110 2.215208 -18.744023 1.842520 38.604343 
0.102000 7.194620 0.489993 2.254648 -18.803705 1.840309 38.520016 
0.103000 7.175372 0.491874 2.293997 -18.863151 1.838089 38.434914 
0.104000 7.156036 0.493753 2.333263 -18.922717 1.835848 38.348544 
0.105000 7.136667 0.495629 2.372436 -18.982028 1.833598 38.261375 
0.106000 7.117210 0.497503 2.411524 -19.041443 1.831327 38.172919 
0.107000 7.097720 0.499375 2.450516 -19.100584 1.829048 38.083641 
0.108000 7.078141 0.501244 2.489421 -19.159811 1.826747 37.993055 
0.109000 7.058530 0.503112 2.528228 -19.218745 1.824437 37.901624 
0.110000 7.038831 0.504976 2.566946 -19.277744 1.822107 37.808866 
0.111000 7.019098 0.506839 2.605563 -19.336430 1.819767 37.715239 
0.112000 6.999280 0.508698 2.644090 -19.395162 1.817406 37.620265 
0.113000 6.979427 0.510556 2.682513 -19.453560 1.815037 37.524399 
0.114000 6.959489 0.512411 2.720843 -19.511981 1.812646 37.427166 
0.115000 6.939517 0.514264 2.759067 -19.570045 1.810247 37.329018 
0.116000 6.919460 0.516114 2.797197 -19.628112 1.807826 37.229484 
0.117000 6.899369 0.517961 2.835217 -19.685797 1.805397 37.129011 
0.118000 6.879194 0.519806 2.873141 -19.743462 1.802946 37.027133 
0.119000 6.858985 0.521649 2.910954 -19.800720 1.800487 36.924293 
0.120000 6.838693 0.523489 2.948667 -19.857934 1.798006 36.820028 
0.121000 6.818367 0.525327 2.986266 -19.914716 1.795517 36.714779 
0.122000 6.797959 0.527162 3.023765 -19.971427 1.793007 36.608086 
0.123000 6.777517 0.528994 3.061145 -20.027680 1.790488 36.500385 
0.124000 6.756994 0.530824 3.098423 -20.083836 1.787948 36.391223 
0.125000 6.736437 0.532651 3.135581 -20.139505 1.785400 36.281031 
0.126000 6.715800 0.534476 3.172633 -20.195049 1.782831 36.169359 
0.127000 6.695130 0.536298 3.209562 -20.250078 1.780254 36.056635 
0.128000 6.674380 0.538117 3.246385 -20.304954 1.777656 35.942414 
0.129000 6.653598 0.539934 3.283080 -20.359282 1.775050 35.827120 
0.130000 6.632737 0.541748 3.319666 -20.413428 1.772423 35.710310 
0.131000 6.611843 0.543559 3.356123 -20.466996 1.769789 35.592408 
0.132000 6.590873 0.545368 3.392468 -20.520350 1.767134 35.472973 
0.133000 6.569871 0.547174 3.428680 -20.573093 1.764471 35.352425 
0.134000 6.548792 0.548977 3.464779 -20.625590 1.761788 35.230329 
0.135000 6.527683 0.550778 3.500741 -20.677442 1.759098 35.107100 
0.136000 6.506498 0.552575 3.536587 -20.729015 1.756387 34.982308 
0.137000 6.485283 0.554370 3.572294 -20.779907 1.753670 34.856365 
0.138000 6.463994 0.556162 3.607883 -20.830486 1.750933 34.728844 
0.139000 6.442676 0.557952 3.643330 -20.880347 1.748189 34.600155 
0.140000 6.421285 0.559738 3.678655 -20.929861 1.745426 34.469874 
0.141000 6.399865 0.561522 3.713835 -20.978619 1.742656 34.338408 
0.142000 6.378375 0.563302 3.748892 -21.026992 1.739867 34.205338 
0.143000 6.356856 0.565080 3.783800 -21.074571 1.737072 34.071067 
0.144000 6.335269 0.566855 3.818582 -21.121728 1.734259 33.935181 
0.145000 6.313653 0.568628 3.853212 -21.168051 1.731439 33.798080 
0.146000 6.291971 0.570397 3.887713 -21.213912 1.728602 33.659354 
0.147000 6.270262 0.572163 3.922059 -21.258899 1.725759 33.519400 
0.148000 6.248488 0.573927 3.956275 -21.303384 1.722899 33.377811 
0.149000 6.226687 0.575688 3.990331 -21.346952 1.720033 33.234983 
0.150000 6.204824 0.577445 4.024254 -21.389979 1.717151 33.090513 
0.151000 6.182936 0.579200 4.058015 -21.432045 1.714264 32.944794 
0.152000 6.160986 0.580952 4.091640 -21.473528 1.711360 32.797426 
0.153000 6.139013 0.582700 4.125100 -21.514006 1.708453 32.648801 
0.154000 6.116981 0.584446 4.158421 -21.553858 1.705529 32.498523 
0.155000 6.094927 0.586189 4.191573 -21.592661 1.702603 32.346981 
0.156000 6.072815 0.587929 4.224584 -21.630794 1.699660 32.193783 
0.157000 6.050682 0.589665 4.257423 -21.667831 1.696716 32.039317 
0.158000 6.028495 0.591399 4.290118 -21.704155 1.693756 31.883193 
0.159000 6.006288 0.593130 4.322638 -21.739336 1.690795 31.725799 
0.160000 5.984029 0.594857 4.355011 -21.773760 1.687819 31.566748 
0.161000 5.961752 0.596582 4.387205 -21.806992 1.684842 31.406425 
0.162000 5.939424 0.598304 4.419251 -21.839422 1.681852 31.244448 
0.163000 5.917081 0.600022 4.451113 -21.870613 1.678861 31.081202 
0.164000 5.894690 0.601738 4.482825 -21.900955 1.675858 30.916306 
0.165000 5.872284 0.603450 4.514350 -21.930010 1.672855 30.750145 
0.166000 5.849833 0.605159 4.545722 -21.958169 1.669841 30.582340 
0.167000 5.827370 0.606866 4.576904 -21.984992 1.666827 30.413277 
0.168000 5.804865 0.608569 4.607930 -22.010873 1.663803 30.242579 
0.169000 5.782349 0.610269 4.638763 -22.035368 1.660780 30.070632 
0.170000 5.759793 0.611966 4.669437 -22.058875 1.657748 29.897061 
0.171000 5.737229 0.613660 4.699915 -22.080946 1.654718 29.722252 
0.172000 5.714628 0.615350 4.730232 -22.101982 1.651680 29.545833 
0.173000 5.692021 0.617038 4.760349 -22.121533 1.648645 29.368191 
0.174000 5.669380 0.618723 4.790302 -22.140001 1.645603 29.188954 
0.175000 5.646735 0.620404 4.820053 -22.156937 1.642565 29.008511 
0.176000 5.624060 0.622082 4.849637 -22.172742 1.639520 28.826491 
0.177000 5.601383 0.623757 4.879015 -22.186965 1.636481 28.643286 
0.178000 5.578678 0.625430 4.908225 -22.200011 1.633436 28.458524 
0.179000 5.555974 0.627098 4.937225 -22.211427 1.630398 28.272600 
0.180000 5.533246 0.628764 4.966054 -22.221620 1.627355 28.085142 
0.181000 5.510521 0.630427 4.994671 -22.230136 1.624320 27.896548 
0.182000 5.487776 0.632087 5.023114 -22.237382 1.621282 27.706446 
0.183000 5.465037 0.633743 5.051342 -22.242905 1.618252 27.515236 
0.184000 5.442280 0.635397 5.079395 -22.247113 1.615220 27.322547 
0.185000 5.419532 0.637047 5.107228 -22.249551 1.612198 27.128781 
0.186000 5.396770 0.638694 5.134885 -22.250631 1.609175 26.933568 
0.187000 5.374020 0.640339 5.162319 -22.249896 1.606163 26.737312 
0.188000 5.351260 0.641980 5.189574 -22.247760 1.603151 26.539642 
0.189000 5.328514 0.643618 5.216604 -22.243766 1.600152 26.340968 
0.190000 5.305762 0.645253 5.243452 -22.238329 1.597154 26.140914 
0.191000 5.283027 0.646885 5.270073 -22.230992 1.594170 25.939898 
0.192000 5.260290 0.648514 5.296510 -22.222171 1.591188 25.737541 
0.193000 5.237573 0.650139 5.322717 -22.211410 1.588221 25.534265 
0.194000 5.214858 0.651762 5.348739 -22.199128 1.585257 25.329688 
0.195000 5.192166 0.653382 5.374527 -22.184865 1.582310 25.124239 
0.196000 5.169481 0.654999 5.400128 -22.169044 1.579368 24.917532 
0.197000 5.146821 0.656612 5.425494 -22.151207 1.576444 24.710003 
0.198000 5.124172 0.658223 5.450671 -22.131776 1.573525 24.501261 
0.199000 5.101553 0.659831 5.475610 -22.110295 1.570626 24.291748 
0.200000 5.078947 0.661436 5.500358 -22.087186 1.567733 24.081072 
0.201000 5.056375 0.663037 5.524866 -22.061995 1.564862 23.869678 
0.202000 5.033821 0.664636 5.549181 -22.035145 1.561998 23.657170 
0.203000 5.011304 0.666232 5.573255 -22.006183 1.559157 23.444003 
0.204000 4.988809 0.667826 5.597134 -21.975533 1.556324 23.229773 
0.205000 4.966354 0.669416 5.620769 -21.942745 1.553516 23.014942 
0.206000 4.943927 0.671003 5.644210 -21.908242 1.550718 22.799103 
0.207000 4.921543 0.672588 5.667403 -21.871577 1.547944 22.582725 
0.208000 4.899190 0.674169 5.690401 -21.833172 1.545182 22.365393 
0.209000 4.876885 0.675748 5.713150 -21.792583 1.542447 22.147586 
0.210000 4.854615 0.677324 5.735702 -21.750234 1.539724 21.928882 
0.211000 4.832396 0.678898 5.758004 -21.705682 1.537029 21.709769 
0.212000 4.810218 0.680468 5.780108 -21.659350 1.534348 21.489817 
0.213000 4.788094 0.682036 5.801960 -21.610801 1.531695 21.269523 
0.214000 4.766015 0.683601 5.823613 -21.560456 1.529058 21.048449 
0.215000 4.743993 0.685164 5.845013 -21.507881 1.526450 20.827103 
0.216000 4.722022 0.686723 5.866213 -21.453495 1.523859 20.605036 
0.217000 4.700112 0.688280 5.887159 -21.396872 1.521299 20.382767 
0.218000 4.678256 0.689835 5.907905 -21.338428 1.518757 20.159840 
0.219000 4.656466 0.691387 5.928394 -21.277740 1.516247 19.936781 
0.220000 4.634734 0.692937 5.948684 -21.215222 1.513755 19.713125 
0.221000 4.613072 0.694483 5.968716 -21.150459 1.511297 19.489411 
0.222000 4.591473 0.696028 5.988548 -21.083860 1.508858 19.265161 
0.223000 4.569946 0.697569 6.008121 -21.015018 1.506454 19.040926 
0.224000 4.548488 0.699109 6.027495 -20.944337 1.504071 18.816217 
0.225000 4.527106 0.700646 6.046608 -20.871417 1.501723 18.591597 
0.226000 4.505797 0.702181 6.065522 -20.796659 1.499397 18.366565 
0.227000 4.484568 0.703713 6.084176 -20.719670 1.497107 18.141696 
0.228000 4.463417 0.705243 6.102630 -20.640846 1.494840 17.916478 
0.229000 4.442349 0.706770 6.120823 -20.559800 1.492610 17.691496 
0.230000 4.421363 0.708296 6.138816 -20.476927 1.490404 17.466226 
0.231000 4.400465 0.709819 6.156548 -20.391846 1.488236 17.241267 
0.232000 4.379653 0.711340 6.174082 -20.304945 1.486092 17.016080 
0.233000 4.358933 0.712859 6.191354 -20.215855 1.483988 16.791278 
0.234000 4.338303 0.714375 6.208427 -20.124955 1.481908 16.566309 
0.235000 4.317768 0.715890 6.225239 -20.031887 1.479869 16.341797 
0.236000 4.297329 0.717402 6.241853 -19.937023 1.477855 16.117177 
0.237000 4.276989 0.718913 6.258205 -19.840013 1.475882 15.893086 
0.238000 4.256748 0.720421 6.274362 -19.741224 1.473936 15.668946 
0.239000 4.236610 0.721927 6.290255 -19.640315 1.472031 15.445407 
0.240000 4.216575 0.723432 6.305954 -19.537645 1.470152 15.221875 
0.241000 4.196647 0.724935 6.321390 -19.432884 1.468316 14.999014 
0.242000 4.176827 0.726436 6.336633 -19.326383 1.466508 14.776216 
0.243000 4.157116 0.727934 6.351614 -19.217823 1.464742 14.554157 
0.244000 4.137518 0.729432 6.366403 -19.107544 1.463004 14.332215 
0.245000 4.118033 0.730927 6.380929 -18.995242 1.461310 14.111080 
0.246000 4.098665 0.732421 6.395266 -18.881245 1.459643 13.890115 
0.247000 4.079413 0.733912 6.409340 -18.765260 1.458021 13.670022 
0.248000 4.060282 0.735403 6.423227 -18.647607 1.456427 13.450149 
0.249000 4.041271 0.736891 6.436852 -18.528005 1.454877 13.231212 
0.250000 4.022384 0.738379 6.450290 -18.406763 1.453357 13.012544 
0.251000 4.003621 0.739864 6.463468 -18.283613 1.451880 12.794875 
0.252000 3.984987 0.741348 6.476461 -18.158852 1.450433 12.577521 
0.253000 3.966478 0.742831 6.489194 -18.032226 1.449031 12.361226 
0.254000 3.948103 0.744312 6.501745 -17.904019 1.447659 12.145291 
0.255000 3.929857 0.745792 6.514036 -17.773992 1.446331 11.930473 
0.256000 3.911748 0.747271 6.526148 -17.642415 1.445033 11.716056 
0.257000 3.893771 0.748747 6.538001 -17.509065 1.443780 11.502814 
0.258000 3.875934 0.750224 6.549676 -17.374198 1.442557 11.290013 
0.259000 3.858233 0.751698 6.561094 -17.237604 1.441379 11.078440 
0.260000 3.840676 0.753172 6.572336 -17.099528 1.440231 10.867346 
0.261000 3.823258 0.754644 6.583322 -16.959774 1.439128 10.657532 
0.262000 3.805986 0.756116 6.594135 -16.818571 1.438055 10.448233 
0.263000 3.788856 0.757585 6.604693 -16.675741 1.437027 10.240263 
0.264000 3.771877 0.759055 6.615081 -16.531497 1.436030 10.032842 
0.265000 3.755043 0.760523 6.625214 -16.385677 1.435077 9.826796 
0.266000 3.738361 0.761990 6.635181 -16.238478 1.434154 9.621330 
0.267000 3.721828 0.763456 6.644894 -16.089754 1.433277 9.417285 
0.268000 3.705451 0.764922 6.654443 -15.939688 1.432429 9.213848 
0.269000 3.689225 0.766386 6.663740 -15.788148 1.431626 9.011874 
0.270000 3.673158 0.767850 6.672877 -15.635303 1.430852 8.810535 
0.271000 3.657244 0.769313 6.681762 -15.481037 1.430124 8.610699 
0.272000 3.641492 0.770775 6.690489 -15.325501 1.429425 8.411523 
0.273000 3.625897 0.772237 6.698967 -15.168597 1.428770 8.213887 
0.274000 3.610466 0.773698 6.707290 -15.010460 1.428144 8.016932 
0.275000 3.595194 0.775158 6.715365 -14.851008 1.427563 7.821554 
0.276000 3.580089 0.776618 6.723288 -14.690358 1.427011 7.626877 
0.277000 3.565146 0.778077 6.730965 -14.528447 1.426502 7.433809 
0.278000 3.550373 0.779536 6.738494 -14.365374 1.426023 7.241460 
0.279000 3.535762 0.780993 6.745777 -14.201093 1.425587 7.050751 
0.280000 3.521325 0.782452 6.752915 -14.035684 1.425179 6.860777 
0.281000 3.507054 0.783908 6.759810 -13.869122 1.424815 6.672471 
0.282000 3.492957 0.785366 6.766563 -13.701466 1.424478 6.484914 
0.283000 3.479028 0.786822 6.773074 -13.532709 1.424185 6.299052 
0.284000 3.465277 0.788279 6.779448 -13.362894 1.423919 6.113951 
0.285000 3.451695 0.789735 6.785580 -13.192029 1.423696 5.930568 
0.286000 3.438294 0.791191 6.791578 -13.020140 1.423500 5.747956 
0.287000 3.425064 0.792646 6.797337 -12.847254 1.423346 5.567086 
0.288000 3.412016 0.794102 6.802965 -12.673376 1.423219 5.386993 
0.289000 3.399141 0.795557 6.808356 -12.498553 1.423133 5.208663 
0.290000 3.386451 0.797013 6.813619 -12.322769 1.423074 5.031118 
0.291000 3.373936 0.798468 6.818646 -12.146092 1.423056 4.855353 
0.292000 3.361607 0.799924 6.823550 -11.968485 1.423064 4.680377 
0.293000 3.349455 0.801379 6.828220 -11.790036 1.423113 4.507198 
0.294000 3.337491 0.802835 6.832770 -11.610687 1.423188 4.334811 
0.295000 3.325707 0.804290 6.837086 -11.430545 1.423302 4.164237 
0.296000 3.314111 0.805746 6.841287 -11.249534 1.423442 3.994456 
0.297000 3.302697 0.807202 6.845257 -11.067777 1.423621 3.826500 
0.298000 3.291473 0.808658 6.849114 -10.885180 1.423825 3.659338 
0.299000 3.280432 0.810114 6.852742 -10.701886 1.424068 3.494013 
0.300000 3.269583 0.811571 6.856261 -10.517779 1.424336 3.329480 
0.301000 3.258918 0.813027 6.859552 -10.333022 1.424641 3.166794 
0.302000 3.248447 0.814485 6.862738 -10.147479 1.424971 3.004898 
0.303000 3.238162 0.815942 6.865698 -9.961332 1.425339 2.844857 
0.304000 3.228072 0.817400 6.868557 -9.774423 1.425730 2.685603 
0.305000 3.218170 0.818858 6.871191 -9.586957 1.426158 2.528210 
0.306000 3.208463 0.820317 6.873728 -9.398753 1.426610 2.371599 
0.307000 3.198945 0.821776 6.876042 -9.210036 1.427098 2.216856 
0.308000 3.189624 0.823236 6.878263 -9.020605 1.427608 2.062889 
0.309000 3.180494 0.824696 6.880262 -8.830704 1.428155 1.910794 
0.310000 3.171562 0.826158 6.882171 -8.640111 1.428724 1.759468 
0.311000 3.162822 0.827619 6.883861 -8.449091 1.429328 1.610018 
0.312000 3.154280 0.829081 6.885464 -8.257400 1.429954 1.461329 
0.313000 3.145932 0.830543 6.886850 -8.065322 1.430615 1.314517 
0.314000 3.137783 0.832007 6.888153 -7.872595 1.431297 1.168459 
0.315000 3.129829 0.833471 6.889240 -7.679521 1.432013 1.024279 
0.316000 3.122075 0.834937 6.890248 -7.485815 1.432751 0.880843 
0.317000 3.114517 0.836402 6.891041 -7.291803 1.433522 0.739285 
0.318000 3.107160 0.837869 6.891760 -7.097177 1.434313 0.598461 
0.319000 3.100000 0.839335 6.892265 -6.902283 1.435137 0.459515 
0.320000 3.093042 0.840804 6.892700 -6.706792 1.435982 0.321292 
0.321000 3.086282 0.842273 6.892923 -6.511070 1.436859 0.184946 
0.322000 3.079724 0.843743 6.893079 -6.314767 1.437755 0.049311 
0.323000 3.073366 0.845213 6.893023 -6.118268 1.438684 -0.084450 
0.324000 3.067210 0.846686 6.892906 -5.921204 1.439631 -0.217510 
0.325000 3.061254 0.848158 6.892579 -5.723979 1.440610 -0.348700 
0.326000 3.055502 0.849632 6.892193 -5.526203 1.441608 -0.479201 
0.327000 3.049951 0.851107 6.891598 -5.328300 1.442636 -0.607837 
0.328000 3.044603 0.852583 6.890949 -5.129858 1.443683 -0.735796 
0.329000 3.039458 0.854060 6.890093 -4.931323 1.444760 -0.861893 
0.330000 3.034516 0.855538 6.889186 -4.732261 1.445855 -0.987327 
0.331000 3.029779 0.857017 6.888074 -4.533137 1.446980 -1.110904 
0.332000 3.025244 0.858498 6.886914 -4.333497 1.448122 -1.233831 
0.333000 3.020915 0.859979 6.885550 -4.133827 1.449293 -1.354907 
0.334000 3.016789 0.861463 6.884143 -3.933651 1.450482 -1.475347 
0.335000 3.012869 0.862946 6.882532 -3.733474 1.451699 -1.593941 
0.336000 3.009152 0.864432 6.880882 -3.532801 1.452933 -1.711912 
0.337000 3.005643 0.865918 6.879031 -3.332155 1.454195 -1.828045 
0.338000 3.002337 0.867406 6.877143 -3.131022 1.455473 -1.943568 
0.339000 2.999239 0.868895 6.875055 -2.929945 1.456779 -2.057259 
0.340000 2.996344 0.870386 6.872935 -2.728388 1.458101 -2.170356 
0.341000 2.993658 0.871877 6.870616 -2.526913 1.459450 -2.281627 
0.342000 2.991175 0.873371 6.868268 -2.324966 1.460815 -2.392318 
0.343000 2.988902 0.874865 6.865723 -2.123127 1.462207 -2.501191 
0.344000 2.986832 0.876362 6.863152 -1.920820 1.463614 -2.609498 
0.345000 2.984974 0.877859 6.860385 -1.718648 1.465047 -2.715995 
0.346000 2.983317 0.879359 6.857597 -1.516014 1.466495 -2.821939 
0.347000 2.981873 0.880859 6.854613 -1.313538 1.467969 -2.926082 
0.348000 2.980630 0.882361 6.851612 -1.110604 1.469458 -3.029686 
0.349000 2.979601 0.883864 6.848416 -0.907853 1.470971 -3.131497 
0.350000 2.978773 0.885370 6.845207 -0.704647 1.472500 -3.232783 
0.351000 2.978160 0.886876 6.841804 -0.501646 1.474053 -3.332284 
0.352000 2.977747 0.888385 6.838391 -0.298194 1.475620 -3.431275 
0.353000 2.977550 0.889894 6.834785 -0.094968 1.477211 -3.528490 
0.354000 2.977553 0.891407 6.831174 0.108706 1.478817 -3.625208 
0.355000 2.977772 0.892919 6.827370 0.312133 1.480446 -3.720158 
0.356000 2.978191 0.894435 6.823564 0.516007 1.482089 -3.814626 
0.357000 2.978828 0.895951 6.819568 0.719612 1.483755 -3.907335 
0.358000 2.979663 0.897470 6.815572 0.923665 1.485436 -3.999575 
0.359000 2.980717 0.898989 6.811387 1.127428 1.487138 -4.090064 
0.360000 2.981969 0.900512 6.807206 1.331639 1.488854 -4.180099 
0.361000 2.983441 0.902034 6.802837 1.535542 1.490593 -4.268391 
0.362000 2.985110 0.903560 6.798476 1.739892 1.492345 -4.356243 
0.363000 2.986999 0.905087 6.793927 1.943916 1.494118 -4.442361 
0.364000 2.989086 0.906617 6.789389 2.148388 1.495905 -4.528051 
0.365000 2.991394 0.908147 6.784665 2.352516 1.497713 -4.612017 
0.366000 2.993898 0.909680 6.779956 2.557094 1.499535 -4.695568 
0.367000 2.996624 0.911214 6.775060 2.761311 1.501377 -4.777404 
0.368000 2.999546 0.912751 6.770184 2.965979 1.503232 -4.858838 
0.369000 3.002691 0.914289 6.765122 3.170270 1.505108 -4.938565 
0.370000 3.006031 0.915830 6.760082 3.375015 1.506996 -5.017902 
0.371000 3.009594 0.917371 6.754858 3.579367 1.508905 -5.095542 
0.372000 3.013352 0.918916 6.749660 3.784176 1.510826 -5.172805 
0.373000 3.017334 0.920461 6.744278 3.988577 1.512767 -5.248378 
0.374000 3.021510 0.922010 6.738925 4.193438 1.514720 -5.323587 
0.375000 3.025912 0.923560 6.733389 4.397877 1.516693 -5.397114 
0.376000 3.030506 0.925112 6.727885 4.602779 1.518678 -5.470290 
0.377000 3.035326 0.926666 6.722200 4.807245 1.520683 -5.541792 
0.378000 3.040339 0.928223 6.716550 5.012178 1.522699 -5.612955 
0.379000 3.045578 0.929781 6.710719 5.216662 1.524735 -5.682452 
0.380000 3.051009 0.931342 6.704927 5.421619 1.526782 -5.751620 
0.381000 3.056668 0.932903 6.698954 5.626112 1.528848 -5.819132 
0.382000 3.062517 0.934469 6.693024 5.831084 1.530926 -5.886327 
0.383000 3.068595 0.936035 6.686914 6.035579 1.533022 -5.951872 
0.384000 3.074862 0.937604 6.680850 6.240558 1.535130 -6.017111 
0.385000 3.081360 0.939175 6.674607 6.445050 1.537256 -6.080709 
0.386000 3.088045 0.940749 6.668412 6.650030 1.539394 -6.144012 
0.387000 3.094962 0.942324 6.662039 6.854512 1.541549 -6.205680 
0.388000 3.102065 0.943902 6.655719 7.059488 1.543716 -6.267065 
0.389000 3.109401 0.945481 6.649221 7.263954 1.545901 -6.326822 
0.390000 3.116923 0.947064 6.642778 7.468923 1.548097 -6.386305 
0.391000 3.124678 0.948648 6.636158 7.673370 1.550310 -6.444169 
0.392000 3.132619 0.950235 6.629597 7.878325 1.552534 -6.501768 
0.393000 3.140793 0.951823 6.622859 8.082750 1.554776 -6.557755 
0.394000 3.149151 0.953415 6.616184 8.287690 1.557029 -6.613487 
0.395000 3.157745 0.955008 6.609332 8.492088 1.559299 -6.667614 
0.396000 3.166521 0.956605 6.602546 8.697010 1.561580 -6.721495 
0.397000 3.175534 0.958202 6.595583 8.901382 1.563877 -6.773777 
0.398000 3.184728 0.959803 6.588690 9.106284 1.566186 -6.825823 
0.399000 3.194160 0.961406 6.581622 9.310626 1.568511 -6.876276 
0.400000 3.203772 0.963012 6.574626 9.515507 1.570848 -6.926502 
0.401000 3.213623 0.964619 6.567454 9.719820 1.573200 -6.975141 
0.402000 3.223654 0.966230 6.560358 9.924679 1.575564 -7.023561 
0.403000 3.233924 0.967841 6.553088 10.128962 1.577943 -7.070401 
0.404000 3.244372 0.969457 6.545896 10.333800 1.580334 -7.117029 
0.405000 3.255061 0.971074 6.538531 10.538053 1.582741 -7.162083 
0.406000 3.265926 0.972694 6.531247 10.742870 1.585159 -7.206934 
0.407000 3.277034 0.974316 6.523789 10.947094 1.587592 -7.250216 
0.408000 3.288318 0.975942 6.516417 11.151891 1.590036 -7.293302 
0.409000 3.299845 0.977568 6.508871 11.356088 1.592496 -7.334824 
0.410000 3.311546 0.979199 6.501414 11.560868 1.594967 -7.376157 
0.411000 3.323491 0.980831 6.493784 11.765039 1.597453 -7.415932 
0.412000 3.335610 0.982467 6.486246 11.969803 1.599951 -7.455525 
0.413000 3.347975 0.984103 6.478534 12.173952 1.602463 -7.493564 
0.414000 3.360511 0.985744 6.470918 12.378702 1.604987 -7.531428 
0.415000 3.373295 0.987386 6.463129 12.582832 1.607525 -7.567743 
0.416000 3.386249 0.989032 6.455439 12.787572 1.610075 -7.603889 
0.417000 3.399451 0.990680 6.447576 12.991685 1.612639 -7.638489 
0.418000 3.412822 0.992331 6.439815 13.196419 1.615215 -7.672927 
0.419000 3.426443 0.993983 6.431882 13.400520 1.617805 -7.705823 
0.420000 3.440232 0.995640 6.424053 13.605252 1.620407 -7.738563 
0.421000 3.454271 0.997298 6.416053 13.809345 1.623023 -7.769764 
0.422000 3.468478 0.998960 6.408161 14.014078 1.625651 -7.800815 
0.423000 3.482936 1.000623 6.400097 14.218168 1.628293 -7.830331 
0.424000 3.497560 1.002290 6.392144 14.422908 1.630947 -7.859700 
0.425000 3.512437 1.003959 6.384021 14.627000 1.633614 -7.887538 
0.426000 3.527478 1.005632 6.376011 14.831753 1.636294 -7.915235 
0.427000 3.542774 1.007306 6.367831 15.035851 1.638987 -7.941403 
0.428000 3.558233 1.008984 6.359767 15.240622 1.641692 -7.967434 
0.429000 3.573948 1.010664 6.351534 15.444733 1.644411 -7.991939 
0.430000 3.589824 1.012348 6.343421 15.649528 1.647142 -8.016311 
0.431000 3.605958 1.014033 6.335137 15.853659 1.649886 -8.039160 
0.432000 3.622252 1.015722 6.326977 16.058484 1.652643 -8.061879 
0.433000 3.638804 1.017413 6.318647 16.262641 1.655413 -8.083077 
0.434000 3.655516 1.019108 6.310444 16.467503 1.658196 -8.104149 
0.435000 3.672487 1.020805 6.302071 16.671693 1.660991 -8.123702 
0.436000 3.689616 1.022506 6.293827 16.876599 1.663800 -8.143131 
0.437000 3.707007 1.024208 6.285415 17.080828 1.666621 -8.161043 
0.438000 3.724554 1.025915 6.277135 17.285786 1.669455 -8.178835 
0.439000 3.742364 1.027623 6.268685 17.490063 1.672303 -8.195110 
0.440000 3.760328 1.029335 6.260372 17.695080 1.675163 -8.211267 
0.441000 3.778558 1.031049 6.251890 17.899412 1.678036 -8.225909 
0.442000 3.796940 1.032768 6.243547 18.104496 1.680922 -8.240435 
0.443000 3.815589 1.034487 6.235035 18.308892 1.683821 -8.253445 
0.444000 3.834390 1.036212 6.226665 18.514051 1.686733 -8.266342 
0.445000 3.853458 1.037938 6.218127 18.718518 1.689658 -8.277725 
0.446000 3.872677 1.039668 6.209733 18.923761 1.692596 -8.288994 
0.447000 3.892165 1.041400 6.201172 19.128309 1.695547 -8.298749 
0.448000 3.911803 1.043136 6.192759 19.333644 1.698511 -8.308393 
0.449000 3.931711 1.044874 6.184178 19.538282 1.701489 -8.316522 
0.450000 3.951767 1.046616 6.175748 19.743719 1.704480 -8.324541 
0.451000 3.972095 1.048360 6.167151 19.948455 1.707483 -8.331043 
0.452000 3.992570 1.050109 6.158708 20.154002 1.710501 -8.337436 
0.453000 4.013319 1.051859 6.150097 20.358847 1.713531 -8.342312 
0.454000 4.034212 1.053614 6.141644 20.564515 1.716575 -8.347078 
0.455000 4.055382 1.055370 6.133024 20.769477 1.719632 -8.350327 
0.456000 4.076695 1.057131 6.124564 20.975275 1.722703 -8.353465 
0.457000 4.098285 1.058894 6.115937 21.180365 1.725786 -8.355084 
0.458000 4.120017 1.060661 6.107474 21.386303 1.728885 -8.356592 
0.459000 4.142029 1.062430 6.098845 21.591530 1.731995 -8.356579 
0.460000 4.164181 1.064204 6.090382 21.797619 1.735121 -8.356454 
0.461000 4.186614 1.065979 6.081752 22.002994 1.738259 -8.354806 
0.462000 4.209187 1.067759 6.073292 22.209244 1.741411 -8.353045 
0.463000 4.232042 1.069541 6.064667 22.414778 1.744577 -8.349757 
0.464000 4.255034 1.071328 6.056214 22.621199 1.747757 -8.346355 
0.465000 4.278312 1.073116 6.047595 22.826903 1.750950 -8.341424 
0.466000 4.301725 1.074909 6.039152 23.033506 1.754159 -8.336377 
0.467000 4.325425 1.076704 6.030543 23.239390 1.757380 -8.329796 
0.468000 4.349260 1.078504 6.022114 23.446187 1.760616 -8.323098 
0.469000 4.373382 1.080305 6.013519 23.652263 1.763866 -8.314863 
0.470000 4.397638 1.082111 6.005107 23.859264 1.767131 -8.306507 
0.471000 4.422185 1.083920 5.996529 24.065543 1.770408 -8.296610 
0.472000 4.446863 1.085733 5.988136 24.272760 1.773702 -8.286589 
0.473000 4.471833 1.087548 5.979579 24.479254 1.777009 -8.275023 
0.474000 4.496933 1.089367 5.971210 24.686699 1.780331 -8.263329 
0.475000 4.522328 1.091189 5.962677 24.893418 1.783667 -8.250086 
0.476000 4.547851 1.093016 5.954336 25.101103 1.787019 -8.236711 
0.477000 4.573670 1.094844 5.945830 25.308060 1.790384 -8.221781 
0.478000 4.599617 1.096678 5.937519 25.515996 1.793766 -8.206716 
0.479000 4.625861 1.098513 5.929043 25.723204 1.797160 -8.190090 
0.480000 4.652231 1.100354 5.920766 25.931404 1.800572 -8.173324 
0.481000 4.678902 1.102196 5.912325 26.138874 1.803997 -8.154991 
0.482000 4.705696 1.104044 5.904086 26.347350 1.807439 -8.136513 
0.483000 4.732793 1.105893 5.895683 26.555094 1.810894 -8.116462 
0.484000 4.760013 1.107748 5.887484 26.763858 1.814366 -8.096261 
0.485000 4.787537 1.109604 5.879122 26.971890 1.817852 -8.074479 
0.486000 4.815182 1.111466 5.870969 27.180955 1.821356 -8.052542 
0.487000 4.843133 1.113330 5.862652 27.389287 1.824873 -8.029016 
0.488000 4.871205 1.115199 5.854546 27.598666 1.828409 -8.005330 
0.489000 4.899584 1.117070 5.846277 27.807310 1.831957 -7.980047 
0.490000 4.928082 1.118946 5.838223 28.017015 1.835525 -7.954597 
0.491000 4.956891 1.120824 5.830007 28.225985 1.839105 -7.927542 
0.492000 4.985816 1.122708 5.822008 28.436030 1.842705 -7.900312 
0.493000 5.015055 1.124593 5.813847 28.645338 1.846318 -7.871470 
0.494000 5.044408 1.126484 5.805908 28.855736 1.849950 -7.842445 
0.495000 5.074077 1.128377 5.797806 29.065396 1.853596 -7.811798 
0.496000 5.103859 1.130275 5.789929 29.276160 1.857262 -7.780961 
0.497000 5.133959 1.132176 5.781891 29.486185 1.860941 -7.748493 
0.498000 5.164171 1.134082 5.774080 29.697328 1.864641 -7.715826 
0.499000 5.194703 1.135990 5.766109 29.907732 1.868354 -7.681517 
0.500000 5.225345 1.137903 5.758368 30.119267 1.872087 -7.647001 
0.501000 5.256309 1.139819 5.750467 30.330063 1.875835 -7.610833 
0.502000 5.287383 1.141740 5.742801 30.542005 1.879603 -7.574448 
0.503000 5.318781 1.143664 5.734974 30.753205 1.883385 -7.536400 
0.504000 5.350286 1.145593 5.727386 30.965567 1.887189 -7.498126 
0.505000 5.382119 1.147524 5.719638 31.177187 1.891007 -7.458176 
0.506000 5.414057 1.149461 5.712131 31.389983 1.894846 -7.417991 
0.507000 5.446324 1.151400 5.704465 31.602035 1.898700 -7.376118 
0.508000 5.478697 1.153344 5.697043 31.815278 1.902575 -7.333998 
0.509000 5.511400 1.155291 5.689463 32.027776 1.906465 -7.290178 
0.510000 5.544207 1.157244 5.682132 32.241481 1.910378 -7.246100 
0.511000 5.577348 1.159199 5.674642 32.454439 1.914305 -7.200308 
0.512000 5.610590 1.161159 5.667404 32.668618 1.918255 -7.154247 
0.513000 5.644169 1.163122 5.660009 32.882051 1.922220 -7.106459 
0.514000 5.677848 1.165091 5.652868 33.096719 1.926208 -7.058388 
0.515000 5.711866 1.167062 5.645571 33.310639 1.930211 -7.008576 
0.516000 5.745982 1.169039 5.638533 33.525810 1.934238 -6.958469 
0.517000 5.780440 1.171019 5.631338 33.740232 1.938280 -6.906606 
0.518000 5.814995 1.173004 5.624406 33.955919 1.942346 -6.854434 
0.519000 5.849894 1.174992 5.617318 34.170856 1.946428 -6.800490 
0.520000 5.884889 1.176985 5.610496 34.387074 1.950534 -6.746224 
0.521000 5.920231 1.178981 5.603519 34.602540 1.954656 -6.690169 
0.522000 5.955666 1.180983 5.596812 34.819302 1.958802 -6.633778 
0.523000 5.991451 1.182988 5.589950 35.035311 1.962965 -6.575581 
0.524000 6.027328 1.184998 5.583362 35.252631 1.967154 -6.517032 
0.525000 6.063557 1.187012 5.576620 35.469196 1.971358 -6.456661 
0.526000 6.099878 1.189030 5.570155 35.687088 1.975588 -6.395922 
0.527000 6.136553 1.191052 5.563538 35.904223 1.979835 -6.333342 
0.528000 6.173317 1.193080 5.557201 36.122700 1.984108 -6.270378 
0.529000 6.210439 1.195111 5.550712 36.340419 1.988398 -6.205554 
0.530000 6.247649 1.197147 5.544508 36.559494 1.992715 -6.140330 
0.531000 6.285219 1.199187 5.538153 36.777810 1.997049 -6.073225 
0.532000 6.322875 1.201232 5.532086 36.997496 2.001410 -6.005704 
0.533000 6.360894 1.203280 5.525868 37.216422 2.005789 -5.936281 
0.534000 6.398998 1.205335 5.519943 37.436734 2.010195 -5.866423 
0.535000 6.437468 1.207392 5.513869 37.656282 2.014619 -5.794642 
0.536000 6.476021 1.209455 5.508091 37.877232 2.019071 -5.722407 
0.537000 6.514943 1.211522 5.502164 38.097416 2.023541 -5.648228 
0.538000 6.553947 1.213594 5.496538 38.319016 2.028040 -5.573576 
0.539000 6.593322 1.215670 5.490764 38.539848 2.032557 -5.496957 
0.540000 6.632777 1.217752 5.485294 38.762111 2.037103 -5.419844 
0.541000 6.672607 1.219837 5.479678 38.983603 2.041669 -5.340741 
0.542000 6.712515 1.221928 5.474370 39.206541 2.046263 -5.261123 
0.543000 6.752801 1.224022 5.468917 39.428704 2.050877 -5.179490 
0.544000 6.793163 1.226123 5.463776 39.652329 2.055522 -5.097322 
0.545000 6.833907 1.228227 5.458491 39.875176 2.060185 -5.013113 
0.546000 6.874725 1.230337 5.453522 40.099499 2.064880 -4.928347 
0.547000 6.915927 1.232450 5.448410 40.323040 2.069594 -4.841514 
0.548000 6.957203 1.234570 5.443619 40.548072 2.074339 -4.754101 
0.549000 6.998865 1.236693 5.438686 40.772318 2.079105 -4.664594 
0.550000 7.040600 1.238823 5.434078 40.998069 2.083903 -4.574483 
0.551000 7.082724 1.240956 5.429329 41.223030 2.088721 -4.482251 
0.552000 7.124918 1.243095 5.424910 41.449510 2.093571 -4.389390 
0.553000 7.167505 1.245238 5.420351 41.675195 2.098443 -4.294380 
0.554000 7.210162 1.247387 5.416126 41.902414 2.103348 -4.198715 
0.555000 7.253214 1.249540 5.411763 42.128831 2.108273 -4.100871 
0.556000 7.296333 1.251700 5.407738 42.356798 2.113233 -4.002347 
0.557000 7.339851 1.253863 5.403576 42.583956 2.118214 -3.901614 
0.558000 7.383435 1.256032 5.399758 42.812677 2.123230 -3.800174 
0.559000 7.427421 1.258206 5.395803 43.040584 2.128267 -3.696493 
0.560000 7.471471 1.260385 5.392197 43.270068 2.133339 -3.592078 
0.561000 7.515927 1.262569 5.388456 43.498729 2.138434 -3.485390 
0.562000 7.560445 1.264759 5.385068 43.728981 2.143565 -3.377938 
0.563000 7.605371 1.266954 5.381547 43.958403 2.148718 -3.268181 
0.564000 7.650358 1.269154 5.378383 44.189428 2.153907 -3.157630 
0.565000 7.695757 1.271359 5.375088 44.419615 2.159120 -3.044741 
0.566000 7.741215 1.273571 5.372155 44.651418 2.164369 -2.931028 
0.567000 7.787089 1.275786 5.369093 44.882373 2.169642 -2.814940 
0.568000 7.833019 1.278009 5.366397 45.114957 2.174952 -2.697999 
0.569000 7.879368 1.280235 5.363574 45.346683 2.180287 -2.578647 
0.570000 7.925772 1.282468 5.361123 45.580050 2.185659 -2.458409 
0.571000 7.972598 1.284706 5.358546 45.812548 2.191056 -2.335725 
0.572000 8.019478 1.286950 5.356345 46.046698 2.196492 -2.212121 
0.573000 8.066783 1.289198 5.354021 46.279968 2.201953 -2.086033 
0.574000 8.114140 1.291454 5.352078 46.514901 2.207453 -1.958992 
0.575000 8.161926 1.293714 5.350014 46.748939 2.212978 -1.829428 
0.576000 8.209762 1.295980 5.348336 46.984653 2.218544 -1.698877 
0.577000 8.258030 1.298252 5.346539 47.219458 2.224134 -1.565764 
0.578000 8.306346 1.300530 5.345134 47.455947 2.229766 -1.431628 
0.579000 8.355097 1.302812 5.343611 47.691513 2.235424 -1.294889 
0.580000 8.403895 1.305102 5.342485 47.928773 2.241124 -1.157092 
0.581000 8.453132 1.307396 5.341244 48.165093 2.246849 -1.016650 
0.582000 8.502413 1.309698 5.340406 48.403116 2.252617 -0.875113 
0.583000 8.552137 1.312004 5.339454 48.640180 2.258412 -0.730889 
0.584000 8.601903 1.314317 5.338911 48.878956 2.264250 -0.585534 
0.585000 8.652115 1.316635 5.338257 49.116755 2.270114 -0.437447 
0.586000 8.702367 1.318960 5.338016 49.356271 2.276023 -0.288190 
0.587000 8.753070 1.321291 5.337667 49.594790 2.281958 -0.136159 
0.588000 8.803810 1.323628 5.337737 49.835033 2.287939 0.017082 
0.589000 8.855003 1.325971 5.337702 50.074256 2.293946 0.173142 
0.590000 8.906233 1.328320 5.338092 50.315209 2.299999 0.330451 
0.591000 8.957919 1.330675 5.338378 50.555118 2.306080 0.490626 
0.592000 9.009640 1.333037 5.339095 50.796761 2.312207 0.652089 
0.593000 9.061820 1.335404 5.339712 51.037335 2.318362 0.816464 
0.594000 9.114033 1.337779 5.340765 51.279645 2.324564 0.982168 
0.595000 9.166709 1.340159 5.341721 51.520859 2.330794 1.150832 
0.596000 9.219415 1.342547 5.343119 51.763812 2.337071 1.320867 
0.597000 9.272588 1.344939 5.344422 52.005638 2.343377 1.493908 
0.598000 9.325788 1.347340 5.346175 52.249204 2.349731 1.668362 
0.599000 9.379460 1.349746 5.347835 52.491612 2.356114 1.845871 
0.600000 9.433156 1.352159 5.349950 52.735759 2.362546 2.024835 
0.601000 9.487327 1.354578 5.351977 52.978714 2.369007 2.206903 
0.602000 9.541520 1.357005 5.354464 53.223406 2.375517 2.390468 
0.603000 9.596191 1.359437 5.356866 53.466870 2.382056 2.577186 
0.604000 9.650882 1.361877 5.359736 53.712068 2.388645 2.765444 
0.605000 9.706055 1.364323 5.362523 53.955998 2.395264 2.956906 
0.606000 9.761245 1.366776 5.365784 54.201657 2.401933 3.149949 
0.607000 9.816920 1.369236 5.368966 54.446007 2.408632 3.346246 
0.608000 9.872610 1.371703 5.372628 54.692079 2.415381 3.544168 
0.609000 9.928789 1.374176 5.376215 54.936797 2.422161 3.745392 
0.610000 9.984979 1.376657 5.380289 55.183230 2.428992 3.948285 
0.611000 10.041662 1.379145 5.384291 55.428261 2.435853 4.154530 
0.612000 10.098354 1.381640 5.388787 55.674996 2.442765 4.362486 
0.613000 10.155541 1.384141 5.393214 55.920279 2.449708 4.573844 
0.614000 10.212734 1.386650 5.398143 56.167253 2.456703 4.786955 
0.615000 10.270427 1.389166 5.403005 56.412722 2.463727 5.003518 
0.616000 10.328122 1.391690 5.408377 56.659868 2.470805 5.221875 
0.617000 10.386320 1.394220 5.413686 56.905451 2.477912 5.443732 
0.618000 10.444518 1.396758 5.419512 57.152694 2.485072 5.667426 
0.619000 10.503222 1.399303 5.425279 57.398314 2.492261 5.894668 
0.620000 10.561922 1.401856 5.431569 57.645575 2.499504 6.123786 
0.621000 10.621132 1.404416 5.437804 57.891149 2.506777 6.356499 
0.622000 10.680334 1.406983 5.444571 58.138342 2.514103 6.591128 
0.623000 10.740049 1.409558 5.451286 58.383780 2.521458 6.829399 
0.624000 10.799754 1.412141 5.458540 58.630814 2.528866 7.069624 
0.625000 10.859974 1.414731 5.465746 58.876020 2.536304 7.313535 
0.626000 10.920180 1.417329 5.473499 59.122795 2.543795 7.559436 
0.627000 10.980905 1.419934 5.481209 59.367666 2.551314 7.809067 
0.628000 11.041612 1.422547 5.489472 59.614076 2.558888 8.060723 
0.629000 11.102841 1.425168 5.497696 59.858503 2.566489 8.316151 
0.630000 11.164048 1.427797 5.506482 60.104437 2.574144 8.573636 
0.631000 11.225780 1.430433 5.515233 60.348302 2.581826 8.834933 
0.632000 11.287486 1.433078 5.524553 60.593640 2.589562 9.098318 
0.633000 11.349720 1.435730 5.533843 60.836818 2.597323 9.365552 
0.634000 11.411923 1.438390 5.543709 61.081433 2.605139 9.634902 
0.635000 11.474658 1.441058 5.553550 61.323793 2.612980 9.908135 
0.636000 11.537356 1.443735 5.563976 61.567549 2.620874 10.183511 
0.637000 11.600589 1.446419 5.574380 61.808952 2.628793 10.462801 
0.638000 11.663782 1.449112 5.585377 62.051707 2.636765 10.744256 
0.639000 11.727511 1.451812 5.596356 62.292003 2.644760 11.029653 
0.640000 11.791195 1.454521 5.607937 62.533606 2.652807 11.317235 
0.641000 11.855419 1.457238 5.619505 62.772642 2.660877 11.608783 
0.642000 11.919592 1.459964 5.631682 63.012935 2.668998 11.902532 
0.643000 11.984307 1.462698 5.643851 63.250545 2.677140 12.200267 
0.644000 12.048966 1.465440 5.656637 63.489361 2.685334 12.500214 
0.645000 12.114170 1.468190 5.669419 63.725374 2.693546 12.804164 
0.646000 12.179312 1.470949 5.682827 63.962538 2.701810 13.110333 
0.647000 12.245001 1.473717 5.696235 64.196774 2.710090 13.420517 
0.648000 12.310621 1.476493 5.710277 64.432103 2.718420 13.732921 
0.649000 12.376792 1.479277 5.724325 64.664374 2.726766 14.049347 
0.650000 12.442887 1.482070 5.739014 64.897677 2.735160 14.367991 
0.651000 12.509535 1.484872 5.753713 65.127786 2.743568 14.690658 
0.652000 12.576101 1.487682 5.769063 65.358865 2.752024 15.015534 
0.653000 12.643221 1.490501 5.784427 65.586608 2.760490 15.344429 
0.654000 12.710254 1.493328 5.800449 65.815256 2.769004 15.675519 
0.655000 12.777842 1.496164 5.816490 66.040422 2.777526 16.010616 
0.656000 12.845335 1.499009 5.833197 66.266425 2.786093 16.347890 
0.657000 12.913384 1.501863 5.849928 66.488795 2.794667 16.689152 
0.658000 12.981332 1.504726 5.867333 66.711931 2.803284 17.032565 
0.659000 13.049839 1.507597 5.884767 66.931279 2.811904 17.379942 
0.660000 13.118235 1.510477 5.902883 67.151321 2.820568 17.729438 
0.661000 13.187192 1.513366 5.921031 67.367414 2.829231 18.082865 
0.662000 13.256030 1.516264 5.939870 67.584128 2.837935 18.438371 
0.663000 13.325430 1.519171 5.958745 67.796727 2.846636 18.797770 
0.664000 13.394703 1.522087 5.978319 68.009873 2.855376 19.159201 
0.665000 13.464539 1.525012 5.997934 68.218734 2.864109 19.524478 
0.666000 13.534239 1.527945 6.018255 68.428066 2.872880 19.891732 
0.667000 13.604503 1.530888 6.038621 68.632939 2.881641 20.262777 
0.668000 13.674623 1.533839 6.059701 68.838209 2.890437 20.635739 
0.669000 13.745307 1.536800 6.080830 69.038841 2.899220 21.012427 
0.670000 13.815837 1.539769 6.102681 69.239794 2.908035 21.390963 
0.671000 13.886931 1.542748 6.124584 69.435928 2.916833 21.773153 
0.672000 13.957863 1.545736 6.147216 69.632307 2.925661 22.157114 
0.673000 14.029359 1.548732 6.169904 69.823684 2.934468 22.544650 
0.674000 14.100682 1.551738 6.193329 70.015232 2.943303 22.933871 
0.675000 14.172570 1.554753 6.216814 70.201590 2.952112 23.326577 
0.676000 14.244274 1.557776 6.241042 70.388047 2.960947 23.720877 
0.677000 14.316543 1.560809 6.265333 70.569124 2.969752 24.118564 
0.678000 14.388618 1.563851 6.290375 70.750231 2.978580 24.517745 
0.679000 14.461258 1.566902 6.315482 70.925766 2.987374 24.920207 
0.680000 14.533691 1.569961 6.341347 71.101263 2.996187 25.324055 
0.681000 14.606690 1.573030 6.367281 71.270996 3.004962 25.731069 
0.682000 14.679470 1.576107 6.393978 71.440627 3.013754 26.139355 
0.683000 14.752816 1.579194 6.420747 71.604300 3.022502 26.550683 
0.684000 14.825931 1.582290 6.448285 71.767812 3.031265 26.963162 
0.685000 14.899612 1.585395 6.475898 71.925172 3.039979 27.378551 
0.686000 14.973049 1.588508 6.504286 72.082316 3.048706 27.794963 
0.687000 15.047051 1.591631 6.532750 72.233115 3.057378 28.214146 
0.688000 15.120796 1.594761 6.561996 72.383647 3.066059 28.634217 
0.689000 15.195106 1.597902 6.591319 72.527641 3.074681 29.056914 
0.690000 15.269146 1.601050 6.621430 72.671326 3.083310 29.480358 
0.691000 15.343750 1.604209 6.651619 72.808280 3.091874 29.906273 
0.692000 15.418070 1.607375 6.682601 72.944889 3.100442 30.332791 
0.693000 15.492953 1.610550 6.713663 73.074577 3.108939 30.761620 
0.694000 15.567538 1.613734 6.745521 73.203890 3.117439 31.190903 
0.695000 15.642686 1.616927 6.777461 73.326095 3.125862 31.622330 
0.696000 15.717521 1.620127 6.810202 73.447903 3.134284 32.054056 
0.697000 15.792918 1.623338 6.843025 73.562418 3.142626 32.487756 
0.698000 15.867988 1.626555 6.876654 73.676523 3.150963 32.921599 
0.699000 15.943618 1.629783 6.910364 73.783154 3.159214 33.357239 
