0.000000 8.853080 0.288603 -2.073810 -13.248536 2.001552 43.466817 
0.001000 8.839531 0.290650 -2.029356 -13.265630 2.000369 43.406814 
0.002000 8.825946 0.292694 -1.985024 -13.282682 1.999173 43.345917 
0.003000 8.812362 0.294739 -1.940695 -13.299730 1.997976 43.285009 
0.004000 8.798743 0.296781 -1.896488 -13.316735 1.996767 43.223198 
0.005000 8.785124 0.298823 -1.852285 -13.333731 1.995558 43.161367 
0.006000 8.771470 0.300863 -1.808205 -13.350681 1.994335 43.098625 
0.007000 8.757816 0.302902 -1.764130 -13.367617 1.993112 43.035851 
0.008000 8.744127 0.304940 -1.720178 -13.384507 1.991876 42.972158 
0.009000 8.730439 0.306977 -1.676234 -13.401376 1.990639 42.908422 
0.010000 8.716716 0.309011 -1.632412 -13.418196 1.989389 42.843757 
0.011000 8.702993 0.311046 -1.588600 -13.434990 1.988139 42.779039 
0.012000 8.689235 0.313078 -1.544911 -13.451734 1.986874 42.713383 
0.013000 8.675478 0.315110 -1.501233 -13.468446 1.985610 42.647663 
0.014000 8.661687 0.317139 -1.457678 -13.485104 1.984332 42.580994 
0.015000 8.647896 0.319169 -1.414137 -13.501725 1.983053 42.514250 
0.016000 8.634070 0.321195 -1.370719 -13.518289 1.981760 42.446549 
0.017000 8.620245 0.323222 -1.327316 -13.534810 1.980467 42.378759 
0.018000 8.606386 0.325246 -1.284036 -13.551272 1.979160 42.310003 
0.019000 8.592527 0.327270 -1.240774 -13.567683 1.977852 42.241147 
0.020000 8.578634 0.329292 -1.197635 -13.584033 1.976530 42.171314 
0.021000 8.564742 0.331313 -1.154516 -13.600325 1.975207 42.101369 
0.022000 8.550815 0.333332 -1.111520 -13.616553 1.973871 42.030436 
0.023000 8.536890 0.335351 -1.068546 -13.632716 1.972533 41.959379 
0.024000 8.522931 0.337367 -1.025695 -13.648811 1.971181 41.887324 
0.025000 8.508973 0.339382 -0.982868 -13.664835 1.969828 41.815131 
0.026000 8.494980 0.341396 -0.940166 -13.680787 1.968461 41.741930 
0.027000 8.480990 0.343409 -0.897488 -13.696660 1.967092 41.668578 
0.028000 8.466965 0.345419 -0.854936 -13.712456 1.965710 41.594207 
0.029000 8.452942 0.347429 -0.812410 -13.728167 1.964326 41.519671 
0.030000 8.438885 0.349437 -0.770010 -13.743797 1.962927 41.444105 
0.031000 8.424830 0.351445 -0.727640 -13.759333 1.961528 41.368362 
0.032000 8.410741 0.353449 -0.685394 -13.774785 1.960113 41.291576 
0.033000 8.396655 0.355454 -0.643181 -13.790134 1.958698 41.214598 
0.034000 8.382535 0.357456 -0.601093 -13.805393 1.957267 41.136567 
0.035000 8.368417 0.359457 -0.559039 -13.820541 1.955835 41.058330 
0.036000 8.354266 0.361456 -0.517111 -13.835595 1.954389 40.979028 
0.037000 8.340117 0.363455 -0.475220 -13.850529 1.952941 40.899505 
0.038000 8.325936 0.365451 -0.433455 -13.865363 1.951477 40.818904 
0.039000 8.311757 0.367446 -0.391728 -13.880068 1.950013 40.738068 
0.040000 8.297545 0.369439 -0.350128 -13.894667 1.948533 40.656142 
0.041000 8.283336 0.371432 -0.308569 -13.909127 1.947051 40.573965 
0.042000 8.269095 0.373422 -0.267137 -13.923476 1.945555 40.490685 
0.043000 8.254857 0.375411 -0.225748 -13.937675 1.944056 40.407139 
0.044000 8.240586 0.377398 -0.184487 -13.951755 1.942543 40.322478 
0.045000 8.226319 0.379385 -0.143271 -13.965675 1.941027 40.237533 
0.046000 8.212021 0.381369 -0.102184 -13.979466 1.939497 40.151459 
0.047000 8.197725 0.383352 -0.061145 -13.993083 1.937964 40.065084 
0.048000 8.183399 0.385333 -0.020234 -14.006563 1.936416 39.977566 
0.049000 8.169076 0.387313 0.020626 -14.019855 1.934865 39.889730 
0.050000 8.154722 0.389290 0.061357 -14.033003 1.933300 39.800736 
0.051000 8.140373 0.391267 0.102036 -14.045950 1.931732 39.711409 
0.052000 8.125992 0.393241 0.142584 -14.058745 1.930148 39.620909 
0.053000 8.111617 0.395215 0.183077 -14.071328 1.928563 39.530058 
0.054000 8.097211 0.397186 0.223440 -14.083748 1.926961 39.438020 
0.055000 8.082809 0.399156 0.263745 -14.095944 1.925358 39.345614 
0.056000 8.068378 0.401124 0.303918 -14.107970 1.923738 39.252007 
0.057000 8.053952 0.403091 0.344032 -14.119757 1.922117 39.158014 
0.058000 8.039497 0.405056 0.384013 -14.131364 1.920479 39.062805 
0.059000 8.025048 0.407020 0.423932 -14.142719 1.918839 38.967191 
0.060000 8.010570 0.408981 0.463717 -14.153884 1.917183 38.870347 
0.061000 7.996097 0.410941 0.503438 -14.164783 1.915525 38.773080 
0.062000 7.981597 0.412899 0.543025 -14.175482 1.913850 38.674567 
0.063000 7.967102 0.414856 0.582544 -14.185900 1.912173 38.575612 
0.064000 7.952580 0.416810 0.621928 -14.196107 1.910480 38.475396 
0.065000 7.938065 0.418763 0.661243 -14.206018 1.908784 38.374719 
0.066000 7.923523 0.420714 0.700421 -14.215706 1.907073 38.272765 
0.067000 7.908988 0.422664 0.739527 -14.225082 1.905358 38.170331 
0.068000 7.894427 0.424612 0.778495 -14.234223 1.903627 38.066604 
0.069000 7.879873 0.426558 0.817389 -14.243036 1.901894 37.962378 
0.070000 7.865294 0.428502 0.856144 -14.251602 1.900144 37.856842 
0.071000 7.850722 0.430444 0.894822 -14.259823 1.898392 37.750787 
0.072000 7.836126 0.432385 0.933361 -14.267783 1.896623 37.643406 
0.073000 7.821539 0.434324 0.971819 -14.275380 1.894851 37.535486 
0.074000 7.806927 0.436261 1.010137 -14.282703 1.893064 37.426223 
0.075000 7.792325 0.438196 1.048372 -14.289644 1.891273 37.316400 
0.076000 7.777699 0.440129 1.086465 -14.296298 1.889466 37.205218 
0.077000 7.763083 0.442061 1.124472 -14.302550 1.887656 37.093456 
0.078000 7.748444 0.443990 1.162337 -14.308499 1.885829 36.980317 
0.079000 7.733816 0.445918 1.200113 -14.314027 1.884000 36.866576 
0.080000 7.719166 0.447844 1.237744 -14.319238 1.882154 36.751442 
0.081000 7.704527 0.449768 1.275285 -14.324006 1.880305 36.635686 
0.082000 7.689867 0.451690 1.312680 -14.328440 1.878440 36.518518 
0.083000 7.675219 0.453610 1.349981 -14.332410 1.876572 36.400706 
0.084000 7.660551 0.455528 1.387135 -14.336030 1.874687 36.281466 
0.085000 7.645896 0.457445 1.424192 -14.339164 1.872800 36.161560 
0.086000 7.631221 0.459359 1.461100 -14.341929 1.870896 36.040208 
0.087000 7.616560 0.461271 1.497909 -14.344185 1.868989 35.918168 
0.088000 7.601882 0.463182 1.534568 -14.346054 1.867066 35.794664 
0.089000 7.587217 0.465090 1.571125 -14.347391 1.865139 35.670451 
0.090000 7.572535 0.466997 1.607530 -14.348321 1.863197 35.544756 
0.091000 7.557868 0.468901 1.643829 -14.348694 1.861251 35.418329 
0.092000 7.543186 0.470804 1.679975 -14.348640 1.859289 35.290402 
0.093000 7.528519 0.472704 1.716012 -14.348005 1.857325 35.161722 
0.094000 7.513838 0.474603 1.751896 -14.346921 1.855343 35.031523 
0.095000 7.499174 0.476499 1.787667 -14.345229 1.853360 34.900548 
0.096000 7.484496 0.478394 1.823282 -14.343067 1.851359 34.768037 
0.097000 7.469836 0.480286 1.858782 -14.340269 1.849357 34.634727 
0.098000 7.455164 0.482176 1.894125 -14.336978 1.847338 34.499863 
0.099000 7.440511 0.484065 1.929349 -14.333024 1.845316 34.364178 
0.100000 7.425847 0.485951 1.964414 -14.328554 1.843278 34.226920 
0.101000 7.411203 0.487835 1.999358 -14.323391 1.841238 34.088820 
0.102000 7.396550 0.489717 2.034140 -14.317686 1.839181 33.949127 
0.103000 7.381917 0.491597 2.068798 -14.311259 1.837123 33.808571 
0.104000 7.367277 0.493474 2.103293 -14.304265 1.835048 33.666403 
0.105000 7.352659 0.495350 2.137660 -14.296518 1.832971 33.523350 
0.106000 7.338035 0.497224 2.171863 -14.288177 1.830878 33.378668 
0.107000 7.323433 0.499095 2.205934 -14.279050 1.828783 33.233078 
0.108000 7.308828 0.500964 2.239838 -14.269302 1.826673 33.085841 
0.109000 7.294247 0.502832 2.273608 -14.258735 1.824560 32.937674 
0.110000 7.279663 0.504696 2.307210 -14.247519 1.822432 32.787842 
0.111000 7.265104 0.506559 2.340673 -14.235450 1.820302 32.637059 
0.112000 7.250545 0.508420 2.373967 -14.222702 1.818157 32.484593 
0.113000 7.236013 0.510278 2.407118 -14.209065 1.816011 32.331155 
0.114000 7.221482 0.512134 2.440097 -14.194719 1.813849 32.176017 
0.115000 7.206979 0.513988 2.472932 -14.179447 1.811686 32.019885 
0.116000 7.192479 0.515840 2.505592 -14.163435 1.809508 31.862036 
0.117000 7.178008 0.517690 2.538103 -14.146460 1.807329 31.703174 
0.118000 7.163543 0.519537 2.570438 -14.128711 1.805135 31.542577 
0.119000 7.149109 0.521382 2.602621 -14.109961 1.802940 31.380946 
0.120000 7.134682 0.523224 2.634626 -14.090403 1.800731 31.217564 
0.121000 7.120288 0.525065 2.666474 -14.069805 1.798522 31.053129 
0.122000 7.105903 0.526903 2.698142 -14.048364 1.796298 30.886928 
0.123000 7.091554 0.528739 2.729651 -14.025841 1.794075 30.719654 
0.124000 7.077215 0.530573 2.760977 -14.002439 1.791837 30.550598 
0.125000 7.062913 0.532404 2.792140 -13.977914 1.789600 30.380451 
0.126000 7.048624 0.534233 2.823118 -13.952473 1.787349 30.208507 
0.127000 7.034374 0.536060 2.853929 -13.925866 1.785099 30.035455 
0.128000 7.020140 0.537885 2.884553 -13.898303 1.782836 29.860592 
0.129000 7.005946 0.539707 2.915007 -13.869531 1.780574 29.684603 
0.130000 6.991771 0.541527 2.945271 -13.839764 1.778299 29.506790 
0.131000 6.977638 0.543344 2.975361 -13.808742 1.776025 29.327836 
0.132000 6.963526 0.545159 3.005259 -13.776684 1.773739 29.147044 
0.133000 6.949459 0.546972 3.034979 -13.743326 1.771455 28.965097 
0.134000 6.935415 0.548783 3.064505 -13.708890 1.769159 28.781300 
0.135000 6.921418 0.550591 3.093849 -13.673105 1.766866 28.596333 
0.136000 6.907448 0.552397 3.122996 -13.636201 1.764562 28.409505 
0.137000 6.893526 0.554200 3.151958 -13.597899 1.762260 28.221496 
0.138000 6.879634 0.556001 3.180721 -13.558434 1.759947 28.031615 
0.139000 6.865794 0.557800 3.209295 -13.517522 1.757638 27.840541 
0.140000 6.851985 0.559596 3.237667 -13.475401 1.755319 27.647587 
0.141000 6.838231 0.561390 3.265846 -13.431784 1.753004 27.453430 
0.142000 6.824511 0.563182 3.293821 -13.386910 1.750679 27.257385 
0.143000 6.810849 0.564971 3.321599 -13.340490 1.748359 27.060127 
0.144000 6.797224 0.566758 3.349170 -13.292766 1.746030 26.860975 
0.145000 6.783659 0.568543 3.376541 -13.243443 1.743706 26.660604 
0.146000 6.770136 0.570325 3.403703 -13.192768 1.741374 26.458333 
0.147000 6.756675 0.572105 3.430659 -13.140442 1.739048 26.254838 
0.148000 6.743258 0.573882 3.457405 -13.086714 1.736714 26.049439 
0.149000 6.729907 0.575657 3.483941 -13.031281 1.734388 25.842811 
0.150000 6.716604 0.577429 3.510264 -12.974396 1.732054 25.634278 
0.151000 6.703369 0.579200 3.536374 -12.915751 1.729728 25.424514 
0.152000 6.690185 0.580967 3.562268 -12.855605 1.727396 25.212844 
0.153000 6.677073 0.582733 3.587945 -12.793642 1.725072 24.999943 
0.154000 6.664017 0.584496 3.613404 -12.730126 1.722743 24.785136 
0.155000 6.651035 0.586257 3.638642 -12.664739 1.720423 24.569101 
0.156000 6.638112 0.588015 3.663658 -12.597746 1.718099 24.351163 
0.157000 6.625267 0.589771 3.688450 -12.528825 1.715785 24.132001 
0.158000 6.612485 0.591524 3.713018 -12.458244 1.713468 23.910940 
0.159000 6.599785 0.593276 3.737358 -12.385680 1.711161 23.688661 
0.160000 6.587151 0.595024 3.761471 -12.311402 1.708852 23.464490 
0.161000 6.574603 0.596771 3.785353 -12.235082 1.706556 23.239110 
0.162000 6.562126 0.598515 3.809005 -12.156996 1.704257 23.011847 
0.163000 6.549736 0.600257 3.832422 -12.076810 1.701972 22.783386 
0.164000 6.537423 0.601996 3.855607 -11.994803 1.699686 22.553051 
0.165000 6.525202 0.603733 3.878552 -11.910639 1.697414 22.321532 
0.166000 6.513061 0.605468 3.901264 -11.824598 1.695143 22.088153 
0.167000 6.501016 0.607201 3.923732 -11.736344 1.692887 21.853605 
0.168000 6.489055 0.608931 3.945964 -11.646157 1.690632 21.617212 
0.169000 6.477194 0.610659 3.967948 -11.553700 1.688394 21.379671 
0.170000 6.465423 0.612384 3.989694 -11.459254 1.686159 21.140300 
0.171000 6.453755 0.614108 4.011189 -11.362481 1.683941 20.899803 
0.172000 6.442182 0.615829 4.032443 -11.263663 1.681727 20.657496 
0.173000 6.430716 0.617548 4.053443 -11.162463 1.679532 20.414087 
0.174000 6.419350 0.619264 4.074199 -11.059162 1.677342 20.168890 
0.175000 6.408096 0.620978 4.094697 -10.953422 1.675172 19.922619 
0.176000 6.396946 0.622691 4.114949 -10.845526 1.673008 19.674584 
0.177000 6.385912 0.624400 4.134939 -10.735135 1.670866 19.425506 
0.178000 6.374988 0.626108 4.154682 -10.622534 1.668730 19.174691 
0.179000 6.364184 0.627814 4.174160 -10.507384 1.666618 18.922866 
0.180000 6.353496 0.629517 4.193388 -10.389968 1.664515 18.669332 
0.181000 6.342932 0.631218 4.212347 -10.269950 1.662436 18.414825 
0.182000 6.332489 0.632918 4.231054 -10.147612 1.660366 18.158641 
0.183000 6.322176 0.634615 4.249489 -10.022620 1.658323 17.901525 
0.184000 6.311989 0.636310 4.267670 -9.895254 1.656290 17.642765 
0.185000 6.301936 0.638002 4.285576 -9.765182 1.654285 17.383116 
0.186000 6.292015 0.639693 4.303226 -9.632684 1.652292 17.121860 
0.187000 6.282233 0.641382 4.320597 -9.497431 1.650328 16.859761 
0.188000 6.272588 0.643069 4.337711 -9.359700 1.648378 16.596093 
0.189000 6.263089 0.644754 4.354543 -9.219165 1.646458 16.331632 
0.190000 6.253731 0.646437 4.371116 -9.076102 1.644553 16.065643 
0.191000 6.244524 0.648117 4.387404 -8.930189 1.642680 15.798914 
0.192000 6.235465 0.649797 4.403432 -8.781698 1.640823 15.530700 
0.193000 6.226562 0.651474 4.419171 -8.630313 1.639000 15.261802 
0.194000 6.217813 0.653149 4.434649 -8.476302 1.637195 14.991466 
0.195000 6.209224 0.654822 4.449835 -8.319354 1.635425 14.720503 
0.196000 6.200796 0.656494 4.464758 -8.159733 1.633674 14.448151 
0.197000 6.192534 0.658164 4.479388 -7.997136 1.631960 14.175233 
0.198000 6.184439 0.659832 4.493753 -7.831820 1.630266 13.900977 
0.199000 6.176515 0.661498 4.507821 -7.663489 1.628611 13.626220 
0.200000 6.168763 0.663163 4.521624 -7.492397 1.626978 13.350178 
0.201000 6.161190 0.664826 4.535128 -7.318255 1.625384 13.073702 
0.202000 6.153794 0.666488 4.548365 -7.141309 1.623814 12.795995 
0.203000 6.146583 0.668148 4.561301 -6.961281 1.622286 12.517925 
0.204000 6.139556 0.669806 4.573970 -6.778409 1.620782 12.238681 
0.205000 6.132718 0.671463 4.586334 -6.592425 1.619322 11.959145 
0.206000 6.126071 0.673118 4.598431 -6.403559 1.617888 11.678495 
0.207000 6.119620 0.674772 4.610222 -6.211554 1.616499 11.397629 
0.208000 6.113366 0.676425 4.621744 -6.016630 1.615138 11.115708 
0.209000 6.107313 0.678076 4.632958 -5.818544 1.613822 10.833649 
0.210000 6.101465 0.679726 4.643904 -5.617504 1.612537 10.550598 
0.211000 6.095823 0.681374 4.654539 -5.413282 1.611298 10.267487 
0.212000 6.090392 0.683022 4.664905 -5.206074 1.610091 9.983448 
0.213000 6.085175 0.684667 4.674959 -4.995666 1.608933 9.699432 
0.214000 6.080174 0.686313 4.684745 -4.782242 1.607807 9.414553 
0.215000 6.075393 0.687956 4.694216 -4.565603 1.606732 9.129780 
0.216000 6.070835 0.689599 4.703419 -4.345921 1.605691 8.844209 
0.217000 6.066504 0.691240 4.712306 -4.123013 1.604702 8.558830 
0.218000 6.062402 0.692881 4.720925 -3.897037 1.603748 8.272721 
0.219000 6.058533 0.694521 4.729227 -3.667825 1.602848 7.986891 
0.220000 6.054900 0.696160 4.737262 -3.435523 1.601984 7.700399 
0.221000 6.051505 0.697798 4.744978 -3.199981 1.601175 7.414274 
0.222000 6.048355 0.699435 4.752427 -2.961328 1.600405 7.127556 
0.223000 6.045448 0.701071 4.759557 -2.719433 1.599690 6.841294 
0.224000 6.042792 0.702707 4.766421 -2.474409 1.599015 6.554508 
0.225000 6.040387 0.704342 4.772963 -2.226145 1.598398 6.268270 
0.226000 6.038239 0.705976 4.779242 -1.974734 1.597822 5.981577 
0.227000 6.036348 0.707610 4.785198 -1.720090 1.597304 5.695524 
0.228000 6.034720 0.709243 4.790892 -1.462285 1.596829 5.409085 
0.229000 6.033357 0.710876 4.796262 -1.201254 1.596413 5.123377 
0.230000 6.032263 0.712509 4.801371 -0.937050 1.596041 4.837354 
0.231000 6.031440 0.714141 4.806156 -0.669632 1.595731 4.552155 
0.232000 6.030894 0.715773 4.810682 -0.399032 1.595465 4.266710 
0.233000 6.030624 0.717404 4.814884 -0.125233 1.595261 3.982183 
0.234000 6.030638 0.719036 4.818828 0.151757 1.595104 3.697478 
0.235000 6.030934 0.720667 4.822447 0.431929 1.595010 3.413784 
0.236000 6.031521 0.722298 4.825810 0.715297 1.594963 3.129981 
0.237000 6.032398 0.723929 4.828849 1.001826 1.594981 2.847282 
0.238000 6.033570 0.725561 4.831634 1.291555 1.595047 2.564542 
0.239000 6.035039 0.727192 4.834094 1.584422 1.595179 2.282998 
0.240000 6.036811 0.728823 4.836304 1.880491 1.595359 2.001482 
0.241000 6.038886 0.730455 4.838188 2.179672 1.595607 1.721254 
0.242000 6.041269 0.732087 4.839824 2.482057 1.595905 1.441118 
0.243000 6.043963 0.733719 4.841136 2.787523 1.596271 1.162364 
0.244000 6.046971 0.735352 4.842202 3.096193 1.596688 0.883767 
0.245000 6.050296 0.736985 4.842944 3.407914 1.597174 0.606642 
0.246000 6.053942 0.738619 4.843443 3.722836 1.597711 0.329739 
0.247000 6.057910 0.740253 4.843618 4.040775 1.598319 0.054398 
0.248000 6.062207 0.741888 4.843554 4.361912 1.598979 -0.220658 
0.249000 6.066832 0.743524 4.843167 4.686029 1.599710 -0.494063 
0.250000 6.071792 0.745160 4.842544 5.013342 1.600495 -0.767122 
0.251000 6.077087 0.746797 4.841598 5.343596 1.601351 -1.038442 
0.252000 6.082722 0.748436 4.840419 5.677041 1.602261 -1.309356 
0.253000 6.088699 0.750075 4.838919 6.013387 1.603244 -1.578444 
0.254000 6.095021 0.751715 4.837191 6.352918 1.604282 -1.847068 
0.255000 6.101693 0.753356 4.835141 6.695309 1.605393 -2.113780 
0.256000 6.108716 0.754999 4.832867 7.040878 1.606560 -2.379971 
0.257000 6.116095 0.756642 4.830273 7.389265 1.607800 -2.644166 
0.258000 6.123830 0.758288 4.827459 7.740823 1.609097 -2.907785 
0.259000 6.131928 0.759933 4.824326 8.095153 1.610468 -3.169326 
0.260000 6.140388 0.761582 4.820976 8.452649 1.611897 -3.430237 
0.261000 6.149217 0.763231 4.817309 8.812870 1.613400 -3.688990 
0.262000 6.158415 0.764882 4.813431 9.176250 1.614962 -3.947060 
0.263000 6.167987 0.766534 4.809236 9.542310 1.616598 -4.202892 
0.264000 6.177933 0.768188 4.804834 9.911521 1.618294 -4.457993 
0.265000 6.188260 0.769844 4.800118 10.283363 1.620065 -4.710778 
0.266000 6.198966 0.771502 4.795198 10.658351 1.621895 -4.962783 
0.267000 6.210061 0.773161 4.789967 11.035922 1.623802 -5.212395 
0.268000 6.221540 0.774823 4.784537 11.416632 1.625769 -5.461182 
0.269000 6.233413 0.776487 4.778796 11.799877 1.627812 -5.707502 
0.270000 6.245675 0.778153 4.772863 12.186255 1.629915 -5.952950 
0.271000 6.258339 0.779821 4.766620 12.575119 1.632096 -6.195860 
0.272000 6.271397 0.781491 4.760189 12.967111 1.634337 -6.437855 
0.273000 6.284862 0.783164 4.753452 13.361540 1.636656 -6.677240 
0.274000 6.298727 0.784839 4.746532 13.759093 1.639037 -6.915669 
0.275000 6.313005 0.786516 4.739306 14.159034 1.641495 -7.151419 
0.276000 6.327688 0.788197 4.731904 14.562096 1.644016 -7.386173 
0.277000 6.342791 0.789879 4.724198 14.967497 1.646614 -7.618179 
0.278000 6.358303 0.791565 4.716322 15.376018 1.649275 -7.849152 
0.279000 6.374241 0.793252 4.708143 15.786828 1.652014 -8.077311 
0.280000 6.390594 0.794944 4.699800 16.200758 1.654817 -8.304400 
0.281000 6.407379 0.796637 4.691157 16.616930 1.657698 -8.528609 
0.282000 6.424582 0.798334 4.682355 17.036223 1.660643 -8.751714 
0.283000 6.442225 0.800034 4.673256 17.457709 1.663666 -8.971876 
0.284000 6.460291 0.801737 4.664004 17.882320 1.666755 -9.190898 
0.285000 6.478802 0.803443 4.654457 18.309077 1.669921 -9.406916 
0.286000 6.497741 0.805153 4.644763 18.738963 1.673153 -9.621763 
0.287000 6.517131 0.806865 4.634777 19.170951 1.676464 -9.833544 
0.288000 6.536953 0.808582 4.624649 19.606074 1.679841 -10.044122 
0.289000 6.557234 0.810301 4.614232 20.043253 1.683297 -10.251574 
0.290000 6.577950 0.812025 4.603680 20.483576 1.686820 -10.457793 
0.291000 6.599131 0.813752 4.592841 20.925912 1.690421 -10.660828 
0.292000 6.620753 0.815483 4.581875 21.371402 1.694090 -10.862601 
0.293000 6.642845 0.817217 4.570623 21.818863 1.697839 -11.061132 
0.294000 6.665381 0.818955 4.559250 22.269491 1.701655 -11.258372 
0.295000 6.688395 0.820697 4.547595 22.722050 1.705551 -11.452314 
0.296000 6.711858 0.822444 4.535825 23.177791 1.709515 -11.644936 
0.297000 6.735804 0.824194 4.523776 23.635424 1.713559 -11.834204 
0.298000 6.760202 0.825949 4.511619 24.096256 1.717673 -12.022126 
0.299000 6.785091 0.827707 4.499185 24.558943 1.721866 -12.206638 
0.300000 6.810436 0.829471 4.486651 25.024849 1.726130 -12.389778 
0.301000 6.836277 0.831238 4.473843 25.492575 1.730474 -12.569452 
0.302000 6.862579 0.833011 4.460941 25.963543 1.734888 -12.747727 
0.303000 6.889384 0.834787 4.447769 26.436297 1.739384 -12.922483 
0.304000 6.916652 0.836568 4.434509 26.912319 1.743951 -13.095813 
0.305000 6.944431 0.838354 4.420982 27.390096 1.748599 -13.265570 
0.306000 6.972677 0.840145 4.407376 27.871169 1.753319 -13.433874 
0.307000 7.001439 0.841940 4.393504 28.353968 1.758121 -13.598551 
0.308000 7.030672 0.843741 4.379561 28.840095 1.762996 -13.761750 
0.309000 7.060430 0.845546 4.365356 29.327921 1.767954 -13.921266 
0.310000 7.090661 0.847357 4.351086 29.819108 1.772985 -14.079277 
0.311000 7.121422 0.849173 4.336557 30.311971 1.778098 -14.233551 
0.312000 7.152661 0.850994 4.321972 30.808233 1.783287 -14.386294 
0.313000 7.184438 0.852820 4.307131 31.306149 1.788558 -14.535244 
0.314000 7.216696 0.854653 4.292242 31.807504 1.793906 -14.682635 
0.315000 7.249498 0.856489 4.277099 32.310495 1.799337 -14.826178 
0.316000 7.282784 0.858333 4.261916 32.816969 1.804845 -14.968133 
0.317000 7.316623 0.860181 4.246483 33.325062 1.810438 -15.106183 
0.318000 7.350948 0.862036 4.231017 33.836686 1.816109 -15.242616 
0.319000 7.385833 0.863896 4.215305 34.349916 1.821865 -15.375087 
0.320000 7.421208 0.865763 4.199569 34.866728 1.827700 -15.505910 
0.321000 7.457150 0.867634 4.183589 35.385136 1.833621 -15.632712 
0.322000 7.493586 0.869513 4.167593 35.907181 1.839622 -15.757834 
0.323000 7.530596 0.871397 4.151358 36.430814 1.845710 -15.878875 
0.324000 7.568103 0.873288 4.135114 36.958143 1.851881 -15.998204 
0.325000 7.606191 0.875185 4.118635 37.487057 1.858138 -16.113389 
0.326000 7.644779 0.877089 4.102155 38.019729 1.864479 -16.226826 
0.327000 7.683957 0.878999 4.085444 38.553986 1.870909 -16.336056 
0.328000 7.723639 0.880916 4.068741 39.092068 1.877424 -16.443501 
0.329000 7.763917 0.882839 4.051810 39.631737 1.884028 -16.546674 
0.330000 7.804702 0.884770 4.034896 40.175302 1.890719 -16.648022 
0.331000 7.846093 0.886706 4.017758 40.720462 1.897501 -16.745029 
0.332000 7.887993 0.888651 4.000646 41.269592 1.904371 -16.840169 
0.333000 7.930507 0.890601 3.983312 41.820329 1.911333 -16.930898 
0.334000 7.973533 0.892560 3.966015 42.375116 1.918386 -17.019717 
0.335000 8.017182 0.894525 3.948500 42.931523 1.925532 -17.104049 
0.336000 8.061347 0.896499 3.931030 43.492066 1.932770 -17.186424 
0.337000 8.106141 0.898479 3.913346 44.054248 1.940103 -17.264236 
0.338000 8.151456 0.900467 3.895717 44.620655 1.947531 -17.340039 
0.339000 8.197410 0.902462 3.877879 45.188724 1.955054 -17.411199 
0.340000 8.243886 0.904466 3.860104 45.761115 1.962675 -17.480296 
0.341000 8.291010 0.906477 3.842124 46.335194 1.970394 -17.544665 
0.342000 8.338661 0.908496 3.824217 46.913695 1.978212 -17.606913 
0.343000 8.386969 0.910523 3.806110 47.493917 1.986129 -17.664345 
0.344000 8.435807 0.912559 3.788086 48.078667 1.994149 -17.719593 
0.345000 8.485310 0.914602 3.769866 48.665176 2.002270 -17.769930 
0.346000 8.535348 0.916654 3.751739 49.256325 2.010496 -17.818018 
0.347000 8.586060 0.918714 3.733421 49.849275 2.018826 -17.861096 
0.348000 8.637311 0.920784 3.715206 50.446984 2.027263 -17.901852 
0.349000 8.689246 0.922861 3.696804 51.046541 2.035806 -17.937495 
0.350000 8.741722 0.924948 3.678516 51.650983 2.044460 -17.970739 
0.351000 8.794894 0.927042 3.660046 52.257327 2.053223 -17.998759 
0.352000 8.848611 0.929147 3.641701 52.868688 2.062099 -18.024295 
0.353000 8.903033 0.931260 3.623179 53.482011 2.071087 -18.044492 
0.354000 8.958004 0.933384 3.604792 54.100490 2.080192 -18.062115 
0.355000 9.013691 0.935515 3.586234 54.720998 2.089412 -18.074275 
0.356000 9.069932 0.937657 3.567823 55.346809 2.098752 -18.083764 
0.357000 9.126899 0.939808 3.549245 55.974722 2.108210 -18.087657 
0.358000 9.184424 0.941970 3.530826 56.608094 2.117793 -18.088776 
0.359000 9.242687 0.944140 3.512246 57.243648 2.127496 -18.084158 
0.360000 9.301511 0.946321 3.493836 57.884825 2.137329 -18.076653 
0.361000 9.361086 0.948512 3.475272 58.528272 2.147286 -18.063262 
0.362000 9.421227 0.950713 3.456889 59.177517 2.157377 -18.046862 
0.363000 9.482129 0.952924 3.438358 59.829128 2.167596 -18.024416 
0.364000 9.543603 0.955147 3.420021 60.486720 2.177953 -17.998830 
0.365000 9.605850 0.957379 3.401543 61.146783 2.188443 -17.967027 
0.366000 9.668674 0.959623 3.383271 61.813021 2.199076 -17.931941 
0.367000 9.732284 0.961877 3.364864 62.481845 2.209847 -17.890455 
0.368000 9.796476 0.964143 3.346678 63.157050 2.220766 -17.845533 
0.369000 9.861467 0.966420 3.328363 63.834964 2.231827 -17.794015 
0.370000 9.927045 0.968708 3.310281 64.519476 2.243043 -17.738894 
0.371000 9.993436 0.971008 3.292079 65.206834 2.254406 -17.676966 
0.372000 10.060421 0.973320 3.274124 65.901020 2.265930 -17.611255 
0.373000 10.128232 0.975642 3.256057 66.598197 2.277607 -17.538512 
0.374000 10.196642 0.977978 3.238251 67.302447 2.289452 -17.461789 
0.375000 10.265894 0.980325 3.220340 68.009847 2.301456 -17.377791 
0.376000 10.335751 0.982686 3.202706 68.724578 2.313634 -17.289601 
0.377000 10.406465 0.985058 3.184975 69.442632 2.325978 -17.193873 
0.378000 10.477791 0.987443 3.167537 70.168292 2.338505 -17.093723 
0.379000 10.549989 0.989841 3.150011 70.897461 2.351204 -16.985752 
0.380000 10.622806 0.992253 3.132794 71.634528 2.364094 -16.873107 
0.381000 10.696512 0.994676 3.115499 72.375304 2.377164 -16.752337 
0.382000 10.770845 0.997115 3.098528 73.124289 2.390434 -16.626620 
0.383000 10.846082 0.999566 3.081490 73.877202 2.403892 -16.492447 
0.384000 10.921955 1.002032 3.064794 74.638653 2.417560 -16.353030 
0.385000 10.998750 1.004511 3.048041 75.404267 2.431425 -16.204799 
0.386000 11.076189 1.007005 3.031648 76.178771 2.445510 -16.050999 
0.387000 11.154568 1.009513 3.015210 76.957692 2.459803 -15.887997 
0.388000 11.233600 1.012036 2.999151 77.745877 2.474326 -15.719072 
0.389000 11.313591 1.014574 2.983058 78.538753 2.489066 -15.540523 
0.390000 11.394245 1.017128 2.967364 79.341292 2.504050 -15.355666 
0.391000 11.475877 1.019696 2.951649 80.148818 2.519262 -15.160726 
0.392000 11.558183 1.022281 2.936354 80.966433 2.534731 -14.959054 
0.393000 11.641488 1.024880 2.921052 81.789353 2.550441 -14.746800 
0.394000 11.725477 1.027497 2.906190 82.622816 2.566420 -14.527351 
0.395000 11.810487 1.030130 2.891337 83.461928 2.582655 -14.296775 
0.396000 11.896192 1.032780 2.876947 84.312066 2.599174 -14.058498 
0.397000 11.982941 1.035446 2.862581 85.168222 2.615963 -13.808499 
0.398000 12.070397 1.038131 2.848703 86.035922 2.633052 -13.550242 
0.399000 12.158921 1.040832 2.834865 86.910037 2.650428 -13.279614 
0.400000 12.248165 1.043552 2.821541 87.796245 2.668122 -13.000118 
0.401000 12.338501 1.046289 2.808275 88.689295 2.686119 -12.707538 
0.402000 12.429572 1.049046 2.795548 89.595024 2.704454 -12.405420 
0.403000 12.521761 1.051821 2.782900 90.508049 2.723110 -12.089439 
0.404000 12.614700 1.054616 2.770820 91.434379 2.742125 -11.763183 
0.405000 12.708783 1.057430 2.758840 92.368491 2.761482 -11.422211 
0.406000 12.803633 1.060265 2.747457 93.316569 2.781219 -11.070153 
0.407000 12.899655 1.063119 2.736196 94.272947 2.801321 -10.702443 
0.408000 12.996461 1.065994 2.725566 95.243992 2.821828 -10.322757 
0.409000 13.094470 1.068891 2.715082 96.223883 2.842722 -9.926390 
0.410000 13.193279 1.071809 2.705262 97.219182 2.864048 -9.517069 
0.411000 13.293324 1.074749 2.695616 98.223900 2.885787 -9.089941 
0.412000 13.394189 1.077712 2.686669 99.244802 2.907986 -8.648783 
0.413000 13.496322 1.080697 2.677925 100.275722 2.930627 -8.188584 
0.414000 13.599295 1.083706 2.669920 101.323635 2.953756 -7.713177 
0.415000 13.703572 1.086739 2.662148 102.382179 2.977358 -7.217377 
0.416000 13.808710 1.089796 2.655158 103.458554 3.001481 -6.705078 
0.417000 13.915188 1.092878 2.648434 104.546179 3.026107 -6.170911 
0.418000 14.022552 1.095986 2.642536 105.652489 3.051290 -5.618838 
0.419000 14.131293 1.099119 2.636941 106.770661 3.077010 -5.043292 
0.420000 14.240943 1.102279 2.632220 107.908372 3.103321 -4.448312 
0.421000 14.352011 1.105467 2.627842 109.058528 3.130206 -3.828119 
0.422000 14.464014 1.108682 2.624390 110.229057 3.157720 -3.186844 
0.423000 14.577476 1.111925 2.621324 111.412555 3.185843 -2.518484 
0.424000 14.691900 1.115198 2.619238 112.617207 3.214635 -1.827283 
0.425000 14.807826 1.118501 2.617586 113.835255 3.244072 -1.107000 
0.426000 14.924741 1.121834 2.616974 115.075143 3.274216 -0.362018 
0.427000 15.043204 1.125198 2.616846 116.328702 3.305043 0.414148 
0.428000 15.162683 1.128594 2.617821 117.604636 3.336613 1.216939 
0.429000 15.283755 1.132023 2.619335 118.894293 3.368900 2.053085 
0.430000 15.405872 1.135485 2.622021 120.206634 3.401964 2.917806 
0.431000 15.529629 1.138981 2.625303 121.532437 3.435774 3.818070 
0.432000 15.654458 1.142513 2.629830 122.880912 3.470392 4.748810 
0.433000 15.780972 1.146080 2.635016 124.242161 3.505776 5.717216 
0.434000 15.908585 1.149683 2.641524 125.625630 3.541987 6.717851 
0.435000 16.037930 1.153324 2.648757 127.020620 3.578975 7.758096 
0.436000 16.168397 1.157004 2.657393 128.436802 3.616797 8.832034 
0.437000 16.300638 1.160722 2.666822 129.862527 3.655391 9.947195 
0.438000 16.434020 1.164481 2.677739 131.307679 3.694807 11.097044 
0.439000 16.569218 1.168280 2.689521 132.759499 3.734967 12.289204 
0.440000 16.705570 1.172120 2.702876 134.228087 3.775913 13.516359 
0.441000 16.843771 1.176003 2.717167 135.699398 3.817549 14.786154 
0.442000 16.983133 1.179929 2.733120 137.183780 3.859905 16.090309 
0.443000 17.124370 1.183898 2.750079 138.665731 3.902862 17.436423 
0.444000 17.266763 1.187912 2.768785 140.155922 3.946437 18.815055 
0.445000 17.411048 1.191970 2.788563 141.637244 3.990486 20.233714 
0.446000 17.556471 1.196074 2.810171 143.120844 4.035013 21.681613 
0.447000 17.703791 1.200224 2.832912 144.587888 4.079846 23.166165 
0.448000 17.852215 1.204419 2.857556 146.050249 4.124977 24.675087 
0.449000 18.002526 1.208661 2.883383 147.487305 4.170206 26.215779 
0.450000 18.153889 1.212949 2.911178 148.912023 4.215518 27.774372 
0.451000 18.307114 1.217284 2.940193 150.301981 4.260690 29.358432 
0.452000 18.461320 1.221664 2.971229 151.671721 4.305705 30.952506 
0.453000 18.617347 1.226091 3.003504 152.997040 4.350320 32.564626 
0.454000 18.774264 1.230562 3.037837 154.294637 4.394528 34.177827 
0.455000 18.932945 1.235079 3.073412 155.538537 4.438072 35.801020 
0.456000 19.092407 1.239640 3.111065 156.748226 4.480969 37.415860 
0.457000 19.253562 1.244245 3.149943 157.895901 4.522952 39.032615 
0.458000 19.415371 1.248891 3.190904 159.004462 4.564071 40.631698 
0.459000 19.578793 1.253580 3.233053 160.044103 4.604057 42.225234 
0.460000 19.742729 1.258308 3.277272 161.041729 4.643005 43.792471 
0.461000 19.908192 1.263077 3.322627 161.965181 4.680645 45.347862 
0.462000 20.074016 1.267882 3.370028 162.845908 4.717122 46.869473 
0.463000 20.241281 1.272726 3.418495 163.648879 4.752165 48.374484 
0.464000 20.408748 1.277603 3.468974 164.410578 4.785974 49.839628 
0.465000 20.577571 1.282515 3.520438 165.092421 4.818270 51.285145 
0.466000 20.746432 1.287458 3.573874 165.736406 4.849314 52.686159 
0.467000 20.916572 1.292434 3.628203 166.299582 4.878812 54.066240 
0.468000 21.086585 1.297437 3.684462 166.829980 4.907085 55.398519 
0.469000 21.257810 1.302471 3.741517 167.279361 4.933812 56.710139 
0.470000 21.428742 1.307529 3.800459 167.702382 4.959378 57.971771 
0.471000 21.600832 1.312615 3.860094 168.044512 4.983425 59.214381 
0.472000 21.772465 1.317722 3.921577 168.367738 5.006405 60.405651 
0.473000 21.945216 1.322855 3.983649 168.610160 5.027909 61.580653 
0.474000 22.117344 1.328006 4.047536 168.841934 5.048459 62.703512 
0.475000 22.290569 1.333181 4.111904 168.992635 5.067584 63.813747 
0.476000 22.463006 1.338372 4.178062 169.141575 5.085882 64.871314 
0.477000 22.636536 1.343584 4.244594 169.208553 5.102808 65.920598 
0.478000 22.809109 1.348809 4.312898 169.283196 5.119043 66.916739 
0.479000 22.982792 1.354055 4.381467 169.274166 5.133954 67.909481 
0.480000 23.155346 1.359310 4.451801 169.282732 5.148316 68.848462 
0.481000 23.329047 1.364585 4.522291 169.204921 5.161393 69.789373 
0.482000 23.501442 1.369868 4.594550 169.155171 5.174066 70.675603 
0.483000 23.675041 1.375169 4.666853 169.015209 5.185484 71.569474 
0.484000 23.847150 1.380474 4.740940 168.914369 5.196645 72.407316 
0.485000 24.020542 1.385798 4.814956 168.718227 5.206565 73.258865 
0.486000 24.192250 1.391124 4.890786 168.572971 5.216380 74.052507 
0.487000 24.365345 1.396468 4.966425 168.325948 5.224952 74.866285 
0.488000 24.536548 1.401811 5.043919 168.142410 5.233573 75.619653 
0.489000 24.709268 1.407172 5.121099 167.849140 5.240933 76.399977 
0.490000 24.879871 1.412531 5.200189 167.632949 5.248501 77.116688 
0.491000 25.052149 1.417908 5.278836 167.297427 5.254771 77.867616 
0.492000 25.222065 1.423279 5.359462 167.053757 5.261414 78.550949 
0.493000 25.393844 1.428670 5.439506 166.679373 5.266705 79.276268 
0.494000 25.562995 1.434052 5.521615 166.412996 5.272539 79.929155 
0.495000 25.734230 1.439454 5.602995 166.002564 5.276946 80.632389 
0.496000 25.902541 1.444845 5.686543 165.717912 5.282080 81.257415 
0.497000 26.073193 1.450258 5.769201 165.273709 5.285687 81.941839 
0.498000 26.240596 1.455657 5.854149 164.974931 5.290217 82.541251 
0.499000 26.410637 1.461079 5.938033 164.498723 5.293097 83.209910 
0.500000 26.577066 1.466483 6.024348 164.189745 5.297112 83.785629 
0.501000 26.746474 1.471914 6.109410 163.682812 5.299328 84.441368 
0.502000 26.911866 1.477323 6.197067 163.367397 5.302910 84.995000 
0.503000 27.080630 1.482761 6.283261 162.830551 5.304516 85.640488 
0.504000 27.244924 1.488173 6.372238 162.512352 5.307740 86.173340 
0.505000 27.413037 1.493617 6.459522 161.945955 5.308778 86.811099 
0.506000 27.576172 1.499031 6.549803 161.628574 5.311714 87.324189 
0.507000 27.743636 1.504482 6.638137 161.032537 5.312220 87.956628 
0.508000 27.905552 1.509897 6.729712 160.719579 5.314935 88.450693 
0.509000 28.072376 1.515353 6.819056 160.093369 5.314936 89.080131 
0.510000 28.233011 1.520769 6.911919 159.788498 5.317493 89.555639 
0.511000 28.399211 1.526230 7.002235 159.131127 5.317008 90.184342 
0.512000 28.558502 1.531644 7.096384 158.838123 5.319466 90.641494 
0.513000 28.724102 1.537110 7.187635 158.148133 5.318508 91.271697 
0.514000 28.881982 1.542523 7.283073 157.870951 5.320928 91.710431 
0.515000 29.047015 1.547994 7.375222 157.146399 5.319499 92.344376 
0.516000 29.203413 1.553403 7.471957 156.889227 5.321939 92.764364 
0.517000 29.367920 1.558879 7.564965 156.127649 5.320038 93.404325 
0.518000 29.522760 1.564285 7.663008 155.894977 5.322558 93.804972 
0.519000 29.686792 1.569766 7.756836 155.093357 5.320174 94.453286 
0.520000 29.839992 1.575167 7.856205 154.890042 5.322834 94.833721 
0.521000 30.003608 1.580654 7.950811 154.044761 5.319948 95.492825 
0.522000 30.155079 1.586049 8.051528 153.876106 5.322811 95.851887 
0.523000 30.318350 1.591541 8.146869 152.982893 5.319398 96.524348 
0.524000 30.467994 1.596929 8.248962 152.854725 5.322532 96.860573 
0.525000 30.631002 1.602428 8.344990 151.908585 5.318557 97.549126 
0.526000 30.778711 1.607808 8.448491 151.827347 5.322031 97.860729 
0.527000 30.941554 1.613314 8.545156 150.822492 5.317451 98.568311 
0.528000 31.087207 1.618684 8.650105 150.795343 5.321343 98.853161 
0.529000 31.249994 1.624198 8.747353 149.725096 5.316103 99.582956 
0.530000 31.393458 1.629558 8.853794 149.760019 5.320497 99.838545 
0.531000 31.556317 1.635081 8.951565 148.616715 5.314534 100.594026 
0.532000 31.697443 1.640428 9.059552 148.722645 5.319521 100.817440 
0.533000 31.860518 1.645962 9.157780 147.497510 5.312760 101.602417 
0.534000 31.999138 1.651295 9.267372 147.684469 5.318441 101.790294 
0.535000 32.162595 1.656840 9.365984 146.367488 5.310792 102.608967 
0.536000 32.298521 1.662158 9.477251 146.646743 5.317281 102.757449 
0.537000 32.462550 1.667716 9.576167 145.226499 5.308641 103.614467 
0.538000 32.595571 1.673016 9.689186 145.610737 5.316064 103.719152 
0.539000 32.760386 1.678590 9.788316 144.074236 5.306313 104.619676 
0.540000 32.890264 1.683870 9.903178 144.577763 5.314813 104.675555 
0.541000 33.056109 1.689461 10.002422 142.910232 5.303814 105.625328 
0.542000 33.182576 1.694719 10.119227 143.549195 5.313549 105.626719 
0.543000 33.349728 1.700329 10.218474 141.733849 5.301143 106.632147 
0.544000 33.472482 1.705562 10.337335 142.526492 5.312295 106.572614 
0.545000 33.641255 1.711195 10.436460 140.544273 5.298299 107.640853 
0.546000 33.759955 1.716399 10.557506 141.511220 5.311071 107.513121 
0.547000 33.930705 1.722059 10.656370 139.340495 5.295279 108.652176 
0.548000 34.044965 1.727230 10.779746 140.505079 5.309902 108.448029 
0.549000 34.218098 1.732920 10.878192 138.121305 5.292075 109.666864 
0.550000 34.327482 1.738055 11.004061 139.509932 5.308810 109.377034 
0.551000 34.503455 1.743778 11.101914 136.885266 5.288676 110.685693 
0.552000 34.607470 1.748872 11.230460 138.527834 5.307821 110.299731 
0.553000 34.786803 1.754635 11.327524 135.630694 5.285071 111.709477 
0.554000 34.884893 1.759682 11.458953 137.561065 5.306962 111.215612 
0.555000 35.068174 1.765490 11.555007 134.355639 5.281241 112.739082 
0.556000 35.159707 1.770485 11.689553 136.612171 5.306262 112.124059 
0.557000 35.347604 1.776344 11.784349 133.057849 5.277167 113.775432 
0.558000 35.431867 1.781279 11.922272 135.684007 5.305754 113.024329 
0.559000 35.625135 1.787196 12.015531 131.734742 5.272824 114.819522 
0.560000 35.701320 1.792064 12.157126 134.779781 5.305473 113.915551 
0.561000 35.900817 1.798048 12.248537 130.383370 5.268184 115.872430 
0.562000 35.968009 1.802840 12.394135 133.903113 5.305459 114.796705 
0.563000 36.174706 1.808900 12.483345 129.000377 5.263214 116.935328 
0.564000 36.231870 1.813605 12.633317 133.058090 5.305756 115.666615 
0.565000 36.446866 1.819753 12.719932 127.581955 5.257875 118.009496 
0.566000 36.492829 1.824360 12.874697 132.249342 5.306415 116.523922 
0.567000 36.717372 1.830606 12.958273 126.123798 5.252122 119.096327 
0.568000 36.750806 1.835103 13.118299 131.482113 5.307490 117.367072 
0.569000 36.986309 1.841463 13.198339 124.621051 5.245905 120.197347 
0.570000 37.005709 1.845833 13.364154 130.762348 5.309048 118.194288 
0.571000 37.253773 1.852322 13.440096 123.068254 5.239165 121.314219 
0.572000 37.257436 1.856549 13.612293 130.096795 5.311158 119.003545 
0.573000 37.519876 1.863185 13.683509 121.459291 5.231837 122.448753 
0.574000 37.505871 1.867250 13.862752 129.493103 5.313903 119.792541 
0.575000 37.784745 1.874055 13.928535 119.787339 5.223847 123.602910 
0.576000 37.750887 1.877935 14.115573 128.959943 5.317376 120.558668 
0.577000 38.048522 1.884931 14.175129 118.044822 5.215111 124.778804 
0.578000 37.992339 1.888602 14.370798 128.507132 5.321681 121.298974 
0.579000 38.311374 1.895816 14.423237 116.223380 5.205535 125.978693 
0.580000 38.230065 1.899250 14.628478 128.145758 5.326938 122.010131 
0.581000 38.573486 1.906712 14.672799 114.313859 5.195018 127.204964 
0.582000 38.463885 1.909876 14.888666 127.888312 5.333278 122.688403 
0.583000 38.835072 1.917621 14.923749 112.306330 5.183445 128.460098 
0.584000 38.693600 1.920478 15.151422 127.748809 5.340853 123.329612 
0.585000 39.096373 1.928545 15.176011 110.190168 5.170692 129.746618 
0.586000 38.918985 1.931055 15.416809 127.742879 5.349831 123.929114 
0.587000 39.357661 1.939488 15.429498 107.954188 5.156626 131.067010 
0.588000 39.139797 1.941602 15.684896 127.887831 5.360398 124.481796 
0.589000 39.619246 1.950452 15.684116 105.586899 5.141108 132.423606 
0.590000 39.355767 1.952118 15.955759 128.202632 5.372757 124.982085 
0.591000 39.881475 1.961441 15.939758 103.076883 5.123994 133.818418 
0.592000 39.566603 1.962599 16.229474 128.707791 5.387132 125.423998 
0.593000 40.144737 1.972460 16.196303 100.413349 5.105142 135.252923 
0.594000 39.771991 1.973041 16.506124 129.425086 5.403758 125.801237 
0.595000 40.409466 1.983513 16.453620 97.586911 5.084419 136.727777 
0.596000 39.971598 1.983441 16.785790 130.377087 5.422882 126.107354 
0.597000 40.676143 1.994605 16.711563 94.590603 5.061710 138.242459 
0.598000 40.165076 1.993794 17.068555 131.586430 5.444752 126.335989 
0.599000 40.945293 2.005742 16.969974 91.421154 5.036933 139.794861 
0.600000 40.352071 2.004097 17.354494 133.074794 5.469608 126.481210 
0.601000 41.217487 2.016930 17.228681 88.080469 5.010054 141.380835 
0.602000 40.532233 2.014344 17.643678 134.861589 5.497670 126.537936 
0.603000 41.493336 2.028175 17.487505 84.577206 4.981105 142.993763 
0.604000 40.705229 2.024533 17.936161 136.962425 5.529119 126.502441 
0.605000 41.773483 2.039484 17.746256 80.928227 4.950199 144.624219 
0.606000 40.870762 2.034658 18.231979 139.387503 5.564082 126.372874 
0.607000 42.058589 2.050865 18.004743 77.159614 4.917546 146.259840 
0.608000 41.028586 2.044716 18.531143 142.140183 5.602619 126.149738 
0.609000 42.349326 2.062325 18.262772 73.306874 4.883457 147.885508 
0.610000 41.178529 2.054705 18.833631 145.216038 5.644709 125.836207 
0.611000 42.646355 2.073871 18.520161 69.413996 4.848341 149.483941 
0.612000 41.320511 2.064622 19.139389 148.602672 5.690256 125.438217 
0.613000 42.950310 2.085510 18.776735 65.531216 4.812682 151.036689 
0.614000 41.454550 2.074466 19.448323 152.280484 5.739088 124.964255 
0.615000 43.261788 2.097249 19.032340 61.711607 4.777012 152.525453 
0.616000 41.580776 2.084237 19.760303 156.224311 5.790983 124.424868 
0.617000 43.581333 2.109094 19.286842 58.006999 4.741867 153.933523 
0.618000 41.699425 2.093936 20.075162 160.405683 5.845687 123.831977 
0.619000 43.909431 2.121051 19.540131 54.463906 4.707747 155.247076 
0.620000 41.810827 2.103566 20.392708 164.795253 5.902944 123.198115 
0.621000 44.246507 2.133125 19.792123 51.120210 4.675077 156.456121 
0.622000 41.915389 2.113128 20.712727 169.364977 5.962516 122.535738 
0.623000 44.592930 2.145321 20.042761 48.003107 4.644185 157.554925 
0.624000 42.013576 2.122627 21.034994 174.089722 6.024199 121.856693 
0.625000 44.949018 2.157643 20.292009 45.128514 4.615291 158.541938 
0.626000 42.105883 2.132068 21.359280 178.948206 6.087836 121.171884 
0.627000 45.315043 2.170095 20.539857 42.501772 4.588509 159.419278 
0.628000 42.192817 2.141453 21.685360 183.923304 6.153313 120.491134 
0.629000 45.691244 2.182681 20.786313 40.119281 4.563859 160.191968 
0.630000 42.274878 2.150788 22.013020 189.001890 6.220565 119.823196 
0.631000 46.077833 2.195405 21.031402 37.970624 4.541291 160.867053 
0.632000 42.352544 2.160077 22.342062 194.174382 6.289563 119.175854 
0.633000 46.475002 2.208269 21.275167 36.040757 4.520700 161.452768 
0.634000 42.426263 2.169324 22.672301 199.434171 6.360314 118.556083 
0.635000 46.882930 2.221279 21.517665 34.312012 4.501950 161.957825 
0.636000 42.496445 2.178532 23.003573 204.777026 6.432848 117.970220 
0.637000 47.301785 2.234437 21.758964 32.765703 4.484887 162.390867 
0.638000 42.563465 2.187706 23.335732 210.200553 6.507220 117.424133 
0.639000 47.731735 2.247747 21.999146 31.383325 4.469353 162.760092 
0.640000 42.627657 2.196847 23.668645 215.703733 6.583497 116.923373 
0.641000 48.172940 2.261213 22.238304 30.147337 4.455196 163.073034 
0.642000 42.689322 2.205960 24.002199 221.286553 6.661761 116.473310 
0.643000 48.625565 2.274839 22.476541 29.041620 4.442273 163.336453 
0.644000 42.748724 2.215046 24.336291 226.949709 6.742105 116.079246 
0.645000 49.089774 2.288630 22.713973 28.051669 4.430453 163.556325 
0.646000 42.806102 2.224109 24.670833 232.694377 6.824626 115.746514 
0.647000 49.565733 2.302589 22.950723 27.164622 4.419620 163.737869 
0.648000 42.861665 2.233149 25.005747 238.522043 6.909431 115.480557 
0.649000 50.053611 2.316722 23.186930 26.369174 4.409671 163.885618 
0.650000 42.915601 2.242168 25.340962 244.434366 6.996631 115.286998 
0.651000 50.553583 2.331033 23.422741 25.655436 4.400513 164.003499 
0.652000 42.968077 2.251169 25.676419 250.433075 7.086341 115.171701 
0.653000 51.065825 2.345527 23.658316 25.014778 4.392067 164.094907 
0.654000 43.019243 2.260153 26.012063 256.519890 7.178681 115.140821 
0.655000 51.590517 2.360211 23.893828 24.439663 4.384264 164.162785 
0.656000 43.069232 2.269120 26.347845 262.696451 7.273775 115.200847 
0.657000 52.127843 2.375089 24.129462 23.923499 4.377041 164.209689 
0.658000 43.118166 2.278073 26.683724 268.964270 7.371751 115.358645 
0.659000 52.677989 2.390167 24.365420 23.460507 4.370344 164.237847 
0.660000 43.166153 2.287013 27.019660 275.324680 7.472740 115.621492 
0.661000 53.241145 2.405452 24.601915 23.045601 4.364125 164.249204 
0.662000 43.213291 2.295939 27.355619 281.778794 7.576877 115.997114 
0.663000 53.817502 2.420950 24.839178 22.674296 4.358341 164.245466 
0.664000 43.259669 2.304854 27.691571 288.327466 7.684300 116.493712 
0.665000 54.407254 2.436668 25.077457 22.342618 4.352956 164.228137 
0.666000 43.305370 2.313757 28.027487 294.971252 7.795149 117.120000 
0.667000 55.010595 2.452612 25.317017 22.047040 4.347934 164.198541 
0.668000 43.350465 2.322651 28.363343 301.710372 7.909569 117.885226 
0.669000 55.627721 2.468790 25.558143 21.784417 4.343247 164.157852 
0.670000 43.395023 2.331535 28.699115 308.544667 8.027708 118.799208 
0.671000 56.258826 2.485210 25.801137 21.551941 4.338867 164.107112 
0.672000 43.439106 2.340409 29.034784 315.473554 8.149714 119.872356 
0.673000 56.904103 2.501880 26.046327 21.347093 4.334770 164.047249 
0.674000 43.482770 2.349276 29.370330 322.495976 8.275741 121.115696 
0.675000 57.563744 2.518807 26.294060 21.167612 4.330934 163.979091 
0.676000 43.526067 2.358134 29.705737 329.610345 8.405940 122.540897 
0.677000 58.237937 2.536001 26.544708 21.011459 4.327338 163.903379 
0.678000 43.569044 2.366986 30.040989 336.814472 8.540467 124.160282 
0.679000 58.926866 2.553470 26.798669 20.876792 4.323966 163.820775 
0.680000 43.611746 2.375830 30.376072 344.105494 8.679475 125.986844 
0.681000 59.630708 2.571223 27.056365 20.761944 4.320800 163.731877 
0.682000 43.654213 2.384668 30.710973 351.479785 8.823118 128.034249 
0.683000 60.349633 2.589270 27.318250 20.665402 4.317827 163.637218 
0.684000 43.696483 2.393500 31.045681 358.932848 8.971544 130.316826 
0.685000 61.083803 2.607621 27.584803 20.585787 4.315031 163.537284 
0.686000 43.738589 2.402326 31.380184 366.459197 9.124899 132.849547 
0.687000 61.833367 2.626285 27.856537 20.521843 4.312401 163.432508 
0.688000 43.780565 2.411146 31.714472 374.052220 9.283318 135.647977 
0.689000 62.598463 2.645273 28.133994 20.472422 4.309924 163.323285 
0.690000 43.822440 2.419962 32.048538 381.704019 9.446926 138.728207 
0.691000 63.379210 2.664596 28.417752 20.436471 4.307591 163.209969 
0.692000 43.864241 2.428773 32.382372 389.405235 9.615832 142.106745 
0.693000 64.175709 2.684265 28.708421 20.413021 4.305392 163.092884 
0.694000 43.905995 2.437579 32.715966 397.144847 9.790122 145.800367 
0.695000 64.988038 2.704290 29.006644 20.401180 4.303316 162.972319 
0.696000 43.947724 2.446381 33.049313 404.909966 9.969857 149.825911 
0.697000 65.816251 2.724682 29.313102 20.400125 4.301356 162.848539 
0.698000 43.989451 2.455179 33.382408 412.685605 10.155060 154.200005 
0.699000 66.660368 2.745454 29.628506 20.409091 4.299504 162.721783 
