0.000000 8.853080 0.288603 -2.073810 -13.248536 2.001552 43.466817 
0.001000 8.839531 0.290650 -2.029356 -13.265630 2.000369 43.406814 
0.002000 8.825946 0.292694 -1.985024 -13.282642 1.999172 43.345868 
0.003000 8.812362 0.294739 -1.940695 -13.299649 1.997976 43.284911 
0.004000 8.798743 0.296781 -1.896488 -13.316573 1.996767 43.223002 
0.005000 8.785124 0.298823 -1.852286 -13.333485 1.995557 43.161071 
0.006000 8.771470 0.300863 -1.808206 -13.350312 1.994334 43.098180 
0.007000 8.757817 0.302902 -1.764132 -13.367120 1.993111 43.035256 
0.008000 8.744129 0.304940 -1.720180 -13.383841 1.991874 42.971363 
0.009000 8.730441 0.306977 -1.676237 -13.400537 1.990637 42.907425 
0.010000 8.716719 0.309011 -1.632416 -13.417143 1.989386 42.842509 
0.011000 8.702998 0.311046 -1.588606 -13.433717 1.988135 42.777537 
0.012000 8.689241 0.313078 -1.544918 -13.450198 1.986870 42.711577 
0.013000 8.675486 0.315110 -1.501242 -13.466641 1.985605 42.645550 
0.014000 8.661696 0.317139 -1.457690 -13.482987 1.984326 42.578524 
0.015000 8.647908 0.319169 -1.414151 -13.499289 1.983047 42.511420 
0.016000 8.634085 0.321195 -1.370736 -13.515490 1.981754 42.443307 
0.017000 8.620263 0.323222 -1.327337 -13.531639 1.980460 42.375103 
0.018000 8.606407 0.325246 -1.284061 -13.547684 1.979152 42.305882 
0.019000 8.592552 0.327270 -1.240803 -13.563669 1.977843 42.236556 
0.020000 8.578663 0.329292 -1.197669 -13.579547 1.976521 42.166202 
0.021000 8.564776 0.331313 -1.154555 -13.595357 1.975197 42.095732 
0.022000 8.550855 0.333332 -1.111566 -13.611056 1.973860 42.024222 
0.023000 8.536936 0.335350 -1.068598 -13.626679 1.972521 41.952584 
0.024000 8.522983 0.337367 -1.025755 -13.642186 1.971169 41.879895 
0.025000 8.509032 0.339382 -0.982936 -13.657609 1.969815 41.807064 
0.026000 8.495047 0.341396 -0.940242 -13.672912 1.968448 41.733172 
0.027000 8.481065 0.343409 -0.897574 -13.688122 1.967079 41.659124 
0.028000 8.467049 0.345419 -0.855031 -13.703207 1.965695 41.584005 
0.029000 8.453036 0.347429 -0.812517 -13.718190 1.964311 41.508715 
0.030000 8.438989 0.349437 -0.770128 -13.733043 1.962912 41.432342 
0.031000 8.424946 0.351444 -0.727770 -13.747785 1.961512 41.355785 
0.032000 8.410869 0.353449 -0.685538 -13.762391 1.960098 41.278133 
0.033000 8.396796 0.355454 -0.643339 -13.776877 1.958682 41.200282 
0.034000 8.382690 0.357455 -0.601266 -13.791221 1.957251 41.121325 
0.035000 8.368587 0.359457 -0.559228 -13.805435 1.955820 41.042155 
0.036000 8.354452 0.361456 -0.517317 -13.819501 1.954373 40.961866 
0.037000 8.340321 0.363454 -0.475444 -13.833426 1.952925 40.881349 
0.038000 8.326157 0.365451 -0.433698 -13.847198 1.951462 40.799701 
0.039000 8.311997 0.367446 -0.391991 -13.860818 1.949998 40.717809 
0.040000 8.297805 0.369439 -0.350412 -13.874278 1.948519 40.634774 
0.041000 8.283618 0.371432 -0.308876 -13.887574 1.947038 40.551479 
0.042000 8.269399 0.373422 -0.267467 -13.900703 1.945542 40.467029 
0.043000 8.255186 0.375411 -0.226104 -13.913657 1.944045 40.382303 
0.044000 8.240940 0.377398 -0.184868 -13.926436 1.942533 40.296407 
0.045000 8.226700 0.379384 -0.143680 -13.939026 1.941019 40.210219 
0.046000 8.212429 0.381368 -0.102622 -13.951430 1.939489 40.122848 
0.047000 8.198163 0.383351 -0.061612 -13.963630 1.937958 40.035167 
0.048000 8.183867 0.385332 -0.020733 -13.975635 1.936412 39.946287 
0.049000 8.169577 0.387312 0.020095 -13.987421 1.934864 39.857081 
0.050000 8.155257 0.389290 0.060792 -13.999001 1.933300 39.766662 
0.051000 8.140943 0.391267 0.101435 -14.010349 1.931735 39.675899 
0.052000 8.126600 0.393241 0.141946 -14.021483 1.930154 39.583909 
0.053000 8.112264 0.395215 0.182401 -14.032369 1.928572 39.491558 
0.054000 8.097898 0.397186 0.222723 -14.043031 1.926974 39.397965 
0.055000 8.083540 0.399156 0.262986 -14.053431 1.925374 39.303993 
0.056000 8.069153 0.401124 0.303116 -14.063596 1.923758 39.208764 
0.057000 8.054774 0.403091 0.343185 -14.073484 1.922141 39.113139 
0.058000 8.040366 0.405056 0.383119 -14.083126 1.920507 39.016242 
0.059000 8.025968 0.407019 0.422989 -14.092476 1.918872 38.918930 
0.060000 8.011541 0.408980 0.462725 -14.101569 1.917221 38.820331 
0.061000 7.997124 0.410941 0.502393 -14.110353 1.915568 38.721298 
0.062000 7.982680 0.412899 0.541927 -14.118868 1.913899 38.620964 
0.063000 7.968245 0.414856 0.581390 -14.127057 1.912229 38.520176 
0.064000 7.953784 0.416810 0.620717 -14.134965 1.910542 38.418072 
0.065000 7.939333 0.418763 0.659971 -14.142530 1.908853 38.315495 
0.066000 7.924856 0.420714 0.699088 -14.149801 1.907148 38.211585 
0.067000 7.910391 0.422664 0.738130 -14.156709 1.905442 38.107183 
0.068000 7.895900 0.424612 0.777034 -14.163311 1.903719 38.001432 
0.069000 7.881421 0.426558 0.815859 -14.169532 1.901994 37.895169 
0.070000 7.866917 0.428502 0.854545 -14.175432 1.900253 37.787541 
0.071000 7.852426 0.430445 0.893150 -14.180932 1.898511 37.679382 
0.072000 7.837911 0.432385 0.931616 -14.186096 1.896752 37.569840 
0.073000 7.823409 0.434325 0.969997 -14.190839 1.894991 37.459747 
0.074000 7.808885 0.436261 1.008237 -14.195231 1.893214 37.348255 
0.075000 7.794374 0.438197 1.046390 -14.199181 1.891434 37.236191 
0.076000 7.779842 0.440130 1.084400 -14.202764 1.889639 37.122711 
0.077000 7.765323 0.442062 1.122321 -14.205884 1.887842 37.008639 
0.078000 7.750784 0.443992 1.160099 -14.208620 1.886029 36.893133 
0.079000 7.736261 0.445920 1.197784 -14.210870 1.884213 36.777014 
0.080000 7.721717 0.447846 1.235323 -14.212719 1.882382 36.659444 
0.081000 7.707190 0.449770 1.272768 -14.214059 1.880548 36.541240 
0.082000 7.692643 0.451692 1.310066 -14.214979 1.878698 36.421568 
0.083000 7.678114 0.453613 1.347265 -14.215366 1.876847 36.301239 
0.084000 7.663567 0.455531 1.384317 -14.215315 1.874979 36.179425 
0.085000 7.649038 0.457448 1.421268 -14.214705 1.873110 36.056934 
0.086000 7.634492 0.459362 1.458069 -14.213637 1.871224 35.932939 
0.087000 7.619965 0.461276 1.494766 -14.211986 1.869336 35.808245 
0.088000 7.605422 0.463186 1.531312 -14.209855 1.867433 35.682030 
0.089000 7.590899 0.465095 1.567751 -14.207114 1.865528 35.555094 
0.090000 7.576363 0.467002 1.604037 -14.203872 1.863606 35.426619 
0.091000 7.561846 0.468907 1.640213 -14.199992 1.861683 35.297400 
0.092000 7.547318 0.470810 1.676235 -14.195589 1.859745 35.166625 
0.093000 7.532810 0.472711 1.712144 -14.190519 1.857804 35.035084 
0.094000 7.518292 0.474610 1.747897 -14.184904 1.855848 34.901968 
0.095000 7.503796 0.476507 1.783533 -14.178592 1.853890 34.768065 
0.096000 7.489291 0.478402 1.819012 -14.171709 1.851917 34.632567 
0.097000 7.474809 0.480295 1.854371 -14.164101 1.849942 34.496261 
0.098000 7.460319 0.482186 1.889572 -14.155896 1.847951 34.358343 
0.099000 7.445854 0.484075 1.924649 -14.146934 1.845960 34.219593 
0.100000 7.431383 0.485961 1.959566 -14.137349 1.843952 34.079213 
0.101000 7.416937 0.487847 1.994355 -14.126974 1.841944 33.937979 
0.102000 7.402487 0.489729 2.028983 -14.115950 1.839921 33.795097 
0.103000 7.388064 0.491610 2.063480 -14.104102 1.837896 33.651340 
0.104000 7.373638 0.493488 2.097814 -14.091577 1.835856 33.505915 
0.105000 7.359241 0.495365 2.132014 -14.078193 1.833816 33.359593 
0.106000 7.344842 0.497239 2.166049 -14.064102 1.831760 33.211586 
0.107000 7.330474 0.499112 2.199946 -14.049117 1.829704 33.062660 
0.108000 7.316106 0.500982 2.233676 -14.033395 1.827633 32.912031 
0.109000 7.301770 0.502850 2.267265 -14.016741 1.825562 32.760461 
0.110000 7.287436 0.504716 2.300685 -13.999319 1.823476 32.607170 
0.111000 7.273135 0.506580 2.333961 -13.980927 1.821390 32.452917 
0.112000 7.258839 0.508441 2.367065 -13.961735 1.819290 32.296925 
0.113000 7.244578 0.510301 2.400022 -13.941533 1.817190 32.139950 
0.114000 7.230322 0.512158 2.432805 -13.920497 1.815075 31.981218 
0.115000 7.216104 0.514014 2.465437 -13.898411 1.812962 31.821482 
0.116000 7.201894 0.515867 2.497893 -13.875456 1.810834 31.659973 
0.117000 7.187723 0.517718 2.530195 -13.851410 1.808707 31.497439 
0.118000 7.173562 0.519566 2.562319 -13.826458 1.806567 31.333115 
0.119000 7.159442 0.521413 2.594284 -13.800372 1.804428 31.167746 
0.120000 7.145335 0.523257 2.626070 -13.773343 1.802275 31.000570 
0.121000 7.131270 0.525099 2.657694 -13.745137 1.800124 30.832330 
0.122000 7.117220 0.526939 2.689135 -13.715948 1.797960 30.662266 
0.123000 7.103215 0.528777 2.720411 -13.685536 1.795798 30.491120 
0.124000 7.089227 0.530612 2.751503 -13.654103 1.793623 30.318135 
0.125000 7.075286 0.532446 2.782424 -13.621400 1.791451 30.144048 
0.126000 7.061366 0.534276 2.813160 -13.587634 1.789267 29.968107 
0.127000 7.047494 0.536105 2.843722 -13.552550 1.787085 29.791047 
0.128000 7.033645 0.537932 2.874095 -13.516361 1.784892 29.612117 
0.129000 7.019847 0.539756 2.904291 -13.478806 1.782702 29.432052 
0.130000 7.006075 0.541578 2.934296 -13.440101 1.780500 29.250103 
0.131000 6.992357 0.543398 2.964120 -13.399979 1.778303 29.067003 
0.132000 6.978667 0.545216 2.993751 -13.358663 1.776095 28.882005 
0.133000 6.965032 0.547031 3.023196 -13.315879 1.773891 28.695841 
0.134000 6.951430 0.548844 3.052446 -13.271854 1.771676 28.507767 
0.135000 6.937886 0.550655 3.081507 -13.226307 1.769467 28.318512 
0.136000 6.924377 0.552463 3.110369 -13.179472 1.767248 28.127335 
0.137000 6.910928 0.554270 3.139039 -13.131062 1.765034 27.934965 
0.138000 6.897518 0.556073 3.167508 -13.081314 1.762811 27.740661 
0.139000 6.884171 0.557875 3.195780 -13.029936 1.760595 27.545151 
0.140000 6.870866 0.559675 3.223850 -12.977169 1.758369 27.347698 
0.141000 6.857628 0.561472 3.251718 -12.922716 1.756151 27.149028 
0.142000 6.844434 0.563267 3.279381 -12.866822 1.753925 26.948406 
0.143000 6.831309 0.565059 3.306839 -12.809184 1.751707 26.746558 
0.144000 6.818234 0.566850 3.334089 -12.750053 1.749481 26.542749 
0.145000 6.805230 0.568638 3.361130 -12.689117 1.747263 26.337706 
0.146000 6.792279 0.570424 3.387961 -12.626635 1.745039 26.130696 
0.147000 6.779403 0.572207 3.414578 -12.562289 1.742825 25.922445 
0.148000 6.766584 0.573988 3.440983 -12.496340 1.740604 25.712221 
0.149000 6.753843 0.575767 3.467171 -12.428466 1.738394 25.500751 
0.150000 6.741162 0.577544 3.493143 -12.358932 1.736179 25.287303 
0.151000 6.728564 0.579319 3.518894 -12.287411 1.733974 25.072607 
0.152000 6.716029 0.581091 3.544427 -12.214172 1.731766 24.855929 
0.153000 6.703581 0.582861 3.569735 -12.138882 1.729569 24.638001 
0.154000 6.691200 0.584629 3.594822 -12.061814 1.727369 24.418091 
0.155000 6.678909 0.586394 3.619680 -11.982632 1.725182 24.196930 
0.156000 6.666691 0.588157 3.644315 -11.901612 1.722993 23.973787 
0.157000 6.654565 0.589918 3.668717 -11.818411 1.720817 23.749395 
0.158000 6.642517 0.591677 3.692893 -11.733311 1.718641 23.523023 
0.159000 6.630566 0.593434 3.716832 -11.645963 1.716479 23.295406 
0.160000 6.618696 0.595188 3.740542 -11.556654 1.714317 23.065812 
0.161000 6.606927 0.596940 3.764011 -11.465031 1.712171 22.834980 
0.162000 6.595245 0.598690 3.787249 -11.371381 1.710025 22.602175 
0.163000 6.583668 0.600438 3.810242 -11.275350 1.707897 22.368141 
0.164000 6.572182 0.602183 3.833002 -11.177227 1.705771 22.132141 
0.165000 6.560806 0.603927 3.855512 -11.076654 1.703663 21.894923 
0.166000 6.549526 0.605668 3.877786 -10.973925 1.701558 21.655747 
0.167000 6.538360 0.607407 3.899807 -10.868675 1.699472 21.415366 
0.168000 6.527295 0.609144 3.921589 -10.761202 1.697391 21.173039 
0.169000 6.516348 0.610879 3.943115 -10.651139 1.695331 20.929522 
0.170000 6.505509 0.612612 3.964399 -10.538784 1.693276 20.684070 
0.171000 6.494792 0.614343 3.985422 -10.423770 1.691243 20.437448 
0.172000 6.484188 0.616071 4.006202 -10.306396 1.689217 20.188905 
0.173000 6.473711 0.617798 4.026717 -10.186291 1.687215 19.939213 
0.174000 6.463352 0.619522 4.046987 -10.063757 1.685221 19.687617 
0.175000 6.453126 0.621245 4.066987 -9.938421 1.683252 19.434895 
0.176000 6.443024 0.622965 4.086739 -9.810586 1.681292 19.180289 
0.177000 6.433060 0.624684 4.106219 -9.679878 1.679358 18.924583 
0.178000 6.423225 0.626400 4.125448 -9.546601 1.677436 18.667013 
0.179000 6.413533 0.628115 4.144400 -9.410379 1.675541 18.408373 
0.180000 6.403976 0.629828 4.163101 -9.271516 1.673659 18.147893 
0.181000 6.394569 0.631538 4.181521 -9.129638 1.671806 17.886374 
0.182000 6.385302 0.633247 4.199686 -8.985047 1.669967 17.623041 
0.183000 6.376190 0.634954 4.217567 -8.837370 1.668160 17.358704 
0.184000 6.367226 0.636659 4.235192 -8.686907 1.666367 17.092581 
0.185000 6.358422 0.638362 4.252529 -8.533287 1.664607 16.825493 
0.186000 6.349772 0.640064 4.269607 -8.376809 1.662864 16.556648 
0.187000 6.341288 0.641764 4.286394 -8.217104 1.661156 16.286879 
0.188000 6.332964 0.643462 4.302921 -8.054467 1.659466 16.015386 
0.189000 6.324813 0.645158 4.319152 -7.888533 1.657813 15.743014 
0.190000 6.316829 0.646853 4.335122 -7.719594 1.656179 15.468952 
0.191000 6.309023 0.648546 4.350793 -7.547288 1.654584 15.194058 
0.192000 6.301392 0.650237 4.366200 -7.371904 1.653010 14.917512 
0.193000 6.293944 0.651927 4.381306 -7.193084 1.651477 14.640185 
0.194000 6.286679 0.653615 4.396146 -7.011112 1.649966 14.361244 
0.195000 6.279604 0.655302 4.410680 -6.825635 1.648498 14.081576 
0.196000 6.272717 0.656987 4.424949 -6.636933 1.647055 13.800336 
0.197000 6.266028 0.658670 4.438908 -6.444660 1.645655 13.518426 
0.198000 6.259535 0.660353 4.452599 -6.249087 1.644283 13.234989 
0.199000 6.253246 0.662034 4.465979 -6.049876 1.642956 12.950940 
0.200000 6.247161 0.663713 4.479090 -5.847292 1.641658 12.665411 
0.201000 6.241286 0.665392 4.491885 -5.641004 1.640407 12.379333 
0.202000 6.235623 0.667069 4.504411 -5.431270 1.639187 12.091824 
0.203000 6.230177 0.668744 4.516618 -5.217767 1.638017 11.803832 
0.204000 6.224950 0.670419 4.528555 -5.000744 1.636879 11.514459 
0.205000 6.219948 0.672093 4.540170 -4.779889 1.635793 11.224673 
0.206000 6.215173 0.673765 4.551514 -4.555441 1.634742 10.933558 
0.207000 6.210631 0.675436 4.562534 -4.327099 1.633744 10.642103 
0.208000 6.206322 0.677107 4.573281 -4.095090 1.632782 10.349374 
0.209000 6.202254 0.678776 4.583703 -3.859126 1.631876 10.056378 
0.210000 6.198429 0.680445 4.593851 -3.619422 1.631009 9.762167 
0.211000 6.194851 0.682112 4.603671 -3.375703 1.630199 9.467767 
0.212000 6.191524 0.683779 4.613216 -3.128172 1.629430 9.172210 
0.213000 6.188453 0.685445 4.622432 -2.876567 1.628721 8.876546 
0.214000 6.185640 0.687111 4.631373 -2.621077 1.628054 8.579785 
0.215000 6.183091 0.688775 4.639981 -2.361457 1.627450 8.283000 
0.216000 6.180810 0.690439 4.648315 -2.097878 1.626889 7.985181 
0.217000 6.178800 0.692103 4.656314 -1.830114 1.626394 7.687424 
0.218000 6.177067 0.693766 4.664039 -1.558318 1.625944 7.388699 
0.219000 6.175613 0.695429 4.671427 -1.282283 1.625561 7.090123 
0.220000 6.174444 0.697091 4.678541 -1.002144 1.625227 6.790646 
0.221000 6.173563 0.698753 4.685317 -0.717712 1.624962 6.491409 
0.222000 6.172976 0.700415 4.691819 -0.429104 1.624747 6.191339 
0.223000 6.172685 0.702076 4.697981 -0.136151 1.624603 5.891603 
0.224000 6.172697 0.703738 4.703870 0.161052 1.624512 5.591102 
0.225000 6.173015 0.705399 4.709417 0.462649 1.624495 5.291032 
0.226000 6.173644 0.707061 4.714692 0.768568 1.624532 4.990268 
0.227000 6.174587 0.708722 4.719624 1.078932 1.624645 4.690033 
0.228000 6.175851 0.710384 4.724285 1.393691 1.624815 4.389176 
0.229000 6.177438 0.712045 4.728602 1.712943 1.625063 4.088949 
0.230000 6.179354 0.713708 4.732649 2.036663 1.625370 3.788173 
0.231000 6.181603 0.715370 4.736350 2.364924 1.625758 3.488129 
0.232000 6.184192 0.717033 4.739784 2.697728 1.626207 3.187613 
0.233000 6.187121 0.718696 4.742870 3.035118 1.626739 2.887931 
0.234000 6.190400 0.720360 4.745691 3.377126 1.627334 2.587854 
0.235000 6.194029 0.722025 4.748164 3.723767 1.628015 2.288719 
0.236000 6.198016 0.723690 4.750372 4.075101 1.628761 1.989264 
0.237000 6.202364 0.725356 4.752232 4.431113 1.629595 1.690860 
0.238000 6.207080 0.727024 4.753831 4.791895 1.630497 1.392215 
0.239000 6.212166 0.728691 4.755080 5.157399 1.631489 1.094731 
0.240000 6.217629 0.730361 4.756070 5.527753 1.632552 0.797085 
0.241000 6.223472 0.732030 4.756711 5.902873 1.633707 0.500712 
0.242000 6.229703 0.733702 4.757094 6.282922 1.634935 0.204258 
0.243000 6.236324 0.735375 4.757128 6.667782 1.636258 -0.090810 
0.244000 6.243341 0.737049 4.756908 7.057652 1.637656 -0.385877 
0.245000 6.250760 0.738724 4.756339 7.452378 1.639152 -0.679443 
0.246000 6.258585 0.740402 4.755519 7.852199 1.640725 -0.972925 
0.247000 6.266821 0.742080 4.754349 8.256920 1.642398 -1.264788 
0.248000 6.275473 0.743761 4.752932 8.666822 1.644152 -1.556484 
0.249000 6.284548 0.745443 4.751165 9.081670 1.646008 -1.846442 
0.250000 6.294049 0.747128 4.749155 9.501788 1.647947 -2.136149 
0.251000 6.303983 0.748814 4.746796 9.926900 1.649991 -2.423997 
0.252000 6.314354 0.750503 4.744197 10.357373 1.652121 -2.711508 
0.253000 6.325168 0.752193 4.741250 10.792888 1.654358 -2.997036 
0.254000 6.336430 0.753887 4.738067 11.233860 1.656684 -3.282141 
0.255000 6.348146 0.755582 4.734536 11.679924 1.659120 -3.565140 
0.256000 6.360320 0.757280 4.730774 12.131544 1.661648 -3.847626 
0.257000 6.372961 0.758981 4.726666 12.588308 1.664288 -4.127879 
0.258000 6.386069 0.760685 4.722331 13.050732 1.667023 -4.407530 
0.259000 6.399655 0.762390 4.717651 13.518354 1.669873 -4.684819 
0.260000 6.413720 0.764100 4.712749 13.991744 1.672821 -4.961415 
0.261000 6.428274 0.765812 4.707503 14.470391 1.675887 -5.235518 
0.262000 6.443318 0.767528 4.702040 14.954918 1.679054 -5.508835 
0.263000 6.458863 0.769246 4.696235 15.444763 1.682342 -5.779525 
0.264000 6.474909 0.770969 4.690218 15.940607 1.685735 -6.049334 
0.265000 6.491468 0.772695 4.683862 16.441834 1.689251 -6.316380 
0.266000 6.508539 0.774424 4.677298 16.949186 1.692875 -6.582449 
0.267000 6.526137 0.776157 4.670398 17.461989 1.696627 -6.845615 
0.268000 6.544257 0.777895 4.663296 17.981049 1.700489 -7.107705 
0.269000 6.562916 0.779635 4.655859 18.505635 1.704482 -7.366749 
0.270000 6.582108 0.781381 4.648228 19.036617 1.708590 -7.624615 
0.271000 6.601853 0.783130 4.640264 19.573205 1.712832 -7.879289 
0.272000 6.622144 0.784885 4.632112 20.116335 1.717192 -8.132680 
0.273000 6.643000 0.786643 4.623629 20.665159 1.721690 -8.382729 
0.274000 6.664413 0.788406 4.614965 21.220681 1.726311 -8.631386 
0.275000 6.686405 0.790174 4.605974 21.781989 1.731073 -8.876548 
0.276000 6.708966 0.791947 4.596809 22.350162 1.735962 -9.120205 
0.277000 6.732121 0.793724 4.587320 22.924221 1.740997 -9.360207 
0.278000 6.755856 0.795508 4.577664 23.505321 1.746162 -9.598587 
0.279000 6.780199 0.797296 4.567686 24.092417 1.751478 -9.833149 
0.280000 6.805135 0.799091 4.557551 24.686741 1.756929 -10.065966 
0.281000 6.830694 0.800890 4.547097 25.287181 1.762534 -10.294795 
0.282000 6.856858 0.802696 4.536493 25.895047 1.768280 -10.521752 
0.283000 6.883660 0.804507 4.525576 26.509159 1.774185 -10.744542 
0.284000 6.911081 0.806325 4.514516 27.130911 1.780235 -10.965328 
0.285000 6.939155 0.808148 4.503147 27.759050 1.786450 -11.181763 
0.286000 6.967860 0.809979 4.491645 28.395055 1.792816 -11.396052 
0.287000 6.997235 0.811815 4.479837 29.037601 1.799351 -11.605797 
0.288000 7.027254 0.813659 4.467906 29.688258 1.806044 -11.813248 
0.289000 7.057960 0.815509 4.455674 30.345622 1.812911 -12.015952 
0.290000 7.089324 0.817367 4.443328 31.011358 1.819943 -12.216204 
0.291000 7.121391 0.819232 4.430687 31.683985 1.827154 -12.411498 
0.292000 7.154131 0.821105 4.417941 32.365262 1.834537 -12.604172 
0.293000 7.187592 0.822984 4.404906 33.053630 1.842107 -12.791662 
0.294000 7.221740 0.824873 4.391777 33.750949 1.849855 -12.976355 
0.295000 7.256627 0.826768 4.378364 34.455577 1.857796 -13.155626 
0.296000 7.292216 0.828673 4.364868 35.169478 1.865924 -13.331908 
0.297000 7.328563 0.830584 4.351094 35.890928 1.874253 -13.502517 
0.298000 7.365628 0.832506 4.337250 36.621997 1.882776 -13.669931 
0.299000 7.403471 0.834436 4.323134 37.360878 1.891509 -13.831403 
0.300000 7.442047 0.836375 4.308959 38.109750 1.900445 -13.989458 
0.301000 7.481421 0.838323 4.294519 38.866722 1.909599 -14.141284 
0.302000 7.521546 0.840281 4.280034 39.634088 1.918966 -14.289454 
0.303000 7.562490 0.842248 4.265291 40.409868 1.928561 -14.431088 
0.304000 7.604201 0.844226 4.250516 41.196479 1.938380 -14.568804 
0.305000 7.646754 0.846213 4.235492 41.991849 1.948436 -14.699654 
0.306000 7.690092 0.848211 4.220449 42.798521 1.958728 -14.826303 
0.307000 7.734295 0.850219 4.205166 43.614331 1.969269 -14.945728 
0.308000 7.779302 0.852239 4.189879 44.441954 1.980057 -15.060643 
0.309000 7.825198 0.854269 4.174360 45.279132 1.991106 -15.167948 
0.310000 7.871917 0.856312 4.158854 46.128679 2.002417 -15.270403 
0.311000 7.919551 0.858365 4.143126 46.988238 2.014002 -15.364828 
0.312000 7.968028 0.860431 4.127426 47.860770 2.025863 -15.454031 
0.313000 8.017446 0.862509 4.111516 48.743821 2.038014 -15.534745 
0.314000 8.067730 0.864600 4.095651 49.640500 2.050457 -15.609826 
0.315000 8.118982 0.866703 4.079587 50.548257 2.063205 -15.675917 
0.316000 8.171123 0.868820 4.063587 51.470360 2.076263 -15.735921 
0.317000 8.224261 0.870950 4.047400 52.404155 2.089644 -15.786383 
0.318000 8.278311 0.873094 4.031297 53.353081 2.103355 -15.830256 
0.319000 8.333391 0.875252 4.015021 54.314382 2.117408 -15.863979 
0.320000 8.389407 0.877425 3.998849 55.291672 2.131812 -15.890553 
0.321000 8.446485 0.879612 3.982518 56.282091 2.146581 -15.906305 
0.322000 8.504528 0.881816 3.966314 57.289441 2.161725 -15.914283 
0.323000 8.563667 0.884034 3.949966 58.310759 2.177257 -15.910693 
0.324000 8.623798 0.886269 3.933770 59.350044 2.193190 -15.898629 
0.325000 8.685063 0.888520 3.917447 60.404225 2.209539 -15.874167 
0.326000 8.747351 0.890789 3.901300 61.477515 2.226317 -15.840443 
0.327000 8.810810 0.893074 3.885047 62.566735 2.243541 -15.793393 
0.328000 8.875326 0.895378 3.868996 63.676322 2.261228 -15.736196 
0.329000 8.941055 0.897699 3.852859 64.802990 2.279393 -15.664629 
0.330000 9.007876 0.900040 3.836955 65.951417 2.298058 -15.581915 
0.331000 9.075954 0.902399 3.820988 67.118206 2.317238 -15.483657 
0.332000 9.145161 0.904780 3.805284 68.308294 2.336958 -15.373115 
0.333000 9.215673 0.907179 3.789543 69.518171 2.357235 -15.245704 
0.334000 9.287355 0.909601 3.774101 70.753052 2.378098 -15.104719 
0.335000 9.360394 0.912044 3.758648 72.009316 2.399566 -14.945360 
0.336000 9.434645 0.914509 3.743531 73.292472 2.421670 -14.770953 
0.337000 9.510308 0.916997 3.728435 74.598783 2.444431 -14.576464 
0.338000 9.587231 0.919509 3.713716 75.934080 2.467886 -14.365244 
0.339000 9.665625 0.922045 3.699052 77.294504 2.492058 -14.131990 
0.340000 9.745331 0.924607 3.684810 78.686230 2.516988 -13.880077 
0.341000 9.826572 0.927193 3.670661 80.105270 2.542702 -13.603901 
0.342000 9.909180 0.929808 3.656984 81.558165 2.569247 -13.306853 
0.343000 9.993393 0.932448 3.643443 83.040789 2.596651 -12.982990 
0.344000 10.079034 0.935119 3.630429 84.560073 2.624967 -12.635712 
0.345000 10.166354 0.937818 3.617598 86.111728 2.654227 -12.258696 
0.346000 10.255169 0.940548 3.605354 87.703100 2.684490 -11.855350 
0.347000 10.345744 0.943308 3.593348 89.329707 2.715791 -11.418917 
0.348000 10.437886 0.946103 3.581998 90.999320 2.748194 -10.952816 
0.349000 10.531876 0.948930 3.570945 92.707212 2.781741 -10.449806 
0.350000 10.627512 0.951793 3.560623 94.461583 2.816501 -9.913322 
0.351000 10.725090 0.954691 3.550668 96.257384 2.852517 -9.335592 
0.352000 10.824399 0.957627 3.541528 98.103221 2.889866 -8.720091 
0.353000 10.925753 0.960602 3.532832 99.993603 2.928592 -8.058463 
0.354000 11.028928 0.963617 3.525045 101.937485 2.968777 -7.354279 
0.355000 11.134259 0.966674 3.517789 103.928752 3.010464 -6.598570 
0.356000 11.241506 0.969775 3.511548 105.976601 3.053735 -5.795093 
0.357000 11.351026 0.972920 3.505936 108.074019 3.098630 -4.934269 
0.358000 11.462564 0.976113 3.501456 110.230264 3.145226 -4.020207 
0.359000 11.576493 0.979354 3.497713 112.437036 3.193552 -3.042771 
0.360000 11.692545 0.982645 3.495232 114.703370 3.243672 -2.006693 
0.361000 11.811110 0.985988 3.493608 117.019148 3.295593 -0.901421 
0.362000 11.931899 0.989386 3.493388 119.392797 3.349356 0.267277 
0.363000 12.055319 0.992839 3.494155 121.811687 3.404931 1.510112 
0.364000 12.181056 0.996351 3.496477 124.283174 3.462317 2.819688 
0.365000 12.309531 0.999921 3.499922 126.791315 3.521433 4.206498 
0.366000 12.440398 1.003554 3.505081 129.341949 3.582215 5.660739 
0.367000 12.574090 1.007248 3.511501 131.915036 3.644512 7.192235 
0.368000 12.710220 1.011008 3.519792 134.514684 3.708183 8.787895 
0.369000 12.849230 1.014833 3.529476 137.116223 3.772991 10.456491 
0.370000 12.990681 1.018726 3.541180 139.722364 3.838712 12.180829 
0.371000 13.135021 1.022685 3.554391 142.303840 3.905020 13.968586 
0.372000 13.281752 1.026713 3.569752 144.863156 3.971621 15.797991 
0.373000 13.431328 1.030808 3.586705 147.367221 4.038123 17.676213 
0.374000 13.583181 1.034973 3.605907 149.820475 4.104193 19.577002 
0.375000 13.737775 1.039203 3.626748 152.187386 4.169415 21.508399 
0.376000 13.894469 1.043501 3.649901 154.477082 4.233469 23.440321 
0.377000 14.053746 1.047862 3.674693 156.652985 4.295967 25.383692 
0.378000 14.214891 1.052288 3.701821 158.731612 4.356656 27.305437 
0.379000 14.378419 1.056774 3.730544 160.675996 4.415219 29.221561 
0.380000 14.543541 1.061319 3.761592 162.512055 4.471508 31.096480 
0.381000 14.710825 1.065920 3.794150 164.201860 4.525299 32.953193 
0.382000 14.879404 1.070575 3.828995 165.781876 4.576560 34.753346 
0.383000 15.049920 1.075281 3.865235 167.211433 4.625153 36.528350 
0.384000 15.221422 1.080035 3.903711 168.538117 4.671158 38.235986 
0.385000 15.394652 1.084835 3.943444 169.715899 4.714499 39.917128 
0.386000 15.568563 1.089679 3.985359 170.804008 4.755346 41.523927 
0.387000 15.744018 1.094562 4.028378 171.748021 4.793655 43.107687 
0.388000 15.919861 1.099484 4.073532 172.619717 4.829668 44.612725 
0.389000 16.097099 1.104441 4.119630 173.353066 4.863339 46.101943 
0.390000 16.274441 1.109431 4.167830 174.033946 4.894968 47.509323 
0.391000 16.453072 1.114453 4.216807 174.581366 4.924484 48.910946 
0.392000 16.631534 1.119504 4.267874 175.097628 4.952235 50.227700 
0.393000 16.811221 1.124582 4.319544 175.483181 4.978100 51.550947 
0.394000 16.990472 1.129686 4.373317 175.859876 5.002481 52.785422 
0.395000 17.170929 1.134815 4.427512 176.105601 5.025186 54.040479 
0.396000 17.350682 1.139965 4.483853 176.365744 5.046675 55.201234 
0.397000 17.531672 1.145137 4.540422 176.491011 5.066671 56.398418 
0.398000 17.711681 1.150328 4.599212 176.655256 5.085706 57.493523 
0.399000 17.893007 1.155540 4.658021 176.676559 5.103394 58.642805 
0.400000 18.073060 1.160767 4.719161 176.763222 5.120362 59.679436 
0.401000 18.254563 1.166013 4.780091 176.694216 5.136094 60.790220 
0.402000 18.434475 1.171272 4.843503 176.719502 5.151332 61.774446 
0.403000 18.616029 1.176550 4.906446 176.571155 5.165407 62.855511 
0.404000 18.795637 1.181838 4.972069 176.549474 5.179210 63.792203 
0.405000 18.977148 1.187143 5.036928 176.330264 5.191881 64.851754 
0.406000 19.156308 1.192458 5.104719 176.274591 5.204500 65.744546 
0.407000 19.337704 1.197789 5.171403 175.990689 5.215979 66.790326 
0.408000 19.516283 1.203126 5.241333 175.912928 5.227632 67.641614 
0.409000 19.697521 1.208481 5.309759 175.568350 5.238093 68.681057 
0.410000 19.875395 1.213841 5.381815 175.479704 5.248967 69.491998 
0.411000 20.056451 1.219218 5.451900 175.076412 5.258551 70.532407 
0.412000 20.233501 1.224597 5.526084 174.987745 5.268809 71.302901 
0.413000 20.414375 1.229995 5.597744 174.525694 5.277628 72.351646 
0.414000 20.590480 1.235392 5.674074 174.447896 5.287415 73.080303 
0.415000 20.771195 1.240810 5.747225 173.925016 5.295552 74.145036 
0.416000 20.946230 1.246223 5.825732 173.869377 5.304998 74.829105 
0.417000 21.126832 1.251661 5.900282 173.281492 5.312515 75.917995 
0.418000 21.300664 1.257090 5.981016 173.260092 5.321738 76.553262 
0.419000 21.481222 1.262546 6.056866 172.600766 5.328673 77.675251 
0.420000 21.653706 1.267989 6.139895 172.626900 5.337788 78.255889 
0.421000 21.834317 1.273464 6.216932 171.887204 5.344157 79.420981 
0.422000 22.005288 1.278920 6.302345 171.975849 5.353275 79.939356 
0.423000 22.186081 1.284414 6.380442 171.144042 5.359073 81.158941 
0.424000 22.355351 1.289882 6.468349 171.312390 5.368307 81.605351 
0.425000 22.536488 1.295394 6.547360 170.373496 5.373507 82.892583 
0.426000 22.703837 1.300873 6.637900 170.641566 5.382977 83.254934 
0.427000 22.885522 1.306405 6.717652 169.576839 5.387528 84.625164 
0.428000 23.050693 1.311892 6.810994 169.968191 5.397365 84.888568 
0.429000 23.233179 1.317445 6.891285 168.754439 5.401189 86.359851 
0.430000 23.395868 1.322940 6.987636 169.297021 5.411542 86.506130 
0.431000 23.579463 1.328513 7.068226 167.905779 5.414531 88.099828 
0.432000 23.739306 1.334015 7.167838 168.632927 5.425570 88.106904 
0.433000 23.924389 1.339611 7.248442 167.029428 5.427583 89.848396 
0.434000 24.080952 1.345117 7.351616 167.981072 5.439508 89.689555 
0.435000 24.267982 1.350737 7.431896 166.122997 5.440362 91.609083 
0.436000 24.420744 1.356245 7.538996 167.347097 5.453411 91.252079 
0.437000 24.610278 1.361892 7.618545 165.183049 5.452874 93.385754 
0.438000 24.758614 1.367398 7.730009 166.737331 5.467333 92.791732 
0.439000 24.951326 1.373075 7.808343 164.204985 5.465116 95.182743 
0.440000 25.094483 1.378577 7.924698 166.159027 5.481330 94.304933 
0.441000 25.291192 1.384286 8.001237 163.182881 5.477072 97.004979 
0.442000 25.428261 1.389780 8.123114 165.620634 5.495461 95.787131 
0.443000 25.629956 1.395527 8.197162 162.109290 5.488716 98.858143 
0.444000 25.759843 1.401006 8.325321 165.132108 5.509791 97.232648 
0.445000 25.967722 1.406797 8.396044 160.974999 5.500008 100.748835 
0.446000 26.089105 1.412256 8.531395 164.705290 5.524393 98.634472 
0.447000 26.304614 1.418096 8.597794 159.768728 5.510895 102.684757 
0.448000 26.415900 1.423528 8.741429 164.354345 5.539351 99.984007 
0.449000 26.640788 1.429427 8.802303 158.476797 5.521305 104.674912 
0.450000 26.740053 1.434822 8.955534 164.096281 5.554764 101.270770 
0.451000 26.976435 1.440789 9.009445 157.082731 5.531148 106.729816 
0.452000 27.061353 1.446135 9.173842 163.951556 5.570749 102.482029 
0.453000 27.311785 1.452183 9.219064 155.566852 5.540312 108.861702 
0.454000 27.379554 1.457468 9.396510 163.944780 5.587446 103.602382 
0.455000 27.647122 1.463612 9.430975 153.905865 5.548658 111.084687 
0.456000 27.694356 1.468817 9.623725 164.105489 5.605021 104.613286 
0.457000 27.982787 1.475077 9.644954 152.072508 5.556016 113.414870 
0.458000 28.005409 1.480181 9.855707 164.468964 5.623672 105.492554 
0.459000 28.319196 1.486579 9.860731 150.035391 5.562184 115.870252 
0.460000 28.312295 1.491558 10.092711 165.076999 5.643634 106.213882 
0.461000 28.656849 1.498123 10.077983 147.759199 5.566924 118.470374 
0.462000 28.614526 1.502945 10.335033 165.978434 5.665181 106.746523 
0.463000 28.996345 1.509711 10.296325 145.205566 5.569960 121.235446 
0.464000 28.911533 1.514338 10.583011 167.229165 5.688627 107.055285 
0.465000 29.338399 1.521346 10.515299 142.335097 5.570988 124.184701 
0.466000 29.202668 1.525733 10.837021 168.891117 5.714318 107.101190 
0.467000 29.683853 1.533035 10.734366 139.111096 5.569685 127.333605 
0.468000 29.487209 1.537125 11.097473 171.029524 5.742622 106.843208 
0.469000 30.033681 1.544781 10.952906 135.505662 5.565744 130.689624 
0.470000 29.764376 1.548510 11.364788 173.707748 5.773896 106.241578 
0.471000 30.388987 1.556591 11.170215 131.508427 5.558913 134.246496 
0.472000 30.033367 1.559880 11.639379 176.979208 5.808444 105.263009 
0.473000 30.750985 1.568471 11.385522 127.137241 5.549061 137.977706 
0.474000 30.293416 1.571230 11.921602 180.876979 5.846465 103.887447 
0.475000 31.120955 1.580430 11.598016 122.448259 5.536248 141.831045 
0.476000 30.543875 1.582554 12.211707 185.403461 5.887994 102.114912 
0.477000 31.500184 1.592473 11.806885 117.540767 5.520780 145.727379 
0.478000 30.784296 1.593847 12.509781 190.524321 5.932881 99.969747 
0.479000 31.889887 1.604609 12.011365 112.551572 5.503215 149.566670 
0.480000 31.014511 1.605103 12.815709 196.170884 5.980805 97.499538 
0.481000 32.291140 1.616842 12.210793 107.637001 5.484299 153.241813 
0.482000 31.234675 1.616321 13.129153 202.251898 6.031351 94.767994 
0.483000 32.704831 1.629179 12.404634 102.946976 5.464843 156.656533 
0.484000 31.445245 1.627499 13.449582 208.670612 6.084098 91.844211 
0.485000 33.131651 1.641623 12.592494 98.600711 5.445592 159.740703 
0.486000 31.646925 1.638637 13.776320 215.340448 6.138710 88.792529 
0.487000 33.572113 1.654179 12.774113 94.672718 5.427120 162.457717 
0.488000 31.840571 1.649738 14.108615 222.194348 6.194976 85.666174 
0.489000 34.026595 1.666851 12.949336 91.191816 5.409791 164.802919 
0.490000 32.027097 1.660803 14.445707 229.187076 6.252818 82.505299 
0.491000 34.495380 1.679640 13.118095 88.149814 5.393779 166.795960 
0.492000 32.207401 1.671836 14.786875 236.292701 6.312273 79.338144 
0.493000 34.978699 1.692552 13.280375 85.514205 5.379111 168.471166 
0.494000 32.382314 1.682838 15.131470 243.500153 6.373456 76.183588 
0.495000 35.476760 1.705588 13.436203 83.240221 5.365722 169.868989 
0.496000 32.552575 1.693814 15.478924 250.808782 6.436542 73.053853 
0.497000 35.989770 1.718754 13.585629 81.279874 5.353498 171.029934 
0.498000 32.718827 1.704764 15.828753 258.224833 6.501745 69.956775 
0.499000 36.517950 1.732052 13.728720 79.587553 5.342308 171.991048 
0.500000 32.881617 1.715691 16.180548 265.758964 6.569302 66.897507 
0.501000 37.061539 1.745489 13.865554 78.122770 5.332026 172.784418 
0.502000 33.041412 1.726597 16.533965 273.424629 6.639474 63.879718 
0.503000 37.620809 1.759070 13.996215 76.851002 5.322536 173.436946 
0.504000 33.198604 1.737484 16.888717 281.237083 6.712535 60.906413 
0.505000 38.196058 1.772800 14.120794 75.743445 5.313736 173.970796 
0.506000 33.353532 1.748353 17.244561 289.212773 6.788778 57.980497 
0.507000 38.787621 1.786686 14.239389 74.776307 5.305542 174.404106 
0.508000 33.506481 1.759205 17.601292 297.368983 6.868513 55.105175 
0.509000 39.395867 1.800735 14.352102 73.929967 5.297881 174.751721 
0.510000 33.657699 1.770041 17.958733 305.723599 6.952067 52.284232 
0.511000 40.021201 1.814955 14.459046 73.188190 5.290691 175.025844 
0.512000 33.807400 1.780863 18.316735 314.294966 7.039787 49.522261 
0.513000 40.664068 1.829354 14.560340 72.537470 5.283921 175.236570 
0.514000 33.955770 1.791671 18.675169 323.101768 7.132039 46.824841 
0.515000 41.324948 1.843942 14.656117 71.966486 5.277528 175.392318 
0.516000 34.102972 1.802466 19.033920 332.162927 7.229212 44.198690 
0.517000 42.004362 1.858729 14.746522 71.465686 5.271472 175.500157 
0.518000 34.249150 1.813248 19.392893 341.497501 7.331712 41.651808 
0.519000 42.702869 1.873726 14.831717 71.026953 5.265723 175.566065 
0.520000 34.394430 1.824019 19.752000 351.124556 7.439972 39.193612 
0.521000 43.421068 1.888943 14.911885 70.643341 5.260251 175.595136 
0.522000 34.538926 1.834778 20.111166 361.063019 7.554443 36.835065 
0.523000 44.159595 1.904395 14.987228 70.308872 5.255032 175.591734 
0.524000 34.682737 1.845527 20.470326 371.331483 7.675596 34.588809 
0.525000 44.919125 1.920095 15.057977 70.018373 5.250045 175.559621 
0.526000 34.825954 1.856266 20.829420 381.947948 7.803922 32.469286 
0.527000 45.700371 1.936058 15.124390 69.767337 5.245271 175.502055 
0.528000 34.968658 1.866994 21.188396 392.929498 7.939926 30.492870 
0.529000 46.504079 1.952298 15.186761 69.551824 5.240694 175.421875 
0.530000 35.110921 1.877714 21.547208 404.291863 8.084125 28.677972 
0.531000 47.331027 1.968834 15.245420 69.368367 5.236297 175.321565 
0.532000 35.252809 1.888424 21.905815 416.048875 8.237036 27.045139 
0.533000 48.182024 1.985682 15.300739 69.213905 5.232068 175.203309 
0.534000 35.394381 1.899126 22.264180 428.211752 8.399174 25.617114 
0.535000 49.057898 2.002862 15.353137 69.085719 5.227996 175.069033 
0.536000 35.535690 1.909820 22.622271 440.788228 8.571032 24.418840 
0.537000 49.959497 2.020393 15.403084 68.981385 5.224068 174.920444 
0.538000 35.676787 1.920505 22.980057 453.781460 8.753067 23.477383 
0.539000 50.887673 2.038297 15.451105 68.898733 5.220275 174.759061 
0.540000 35.817714 1.931183 23.337514 467.188740 8.945675 22.821743 
0.541000 51.843272 2.056595 15.497785 68.835806 5.216609 174.586240 
0.542000 35.958512 1.941853 23.694617 480.999984 9.149166 22.482490 
0.543000 52.827121 2.075308 15.543771 68.790840 5.213060 174.403195 
0.544000 36.099219 1.952516 24.051345 495.196068 9.363729 22.491197 
0.545000 53.840007 2.094461 15.589775 68.762230 5.209620 174.211018 
0.546000 36.239867 1.963172 24.407681 509.747068 9.589391 22.879603 
0.547000 54.882656 2.114076 15.636574 68.748510 5.206283 174.010691 
0.548000 36.380486 1.973821 24.763606 524.610582 9.825976 23.678465 
0.549000 55.955708 2.134174 15.685006 68.748338 5.203042 173.803104 
0.550000 36.521106 1.984463 25.119107 539.730340 10.073062 24.916084 
0.551000 57.059685 2.154778 15.735970 68.760482 5.199890 173.589060 
0.552000 36.661750 1.995099 25.474171 555.035390 10.329942 26.616523 
0.553000 58.194968 2.175907 15.790412 68.783800 5.196820 173.369287 
0.554000 36.802442 2.005729 25.828784 570.440215 10.595593 28.797606 
0.555000 59.361760 2.197579 15.849316 68.817238 5.193828 173.144445 
0.556000 36.943203 2.016352 26.182938 585.846059 10.868669 31.468855 
0.557000 60.560064 2.219810 15.913683 68.859822 5.190906 172.915132 
0.558000 37.084050 2.026970 26.536623 601.143695 11.147512 34.629636 
0.559000 61.789658 2.242612 15.984515 68.910648 5.188050 172.681887 
0.560000 37.225002 2.037582 26.889831 616.217611 11.430194 38.267785 
0.561000 63.050085 2.265991 16.062789 68.968882 5.185254 172.445195 
0.562000 37.366073 2.048188 27.242554 630.951355 11.714591 42.359036 
0.563000 64.340648 2.289953 16.149431 69.033759 5.182513 172.205490 
0.564000 37.507276 2.058788 27.594788 645.233472 11.998476 46.867453 
0.565000 65.660424 2.314495 16.245295 69.104579 5.179823 171.963160 
0.566000 37.648624 2.069383 27.946525 658.963293 12.279634 51.746917 
0.567000 67.008284 2.339612 16.351139 69.180705 5.177178 171.718547 
0.568000 37.790128 2.079973 28.297763 672.055812 12.555966 56.943533 
0.569000 68.382923 2.365294 16.467613 69.261564 5.174575 171.471954 
0.570000 37.931797 2.090557 28.648496 684.445030 12.825588 62.398614 
0.571000 69.782903 2.391528 16.595245 69.346645 5.172011 171.223644 
0.572000 38.073641 2.101136 28.998721 696.085468 13.086903 68.051834 
0.573000 71.206694 2.418296 16.734439 69.435493 5.169481 170.973847 
0.574000 38.215666 2.111710 29.348435 706.951894 13.338634 73.844131 
0.575000 72.652710 2.445579 16.885482 69.527707 5.166982 170.722762 
0.576000 38.357879 2.122278 29.697635 717.037572 13.579841 79.720054 
0.577000 74.119356 2.473356 17.048543 69.622936 5.164512 170.470558 
0.578000 38.500288 2.132842 30.046320 726.351546 13.809902 85.629410 
0.579000 75.605053 2.501603 17.223692 69.720876 5.162069 170.217384 
0.580000 38.642896 2.143401 30.394486 734.915445 14.028476 91.528193 
0.581000 77.108267 2.530297 17.410906 69.821262 5.159650 169.963363 
0.582000 38.785711 2.153954 30.742134 742.760250 14.235465 97.378900 
0.583000 78.627527 2.559414 17.610087 69.923863 5.157253 169.708603 
0.584000 38.928735 2.164503 31.089260 749.923330 14.430960 103.150374 
0.585000 80.161439 2.588932 17.821073 70.028483 5.154877 169.453194 
0.586000 39.071973 2.175047 31.435863 756.445904 14.615200 108.817343 
0.587000 81.708691 2.618826 18.043651 70.134952 5.152520 169.197212 
0.588000 39.215428 2.185586 31.781944 762.371010 14.788534 114.359781 
0.589000 83.268064 2.649075 18.277565 70.243123 5.150182 168.940723 
0.590000 39.359105 2.196120 32.127499 767.741952 14.951379 119.762198 
0.591000 84.838422 2.679657 18.522530 70.352870 5.147860 168.683780 
0.592000 39.503007 2.206650 32.472529 772.601181 15.104201 125.012948 
0.593000 86.418719 2.710551 18.778234 70.464086 5.145554 168.426430 
0.594000 39.647136 2.217175 32.817032 776.989531 15.247488 130.103572 
0.595000 88.007992 2.741739 19.044351 70.576677 5.143263 168.168711 
0.596000 39.791495 2.227695 33.161009 780.945743 15.381737 135.028223 
0.597000 89.605358 2.773201 19.320541 70.690564 5.140987 167.910654 
0.598000 39.936087 2.238210 33.504457 784.506191 15.507440 139.783173 
0.599000 91.210006 2.804921 19.606457 70.805680 5.138724 167.652286 
0.600000 40.080915 2.248721 33.847377 787.704774 15.625078 144.366396 
0.601000 92.821196 2.836880 19.901748 70.921966 5.136475 167.393628 
0.602000 40.225980 2.259228 34.189768 790.572907 15.735116 148.777222 
0.603000 94.438253 2.869065 20.206060 71.039373 5.134238 167.134696 
0.604000 40.371286 2.269729 34.531630 793.139589 15.837998 153.016067 
0.605000 96.060560 2.901461 20.519043 71.157858 5.132013 166.875506 
0.606000 40.516834 2.280226 34.872961 795.431515 15.934147 157.084204 
0.607000 97.687555 2.934053 20.840347 71.277388 5.129800 166.616067 
0.608000 40.662626 2.290719 35.213762 797.473208 16.023962 160.983589 
0.609000 99.318726 2.966829 21.169627 71.397932 5.127599 166.356387 
0.610000 40.808666 2.301207 35.554031 799.287176 16.107820 164.716725 
0.611000 100.953608 2.999776 21.506542 71.519466 5.125408 166.096473 
0.612000 40.954953 2.311691 35.893769 800.894057 16.186080 168.286543 
0.613000 102.591776 3.032883 21.850760 71.641971 5.123229 165.836327 
0.614000 41.101491 2.322170 36.232974 802.312770 16.259075 171.696330 
0.615000 104.232846 3.066140 22.201952 71.765431 5.121060 165.575952 
0.616000 41.248282 2.332645 36.571648 803.560658 16.327122 174.949649 
0.617000 105.876469 3.099536 22.559798 71.889834 5.118901 165.315348 
0.618000 41.395327 2.343115 36.909788 804.653614 16.390517 178.050294 
0.619000 107.522327 3.133062 22.923986 72.015173 5.116753 165.054513 
0.620000 41.542629 2.353581 37.247394 805.606212 16.449543 181.002248 
0.621000 109.170133 3.166708 23.294213 72.141441 5.114615 164.793447 
0.622000 41.690189 2.364042 37.584467 806.431810 16.504463 183.809645 
0.623000 110.819629 3.200467 23.670181 72.268636 5.112486 164.532145 
0.624000 41.838009 2.374500 37.921005 807.142654 16.555526 186.476747 
0.625000 112.470578 3.234330 24.051605 72.396758 5.110368 164.270603 
0.626000 41.986091 2.384953 38.257008 807.749975 16.602968 189.007919 
0.627000 114.122769 3.268290 24.438207 72.525810 5.108260 164.008817 
0.628000 42.134437 2.395401 38.592475 808.264062 16.647013 191.407608 
0.629000 115.776012 3.302340 24.829717 72.655795 5.106161 163.746780 
0.630000 42.283049 2.405845 38.927407 808.694346 16.687870 193.680327 
0.631000 117.430135 3.336474 25.225875 72.786721 5.104072 163.484487 
0.632000 42.431929 2.416285 39.261802 809.049462 16.725740 195.830637 
0.633000 119.084985 3.370685 25.626432 72.918596 5.101993 163.221930 
0.634000 42.581078 2.426721 39.595660 809.337313 16.760811 197.863130 
0.635000 120.740423 3.404968 26.031146 73.051429 5.099924 162.959102 
0.636000 42.730499 2.437153 39.928981 809.565124 16.793262 199.782417 
0.637000 122.396327 3.439317 26.439786 73.185234 5.097864 162.695994 
0.638000 42.880194 2.447580 40.261763 809.739496 16.823263 201.593113 
0.639000 124.052588 3.473728 26.852129 73.320023 5.095814 162.432600 
0.640000 43.030165 2.458003 40.594007 809.866447 16.850974 203.299817 
0.641000 125.709109 3.508195 27.267964 73.455811 5.093774 162.168908 
0.642000 43.180413 2.468422 40.925711 809.951461 16.876548 204.907105 
0.643000 127.365803 3.542715 27.687085 73.592616 5.091744 161.904911 
0.644000 43.330941 2.478837 41.256875 809.999521 16.900128 206.419511 
0.645000 129.022596 3.577283 28.109301 73.730454 5.089724 161.640599 
0.646000 43.481751 2.489247 41.587499 810.015151 16.921851 207.841515 
0.647000 130.679420 3.611895 28.534425 73.869345 5.087715 161.375961 
0.648000 43.632845 2.499654 41.917581 810.002449 16.941845 209.177528 
0.649000 132.336219 3.646549 28.962282 74.009309 5.085715 161.110989 
0.650000 43.784226 2.510056 42.247121 809.965115 16.960231 210.431883 
0.651000 133.992941 3.681240 29.392704 74.150368 5.083726 160.845671 
0.652000 43.935895 2.520455 42.576119 809.906488 16.977125 211.608819 
0.653000 135.649544 3.715965 29.825534 74.292545 5.081748 160.579996 
0.654000 44.087855 2.530849 42.904573 809.829567 16.992635 212.712472 
0.655000 137.305989 3.750722 30.260621 74.435864 5.079780 160.313956 
0.656000 44.240108 2.541239 43.232483 809.737041 17.006861 213.746864 
0.657000 138.962245 3.785508 30.697824 74.580350 5.077823 160.047537 
0.658000 44.392656 2.551626 43.559849 809.631316 17.019899 214.715894 
0.659000 140.618284 3.820321 31.137010 74.726029 5.075877 159.780730 
0.660000 44.545502 2.562008 43.886668 809.514534 17.031838 215.623332 
0.661000 142.274085 3.855159 31.578051 74.872928 5.073943 159.513524 
0.662000 44.698649 2.572386 44.212941 809.388599 17.042763 216.472807 
0.663000 143.929628 3.890018 32.020830 75.021077 5.072020 159.245907 
0.664000 44.852099 2.582761 44.538666 809.255195 17.052751 217.267808 
0.665000 145.584899 3.924898 32.465234 75.170504 5.070109 158.977869 
0.666000 45.005855 2.593131 44.863843 809.115811 17.061876 218.011676 
0.667000 147.239884 3.959797 32.911161 75.321239 5.068209 158.709399 
0.668000 45.159919 2.603498 45.188471 808.971752 17.070205 218.707601 
0.669000 148.894574 3.994713 33.358511 75.473315 5.066322 158.440486 
0.670000 45.314294 2.613861 45.512549 808.824161 17.077802 219.358621 
0.671000 150.548963 4.029644 33.807192 75.626764 5.064448 158.171121 
0.672000 45.468983 2.624220 45.836077 808.674037 17.084726 219.967623 
0.673000 152.203044 4.064590 34.257119 75.781620 5.062586 157.901292 
0.674000 45.623988 2.634575 46.159052 808.522243 17.091030 220.537341 
0.675000 153.856815 4.099548 34.708212 75.937917 5.060737 157.630990 
0.676000 45.779313 2.644926 46.481474 808.369529 17.096765 221.070360 
0.677000 155.510274 4.134518 35.160394 76.095691 5.058902 157.360206 
0.678000 45.934961 2.655274 46.803342 808.216535 17.101979 221.569117 
0.679000 157.163420 4.169499 35.613597 76.254979 5.057081 157.088931 
0.680000 46.090935 2.665618 47.124656 808.063811 17.106713 222.035903 
0.681000 158.816253 4.204490 36.067755 76.415819 5.055274 156.817156 
0.682000 46.247238 2.675958 47.445413 807.911824 17.111008 222.472873 
0.683000 160.468776 4.239489 36.522806 76.578251 5.053481 156.544875 
0.684000 46.403873 2.686294 47.765614 807.760967 17.114900 222.882043 
0.685000 162.120990 4.274496 36.978695 76.742313 5.051704 156.272080 
0.686000 46.560844 2.696627 48.085257 807.611569 17.118422 223.265302 
0.687000 163.772898 4.309511 37.435367 76.908049 5.049942 155.998765 
0.688000 46.718153 2.706956 48.404341 807.463905 17.121605 223.624412 
0.689000 165.424504 4.344532 37.892774 77.075499 5.048196 155.724925 
0.690000 46.875805 2.717282 48.722864 807.318197 17.124478 223.961018 
0.691000 167.075813 4.379558 38.350869 77.244709 5.046466 155.450557 
0.692000 47.033803 2.727604 49.040826 807.174629 17.127066 224.276654 
0.693000 168.726827 4.414591 38.809610 77.415723 5.044754 155.175659 
0.694000 47.192151 2.737923 49.358227 807.033345 17.129394 224.572745 
0.695000 170.377553 4.449627 39.268957 77.588588 5.043059 154.900228 
0.696000 47.350853 2.748238 49.675063 806.894459 17.131483 224.850618 
0.697000 172.027995 4.484669 39.728871 77.763352 5.041383 154.624267 
0.698000 47.509912 2.758550 49.991335 806.758055 17.133352 225.111505 
0.699000 173.678157 4.519714 40.189320 77.940062 5.039725 154.347777 
