0.000000 -55.979958 -0.563243 7.369992 155.678040 1.412967 -164.243730 
0.001000 -55.820744 -0.561798 7.202017 156.096884 1.418826 -164.284993 
0.002000 -55.660674 -0.560341 7.033959 156.519164 1.424772 -164.324133 
0.003000 -55.500596 -0.558884 6.865905 156.941467 1.430718 -164.363242 
0.004000 -55.339662 -0.557415 6.697766 157.367216 1.436752 -164.400193 
0.005000 -55.178713 -0.555945 6.529637 157.793012 1.442787 -164.437083 
0.006000 -55.016908 -0.554464 6.361423 158.222265 1.448909 -164.471781 
0.007000 -54.855082 -0.552982 6.193222 158.651588 1.455035 -164.506385 
0.008000 -54.692398 -0.551488 6.024937 159.084379 1.461249 -164.538761 
0.009000 -54.529687 -0.549993 5.856671 159.517264 1.467466 -164.571010 
0.010000 -54.366118 -0.548486 5.688320 159.953626 1.473773 -164.600996 
0.011000 -54.202514 -0.546978 5.519992 160.390107 1.480084 -164.630819 
0.012000 -54.038052 -0.545459 5.351580 160.830075 1.486485 -164.658342 
0.013000 -53.873548 -0.543938 5.183195 161.270186 1.492891 -164.685667 
0.014000 -53.708186 -0.542405 5.014728 161.713793 1.499388 -164.710653 
0.015000 -53.542774 -0.540871 4.846292 162.157568 1.505891 -164.735405 
0.016000 -53.376505 -0.539325 4.677774 162.604848 1.512485 -164.757778 
0.017000 -53.210179 -0.537777 4.509293 163.052320 1.519087 -164.779879 
0.018000 -53.042994 -0.536218 4.340729 163.503307 1.525781 -164.799561 
0.019000 -52.875745 -0.534656 4.172208 163.954509 1.532484 -164.818931 
0.020000 -52.707637 -0.533083 4.003605 164.409237 1.539279 -164.835842 
0.021000 -52.539458 -0.531508 3.835048 164.864203 1.546083 -164.852399 
0.022000 -52.370420 -0.529921 3.666412 165.322703 1.552982 -164.866454 
0.023000 -52.201303 -0.528331 3.497827 165.781465 1.559890 -164.880113 
0.024000 -52.031327 -0.526730 3.329162 166.243771 1.566893 -164.891227 
0.025000 -51.861264 -0.525127 3.160554 166.706363 1.573908 -164.901901 
0.026000 -51.690341 -0.523511 2.991867 167.172506 1.581017 -164.909984 
0.027000 -51.519325 -0.521893 2.823243 167.638958 1.588140 -164.917581 
0.028000 -51.347448 -0.520262 2.654541 168.108971 1.595358 -164.922540 
0.029000 -51.175471 -0.518629 2.485907 168.579315 1.602590 -164.926966 
0.030000 -51.002632 -0.516984 2.317195 169.053228 1.609919 -164.928705 
0.031000 -50.829686 -0.515337 2.148557 169.527495 1.617262 -164.929860 
0.032000 -50.655877 -0.513676 1.979844 170.005338 1.624704 -164.928276 
0.033000 -50.481953 -0.512013 1.811209 170.483559 1.632161 -164.926053 
0.034000 -50.307165 -0.510338 1.642500 170.965362 1.639717 -164.921037 
0.035000 -50.132256 -0.508659 1.473876 171.447564 1.647290 -164.915319 
0.036000 -49.956482 -0.506969 1.305178 171.933356 1.654962 -164.906743 
0.037000 -49.780579 -0.505274 1.136571 172.419567 1.662653 -164.897393 
0.038000 -49.603811 -0.503568 0.967893 172.909374 1.670444 -164.885100 
0.039000 -49.426906 -0.501858 0.799311 173.399620 1.678254 -164.871929 
0.040000 -49.249135 -0.500135 0.630660 173.893466 1.686166 -164.855678 
0.041000 -49.071220 -0.498409 0.462112 174.387768 1.694098 -164.838345 
0.042000 -48.892438 -0.496670 0.293496 174.885669 1.702132 -164.817608 
0.043000 -48.713505 -0.494927 0.124990 175.384038 1.710187 -164.795208 
0.044000 -48.533704 -0.493172 -0.043580 175.885991 1.718346 -164.768374 
0.045000 -48.353743 -0.491412 -0.212032 176.388398 1.726526 -164.738399 
0.046000 -48.172914 -0.489640 -0.380540 176.894346 1.734810 -164.703115 
0.047000 -47.991919 -0.487864 -0.548919 177.400718 1.743116 -164.665422 
0.048000 -47.810055 -0.486075 -0.717351 177.910597 1.751526 -164.623693 
0.049000 -47.628017 -0.484281 -0.885645 178.420895 1.759960 -164.580397 
0.050000 -47.445108 -0.482475 -1.053988 178.934687 1.768497 -164.533496 
0.051000 -47.262019 -0.480664 -1.222186 179.448903 1.777059 -164.485221 
0.052000 -47.078059 -0.478840 -1.390430 179.966604 1.785726 -164.433422 
0.053000 -46.893911 -0.477011 -1.558522 180.484736 1.794419 -164.380264 
0.054000 -46.708891 -0.475170 -1.726657 181.006346 1.803218 -164.323571 
0.055000 -46.523677 -0.473323 -1.894633 181.528394 1.812043 -164.265483 
0.056000 -46.337589 -0.471463 -2.062650 182.053911 1.820975 -164.203818 
0.057000 -46.151299 -0.469598 -2.230500 182.579873 1.829935 -164.140701 
0.058000 -45.964135 -0.467720 -2.398387 183.109295 1.839003 -164.073954 
0.059000 -45.776763 -0.465837 -2.566100 183.639168 1.848099 -164.005690 
0.060000 -45.588515 -0.463940 -2.733848 184.172491 1.857305 -163.933734 
0.061000 -45.400052 -0.462038 -2.901414 184.706268 1.866540 -163.860192 
0.062000 -45.210713 -0.460122 -3.069012 185.243484 1.875885 -163.782893 
0.063000 -45.021150 -0.458201 -3.236420 185.781156 1.885261 -163.703934 
0.064000 -44.830711 -0.456266 -3.403856 186.322255 1.894747 -163.621151 
0.065000 -44.640042 -0.454325 -3.571095 186.863811 1.904266 -163.536632 
0.066000 -44.448496 -0.452371 -3.738358 187.408778 1.913896 -163.448219 
0.067000 -44.256712 -0.450411 -3.905416 187.954203 1.923560 -163.357990 
0.068000 -44.064049 -0.448437 -4.072494 188.503022 1.933336 -163.263797 
0.069000 -43.871143 -0.446456 -4.239359 189.052297 1.943146 -163.167706 
0.070000 -43.677357 -0.444462 -4.406241 189.604949 1.953070 -163.067578 
0.071000 -43.483321 -0.442461 -4.572902 190.158051 1.963029 -162.965468 
0.072000 -43.288403 -0.440447 -4.739575 190.714510 1.973103 -162.859247 
0.073000 -43.093228 -0.438425 -4.906018 191.271414 1.983213 -162.750959 
0.074000 -42.897172 -0.436390 -5.072470 191.831653 1.993438 -162.638482 
0.075000 -42.700851 -0.434348 -5.238683 192.392327 2.003702 -162.523852 
0.076000 -42.503648 -0.432292 -5.404900 192.956314 2.014080 -162.404955 
0.077000 -42.306174 -0.430228 -5.570870 193.520725 2.024499 -162.283814 
0.078000 -42.107816 -0.428151 -5.736839 194.088422 2.035034 -162.158328 
0.079000 -41.909181 -0.426066 -5.902552 194.656530 2.045609 -162.030506 
0.080000 -41.709661 -0.423967 -6.068260 195.227896 2.056301 -161.898258 
0.081000 -41.509857 -0.421860 -6.233703 195.799658 2.067036 -161.763582 
0.082000 -41.309168 -0.419739 -6.399136 196.374646 2.077888 -161.624398 
0.083000 -41.108187 -0.417610 -6.564293 196.950012 2.088783 -161.482689 
0.084000 -40.906321 -0.415466 -6.729436 197.528571 2.099797 -161.336389 
0.085000 -40.704158 -0.413315 -6.894295 198.107486 2.110855 -161.187468 
0.086000 -40.501107 -0.411149 -7.059133 198.689559 2.122032 -161.033870 
0.087000 -40.297753 -0.408974 -7.223677 199.271964 2.133255 -160.877553 
0.088000 -40.093512 -0.406785 -7.388196 199.857488 2.144597 -160.716473 
0.089000 -39.888960 -0.404588 -7.552411 200.443316 2.155986 -160.552573 
0.090000 -39.683520 -0.402376 -7.716594 201.032222 2.167496 -160.383823 
0.091000 -39.477764 -0.400154 -7.880464 201.621402 2.179053 -160.212150 
0.092000 -39.271119 -0.397918 -8.044296 202.213614 2.190731 -160.035540 
0.093000 -39.064151 -0.395673 -8.207804 202.806066 2.202459 -159.855902 
0.094000 -38.856294 -0.393414 -8.371269 203.401504 2.214307 -159.671238 
0.095000 -38.648108 -0.391144 -8.534400 203.997144 2.226206 -159.483441 
0.096000 -38.439034 -0.388860 -8.697480 204.595717 2.238227 -159.290526 
0.097000 -38.229623 -0.386566 -8.860217 205.194452 2.250299 -159.094372 
0.098000 -38.019324 -0.384257 -9.022896 205.796066 2.262493 -158.893010 
0.099000 -37.808683 -0.381938 -9.185220 206.397796 2.274740 -158.688299 
0.100000 -37.597153 -0.379604 -9.347481 207.002347 2.287109 -158.478288 
0.101000 -37.385276 -0.377260 -9.509376 207.606965 2.299532 -158.264820 
0.102000 -37.172508 -0.374901 -9.671199 208.214342 2.312078 -158.045958 
0.103000 -36.959389 -0.372531 -9.832647 208.821732 2.324678 -157.823527 
0.104000 -36.745379 -0.370146 -9.994015 209.431815 2.337401 -157.595610 
0.105000 -36.531012 -0.367750 -10.154996 210.041854 2.350180 -157.364013 
0.106000 -36.315755 -0.365339 -10.315892 210.654516 2.363082 -157.126835 
0.107000 -36.100134 -0.362916 -10.476388 211.267071 2.376040 -156.885865 
0.108000 -35.883624 -0.360479 -10.636790 211.882177 2.389123 -156.639219 
0.109000 -35.666745 -0.358029 -10.796781 212.497106 2.402261 -156.388668 
0.110000 -35.448977 -0.355565 -10.956671 213.114509 2.415525 -156.132347 
0.111000 -35.230835 -0.353089 -11.116138 213.731663 2.428844 -155.872006 
0.112000 -35.011805 -0.350597 -11.275495 214.351208 2.442289 -155.605802 
0.113000 -34.792396 -0.348093 -11.434418 214.970427 2.455791 -155.335463 
0.114000 -34.572099 -0.345574 -11.593222 215.591949 2.469419 -155.059166 
0.115000 -34.351419 -0.343042 -11.751580 216.213064 2.483104 -154.778621 
0.116000 -34.129852 -0.340495 -11.909810 216.836389 2.496914 -154.492023 
0.117000 -33.907897 -0.337935 -12.067582 217.459219 2.510782 -154.201062 
0.118000 -33.685056 -0.335359 -12.225217 218.084163 2.524775 -153.903956 
0.119000 -33.461822 -0.332771 -12.382380 218.708518 2.538826 -153.602373 
0.120000 -33.237704 -0.330166 -12.539399 219.334885 2.553003 -153.294552 
0.121000 -33.013189 -0.327549 -12.695933 219.960564 2.567237 -152.982140 
0.122000 -32.787791 -0.324915 -12.852312 220.588149 2.581597 -152.663398 
0.123000 -32.561993 -0.322268 -13.008194 221.214940 2.596015 -152.339952 
0.124000 -32.335313 -0.319605 -13.163912 221.843525 2.610558 -152.010086 
0.125000 -32.108229 -0.316929 -13.319119 222.471205 2.625159 -151.675405 
0.126000 -31.880265 -0.314236 -13.474153 223.100563 2.639884 -151.334214 
0.127000 -31.651893 -0.311529 -13.628662 223.728898 2.654667 -150.988098 
0.128000 -31.422644 -0.308806 -13.782987 224.358788 2.669574 -150.635385 
0.129000 -31.192985 -0.306068 -13.936775 224.987532 2.684540 -150.277638 
0.130000 -30.962449 -0.303315 -14.090369 225.617703 2.699628 -149.913209 
0.131000 -30.731501 -0.300547 -14.243411 226.246599 2.714773 -149.543639 
0.132000 -30.499679 -0.297762 -14.396249 226.876788 2.730041 -149.167305 
0.133000 -30.267441 -0.294963 -14.548522 227.505565 2.745366 -148.785725 
0.134000 -30.034334 -0.292147 -14.700579 228.135497 2.760813 -148.397301 
0.135000 -29.800807 -0.289315 -14.852057 228.763874 2.776316 -148.003529 
0.136000 -29.566414 -0.286468 -15.003309 229.393262 2.791939 -147.602837 
0.137000 -29.331601 -0.283605 -15.153968 230.020946 2.807618 -147.196698 
0.138000 -29.095924 -0.280725 -15.304389 230.649491 2.823416 -146.783565 
0.139000 -28.859825 -0.277830 -15.454202 231.276176 2.839269 -146.364890 
0.140000 -28.622866 -0.274918 -15.603767 231.903566 2.855239 -145.939151 
0.141000 -28.385484 -0.271990 -15.752710 232.528935 2.871264 -145.507779 
0.142000 -28.147246 -0.269045 -15.901392 233.154848 2.887405 -145.069277 
0.143000 -27.908583 -0.266084 -16.049438 233.778570 2.903598 -144.625056 
0.144000 -27.669069 -0.263105 -16.197212 234.402670 2.919906 -144.173643 
0.145000 -27.429130 -0.260111 -16.344334 235.024404 2.936265 -143.716429 
0.146000 -27.188345 -0.257100 -16.491173 235.646344 2.952737 -143.251967 
0.147000 -26.947133 -0.254071 -16.637346 236.265737 2.969258 -142.781626 
0.148000 -26.705081 -0.251026 -16.783222 236.885158 2.985891 -142.303987 
0.149000 -26.462603 -0.247964 -16.928418 237.501845 3.002571 -141.820397 
0.150000 -26.219289 -0.244885 -17.073305 238.118378 3.019361 -141.329464 
0.151000 -25.975549 -0.241788 -17.217496 238.731983 3.036196 -140.832516 
0.152000 -25.730981 -0.238674 -17.361367 239.345246 3.053137 -140.328184 
0.153000 -25.485987 -0.235543 -17.504527 239.955382 3.070123 -139.817778 
0.154000 -25.240170 -0.232395 -17.647354 240.564984 3.087212 -139.299957 
0.155000 -24.993929 -0.229229 -17.789454 241.171254 3.104343 -138.776010 
0.156000 -24.746873 -0.226045 -17.931210 241.776793 3.121576 -138.244622 
0.157000 -24.499393 -0.222844 -18.072223 242.378788 3.138848 -137.707064 
0.158000 -24.251105 -0.219625 -18.212879 242.979852 3.156218 -137.162045 
0.159000 -24.002396 -0.216388 -18.352778 243.577157 3.173624 -136.610822 
0.160000 -23.752886 -0.213133 -18.492306 244.173326 3.191127 -136.052127 
0.161000 -23.502958 -0.209861 -18.631062 244.765514 3.208662 -135.487199 
0.162000 -23.252237 -0.206570 -18.769435 245.356358 3.226291 -134.914798 
0.163000 -23.001100 -0.203261 -18.907020 245.942996 3.243949 -134.336145 
0.164000 -22.749179 -0.199935 -19.044209 246.528078 3.261697 -133.750023 
0.165000 -22.496846 -0.196590 -19.180596 247.108726 3.279472 -133.157641 
0.166000 -22.243737 -0.193227 -19.316573 247.687602 3.297332 -132.557805 
0.167000 -21.990220 -0.189845 -19.451733 248.261811 3.315216 -131.951708 
0.168000 -21.735936 -0.186446 -19.586471 248.834031 3.333183 -131.338182 
0.169000 -21.481248 -0.183028 -19.720375 249.401348 3.351168 -130.718405 
0.170000 -21.225805 -0.179591 -19.853845 249.966458 3.369232 -130.091232 
0.171000 -20.969961 -0.176136 -19.986467 250.526426 3.387312 -129.457830 
0.172000 -20.713372 -0.172663 -20.118641 251.083966 3.405467 -128.817073 
0.173000 -20.456388 -0.169171 -20.249952 251.636124 3.423632 -128.170120 
0.174000 -20.198669 -0.165660 -20.380804 252.185632 3.441868 -127.515866 
0.175000 -19.940561 -0.162131 -20.510777 252.729516 3.460112 -126.855458 
0.176000 -19.681730 -0.158583 -20.640277 253.270529 3.478421 -126.187812 
0.177000 -19.422515 -0.155016 -20.768884 253.805674 3.496733 -125.514066 
0.178000 -19.162590 -0.151430 -20.897006 254.337727 3.515106 -124.833156 
0.179000 -18.902287 -0.147826 -21.024221 254.863669 3.533478 -124.146213 
0.180000 -18.641286 -0.144203 -21.150938 255.386299 3.551906 -123.452190 
0.181000 -18.379914 -0.140561 -21.276733 255.902575 3.570328 -122.752211 
0.182000 -18.117856 -0.136900 -21.402018 256.415319 3.588802 -122.045247 
0.183000 -17.855435 -0.133220 -21.526367 256.921469 3.607263 -121.332417 
0.184000 -17.592343 -0.129522 -21.650195 257.423870 3.625773 -120.612708 
0.185000 -17.328894 -0.125804 -21.773072 257.919436 3.644264 -119.887235 
0.186000 -17.064788 -0.122068 -21.895415 258.411040 3.662799 -119.154999 
0.187000 -16.800334 -0.118312 -22.016794 258.895573 3.681311 -118.417113 
0.188000 -16.535237 -0.114538 -22.137628 259.375934 3.699860 -117.672591 
0.189000 -16.269800 -0.110744 -22.257484 259.848989 3.718382 -116.922545 
0.190000 -16.003735 -0.106932 -22.376784 260.317666 3.736935 -116.166000 
0.191000 -15.737340 -0.103100 -22.495093 260.778809 3.755455 -115.404070 
0.192000 -15.470332 -0.099251 -22.612835 261.235372 3.774002 -114.635790 
0.193000 -15.203003 -0.095381 -22.729572 261.684177 3.792510 -113.862274 
0.194000 -14.935077 -0.091493 -22.845731 262.128206 3.811039 -113.082566 
0.195000 -14.666840 -0.087586 -22.960874 262.564259 3.829524 -112.297783 
0.196000 -14.398021 -0.083660 -23.075428 262.995347 3.848024 -111.506977 
0.197000 -14.128902 -0.079715 -23.188953 263.418247 3.866474 -110.711270 
0.198000 -13.859219 -0.075752 -23.301880 263.835999 3.884935 -109.909716 
0.199000 -13.589246 -0.071769 -23.413765 264.245358 3.903338 -109.103446 
0.200000 -13.318725 -0.067768 -23.525042 264.649396 3.921748 -108.291517 
0.201000 -13.047926 -0.063747 -23.635267 265.044843 3.940094 -107.475065 
0.202000 -12.776596 -0.059709 -23.744874 265.434802 3.958440 -106.653151 
0.203000 -12.504999 -0.055650 -23.853418 265.815982 3.976718 -105.826919 
0.204000 -12.232890 -0.051575 -23.961335 266.191518 3.994990 -104.995429 
0.205000 -11.960524 -0.047479 -24.068178 266.558095 4.013188 -104.159837 
0.206000 -11.687665 -0.043366 -24.174386 266.918879 4.031374 -103.319198 
0.207000 -11.414562 -0.039233 -24.279510 267.270535 4.049480 -102.474681 
0.208000 -11.140984 -0.035083 -24.383991 267.616260 4.067570 -101.625338 
0.209000 -10.867173 -0.030913 -24.487377 267.952699 4.085573 -100.772348 
0.210000 -10.592907 -0.026726 -24.590113 268.283079 4.103554 -99.914760 
0.211000 -10.318420 -0.022519 -24.691745 268.604025 4.121444 -99.053764 
0.212000 -10.043498 -0.018296 -24.792720 268.918795 4.139305 -98.188402 
0.213000 -9.768367 -0.014053 -24.892582 269.223995 4.157069 -97.319882 
0.214000 -9.492820 -0.009793 -24.991780 269.522912 4.174801 -96.447233 
0.215000 -9.217079 -0.005514 -25.089857 269.812135 4.192429 -95.571679 
0.216000 -8.940940 -0.001218 -25.187265 270.094982 4.210019 -94.692240 
0.217000 -8.664620 0.003098 -25.283543 270.368022 4.227500 -93.810156 
0.218000 -8.387923 0.007429 -25.379147 270.634603 4.244939 -92.924432 
0.219000 -8.111057 0.011780 -25.473613 270.891278 4.262262 -92.036330 
0.220000 -7.833835 0.016147 -25.567400 271.141423 4.279539 -91.144837 
0.221000 -7.556458 0.020534 -25.660043 271.381575 4.296695 -90.251235 
0.222000 -7.278745 0.024936 -25.752002 271.615139 4.313799 -89.354494 
0.223000 -7.000890 0.029357 -25.842811 271.838637 4.330778 -88.455918 
0.224000 -6.722719 0.033794 -25.932932 272.055500 4.347700 -87.554456 
0.225000 -6.444421 0.038250 -26.021897 272.262236 4.364492 -86.651434 
0.226000 -6.165827 0.042721 -26.110171 272.462303 4.381223 -85.745781 
0.227000 -5.887120 0.047212 -26.197283 272.652196 4.397818 -84.838847 
0.228000 -5.608138 0.051717 -26.283702 272.835397 4.414348 -83.929535 
0.229000 -5.329055 0.056241 -26.368955 273.008391 4.430738 -83.019219 
0.230000 -5.049720 0.060779 -26.453512 273.174683 4.447060 -82.106781 
0.231000 -4.770297 0.065337 -26.536898 273.330746 4.463236 -81.193618 
0.232000 -4.490643 0.069909 -26.619587 273.480109 4.479340 -80.278584 
0.233000 -4.210914 0.074499 -26.701102 273.619236 4.495294 -79.363104 
0.234000 -3.930975 0.079103 -26.781918 273.751676 4.511172 -78.446003 
0.235000 -3.650976 0.083726 -26.861557 273.873885 4.526897 -77.528732 
0.236000 -3.370787 0.088363 -26.940498 273.989432 4.542543 -76.610089 
0.237000 -3.090551 0.093018 -27.018257 274.094765 4.558031 -75.691551 
0.238000 -2.810147 0.097686 -27.095319 274.193472 4.573437 -74.771883 
0.239000 -2.529709 0.102373 -27.171197 274.281994 4.588681 -73.852593 
0.240000 -2.249124 0.107072 -27.246379 274.363938 4.603841 -72.932413 
0.241000 -1.968519 0.111789 -27.320375 274.435739 4.618835 -72.012879 
0.242000 -1.687786 0.116519 -27.393676 274.501018 4.633742 -71.092691 
0.243000 -1.407048 0.121267 -27.465790 274.556208 4.648481 -70.173412 
0.244000 -1.126202 0.126027 -27.537210 274.604942 4.663129 -69.253709 
0.245000 -0.845364 0.130805 -27.607443 274.643652 4.677607 -68.335176 
0.246000 -0.564439 0.135595 -27.676985 274.675983 4.691992 -67.416442 
0.247000 -0.283535 0.140402 -27.745338 274.698364 4.706204 -66.499132 
0.248000 -0.002565 0.145221 -27.813003 274.714451 4.720321 -65.581840 
0.249000 0.278372 0.150058 -27.879481 274.720675 4.734262 -64.666219 
0.250000 0.559356 0.154905 -27.945273 274.720698 4.748107 -63.750827 
0.251000 0.840293 0.159769 -28.009879 274.710952 4.761774 -62.837349 
0.252000 1.121256 0.164645 -28.073802 274.695108 4.775342 -61.924304 
0.253000 1.402161 0.169537 -28.136540 274.669598 4.788731 -61.013408 
0.254000 1.683072 0.174440 -28.198601 274.638099 4.802020 -60.103141 
0.255000 1.963912 0.179359 -28.259476 274.597048 4.815128 -59.195252 
0.256000 2.244739 0.184289 -28.319680 274.550123 4.828135 -58.288181 
0.257000 2.525484 0.189235 -28.378701 274.493765 4.840959 -57.383708 
0.258000 2.806196 0.194190 -28.437054 274.431657 4.853681 -56.480235 
0.259000 3.086813 0.199163 -28.494227 274.360244 4.866220 -55.579573 
0.260000 3.367379 0.204144 -28.550738 274.283207 4.878655 -54.680083 
0.261000 3.647839 0.209142 -28.606071 274.197001 4.890906 -53.783610 
0.262000 3.928228 0.214148 -28.660748 274.105304 4.903054 -52.888474 
0.263000 4.208500 0.219170 -28.714250 274.004579 4.915015 -51.996550 
0.264000 4.488684 0.224201 -28.767103 273.898499 4.926874 -51.106120 
0.265000 4.768739 0.229248 -28.818784 273.783539 4.938546 -50.219091 
0.266000 5.048687 0.234303 -28.869823 273.663365 4.950114 -49.333704 
0.267000 5.328497 0.239373 -28.919692 273.534462 4.961496 -48.451898 
0.268000 5.608181 0.244451 -28.968927 273.400490 4.972774 -47.571873 
0.269000 5.887717 0.249544 -29.016997 273.257946 4.983865 -46.695600 
0.270000 6.167110 0.254645 -29.064440 273.110481 4.994853 -45.821241 
0.271000 6.446343 0.259761 -29.110721 272.954603 5.005654 -44.950795 
0.272000 6.725418 0.264884 -29.156383 272.793954 5.016352 -44.082386 
0.273000 7.004323 0.270022 -29.200888 272.625056 5.026863 -43.218044 
0.274000 7.283052 0.275166 -29.244782 272.451539 5.037273 -42.355854 
0.275000 7.561602 0.280325 -29.287523 272.269940 5.047495 -41.497876 
0.276000 7.839959 0.285490 -29.329663 272.083874 5.057616 -40.642157 
0.277000 8.118129 0.290670 -29.370654 271.889896 5.067551 -39.790787 
0.278000 8.396089 0.295855 -29.411052 271.691605 5.077385 -38.941774 
0.279000 8.673853 0.301055 -29.450306 271.485574 5.087034 -38.097239 
0.280000 8.951393 0.306261 -29.488977 271.275383 5.096583 -37.255151 
0.281000 9.228727 0.311480 -29.526509 271.057625 5.105948 -36.417661 
0.282000 9.505820 0.316704 -29.563467 270.835863 5.115214 -35.582701 
0.283000 9.782701 0.321943 -29.599291 270.606707 5.124296 -34.752451 
0.284000 10.059326 0.327186 -29.634550 270.373700 5.133281 -33.924807 
0.285000 10.335730 0.332443 -29.668681 270.133475 5.142083 -33.101977 
0.286000 10.611864 0.337704 -29.702258 269.889553 5.150789 -32.281820 
0.287000 10.887769 0.342978 -29.734711 269.638586 5.159314 -31.466574 
0.288000 11.163389 0.348257 -29.766620 269.384076 5.167744 -30.654062 
0.289000 11.438773 0.353548 -29.797412 269.122696 5.175994 -29.846548 
0.290000 11.713859 0.358844 -29.827669 268.857924 5.184151 -29.041823 
0.291000 11.988702 0.364152 -29.856815 268.586455 5.192129 -28.242178 
0.292000 12.263232 0.369464 -29.885436 268.311746 5.200015 -27.445369 
0.293000 12.537513 0.374788 -29.912952 268.030513 5.207724 -26.653714 
0.294000 12.811468 0.380116 -29.939955 267.746186 5.215343 -25.864936 
0.295000 13.085168 0.385456 -29.965857 267.455509 5.222787 -25.081379 
0.296000 13.358528 0.390799 -29.991257 267.161885 5.230142 -24.300734 
0.297000 13.631627 0.396154 -30.015562 266.862081 5.237323 -23.525370 
0.298000 13.904375 0.401511 -30.039376 266.559473 5.244418 -22.752948 
0.299000 14.176854 0.406881 -30.062102 266.250856 5.251341 -21.985861 
0.300000 14.448971 0.412252 -30.084346 265.939576 5.258178 -21.221739 
0.301000 14.720814 0.417636 -30.105509 265.622454 5.264846 -20.462999 
0.302000 14.992281 0.423021 -30.126202 265.302808 5.271430 -19.707243 
0.303000 15.263471 0.428418 -30.145819 264.977486 5.277846 -18.956911 
0.304000 15.534273 0.433817 -30.164977 264.649776 5.284180 -18.209576 
0.305000 15.804792 0.439227 -30.183065 264.316553 5.290349 -17.467701 
0.306000 16.074912 0.444638 -30.200706 263.981076 5.296438 -16.728831 
0.307000 16.344745 0.450060 -30.217283 263.640246 5.302362 -15.995452 
0.308000 16.614168 0.455483 -30.233423 263.297293 5.308209 -15.265082 
0.309000 16.883300 0.460918 -30.248506 262.949146 5.313893 -14.540228 
0.310000 17.152011 0.466352 -30.263164 262.599002 5.319503 -13.818383 
0.311000 17.420426 0.471798 -30.276771 262.243820 5.324951 -13.102074 
0.312000 17.688411 0.477244 -30.289963 261.886765 5.330326 -12.388770 
0.313000 17.956096 0.482701 -30.302111 261.524825 5.335543 -11.681018 
0.314000 18.223340 0.488158 -30.313856 261.161134 5.340688 -10.976262 
0.315000 18.490281 0.493625 -30.324562 260.792707 5.345677 -10.277069 
0.316000 18.756772 0.499092 -30.334877 260.422647 5.350597 -9.580861 
0.317000 19.022956 0.504569 -30.344159 260.047999 5.355362 -8.890224 
0.318000 19.288680 0.510046 -30.353061 259.671831 5.360059 -8.202556 
0.319000 19.554095 0.515533 -30.360937 259.291220 5.364605 -7.520461 
0.320000 19.819041 0.521019 -30.368444 258.909199 5.369085 -6.841318 
0.321000 20.083674 0.526515 -30.374930 258.522877 5.373415 -6.167748 
0.322000 20.347830 0.532010 -30.381059 258.135253 5.377681 -5.497107 
0.323000 20.611670 0.537515 -30.386174 257.743465 5.381800 -4.832036 
0.324000 20.875025 0.543018 -30.390943 257.350480 5.385857 -4.169871 
0.325000 21.138061 0.548531 -30.394703 256.953467 5.389768 -3.513267 
0.326000 21.400603 0.554042 -30.398129 256.555356 5.393620 -2.859544 
0.327000 21.662826 0.559563 -30.400552 256.153350 5.397328 -2.211371 
0.328000 21.924546 0.565082 -30.402652 255.750344 5.400978 -1.566049 
0.329000 22.185944 0.570611 -30.403755 255.343571 5.404487 -0.926265 
0.330000 22.446832 0.576136 -30.404547 254.935892 5.407939 -0.289302 
0.331000 22.707396 0.581672 -30.404347 254.524573 5.411253 0.342140 
0.332000 22.967442 0.587205 -30.403847 254.112438 5.414513 0.970793 
0.333000 23.227163 0.592747 -30.402361 253.696785 5.417635 1.593945 
0.334000 23.486360 0.598286 -30.400587 253.280404 5.420706 2.214342 
0.335000 23.745229 0.603835 -30.397832 252.860625 5.423641 2.829259 
0.336000 24.003567 0.609380 -30.394800 252.440203 5.426526 3.441456 
0.337000 24.261577 0.614934 -30.390793 252.016499 5.429278 4.048197 
0.338000 24.519048 0.620485 -30.386520 251.592233 5.431982 4.652255 
0.339000 24.776190 0.626045 -30.381277 251.164799 5.434555 5.250882 
0.340000 25.032787 0.631601 -30.375779 250.736880 5.437081 5.846865 
0.341000 25.289053 0.637166 -30.369318 250.305904 5.439478 6.437445 
0.342000 25.544768 0.642727 -30.362612 249.874519 5.441831 7.025420 
0.343000 25.800152 0.648297 -30.354948 249.440184 5.444057 7.608021 
0.344000 26.054979 0.653862 -30.347050 249.005512 5.446239 8.188057 
0.345000 26.309474 0.659437 -30.338200 248.567994 5.448297 8.762750 
0.346000 26.563406 0.665006 -30.329127 248.130208 5.450313 9.334920 
0.347000 26.817006 0.670585 -30.319106 247.689679 5.452207 9.901780 
0.348000 27.070037 0.676158 -30.308873 247.248948 5.454060 10.466157 
0.349000 27.322735 0.681741 -30.297698 246.805572 5.455793 11.025259 
0.350000 27.574859 0.687318 -30.286322 246.362057 5.457488 11.581920 
0.351000 27.826650 0.692904 -30.274008 245.915994 5.459064 12.133341 
0.352000 28.077862 0.698484 -30.261504 245.469854 5.460603 12.682365 
0.353000 28.328740 0.704073 -30.248067 245.021257 5.462026 13.226185 
0.354000 28.579034 0.709656 -30.234451 244.572642 5.463413 13.767651 
0.355000 28.828995 0.715248 -30.219907 244.121662 5.464686 14.303950 
0.356000 29.078366 0.720834 -30.205193 243.670717 5.465925 14.837939 
0.357000 29.327405 0.726428 -30.189557 243.217496 5.467051 15.366799 
0.358000 29.575849 0.732016 -30.173762 242.764364 5.468145 15.893393 
0.359000 29.823961 0.737613 -30.157048 242.309040 5.469128 16.414897 
0.360000 30.071474 0.743203 -30.140186 241.853856 5.470080 16.934181 
0.361000 30.318655 0.748801 -30.122411 241.396564 5.470923 17.448413 
0.362000 30.565233 0.754393 -30.104497 240.939459 5.471736 17.960468 
0.363000 30.811478 0.759994 -30.085674 240.480326 5.472443 18.467513 
0.364000 31.057117 0.765587 -30.066723 240.021427 5.473121 18.972426 
0.365000 31.302424 0.771188 -30.046867 239.560578 5.473694 19.472369 
0.366000 31.547120 0.776783 -30.026894 239.100006 5.474239 19.970225 
0.367000 31.791485 0.782386 -30.006020 238.637559 5.474682 20.463151 
0.368000 32.035235 0.787981 -29.985038 238.175432 5.475099 20.954035 
0.369000 32.278654 0.793584 -29.963160 237.711503 5.475414 21.440032 
0.370000 32.521456 0.799180 -29.941184 237.247933 5.475705 21.924029 
0.371000 32.763927 0.804785 -29.918316 236.782632 5.475895 22.403182 
0.372000 33.005777 0.810381 -29.895360 236.317727 5.476063 22.880379 
0.373000 33.247297 0.815985 -29.871516 235.851161 5.476132 23.352774 
0.374000 33.488193 0.821582 -29.847594 235.385027 5.476179 23.823258 
0.375000 33.728759 0.827187 -29.822787 234.917298 5.476130 24.288982 
0.376000 33.968698 0.832783 -29.797912 234.450034 5.476060 24.752838 
0.377000 34.208309 0.838387 -29.772157 233.981240 5.475895 25.211977 
0.378000 34.447289 0.843983 -29.746343 233.512943 5.475710 25.669291 
0.379000 34.685942 0.849588 -29.719652 233.043179 5.475432 26.121931 
0.380000 34.923961 0.855183 -29.692913 232.573943 5.475135 26.572789 
0.381000 35.161655 0.860787 -29.665300 232.103299 5.474746 27.019016 
0.382000 35.398711 0.866381 -29.637647 231.633211 5.474340 27.463503 
0.383000 35.635443 0.871984 -29.609125 231.161776 5.473843 27.903402 
0.384000 35.871535 0.877577 -29.580573 230.690923 5.473330 28.341603 
0.385000 36.107304 0.883179 -29.551155 230.218779 5.472728 28.775260 
0.386000 36.342430 0.888771 -29.521716 229.747243 5.472111 29.207260 
0.387000 36.577234 0.894372 -29.491413 229.274472 5.471407 29.634758 
0.388000 36.811394 0.899963 -29.461100 228.802331 5.470687 30.060641 
0.389000 37.045232 0.905562 -29.429927 228.329009 5.469883 30.482065 
0.390000 37.278423 0.911151 -29.398751 227.856341 5.469064 30.901913 
0.391000 37.511295 0.916748 -29.366719 227.382542 5.468161 31.317347 
0.392000 37.743517 0.922336 -29.334694 226.909418 5.467246 31.731244 
0.393000 37.975421 0.927931 -29.301815 226.435214 5.466248 32.140770 
0.394000 38.206673 0.933517 -29.268952 225.961703 5.465237 32.548798 
0.395000 38.437609 0.939110 -29.235239 225.487162 5.464146 32.952498 
0.396000 38.667890 0.944693 -29.201550 225.013332 5.463043 33.354739 
0.397000 38.897856 0.950284 -29.167014 224.538519 5.461860 33.752693 
0.398000 39.127167 0.955865 -29.132512 224.064434 5.460667 34.149228 
0.399000 39.356163 0.961454 -29.097165 223.589412 5.459396 34.541518 
0.400000 39.584502 0.967032 -29.061860 223.115133 5.458114 34.932425 
0.401000 39.812528 0.972618 -29.025713 222.639961 5.456756 35.319131 
0.402000 40.039895 0.978193 -28.989617 222.165548 5.455389 35.704491 
0.403000 40.266951 0.983776 -28.952682 221.690284 5.453945 36.085690 
0.404000 40.493346 0.989349 -28.915807 221.215792 5.452494 36.465581 
0.405000 40.719431 0.994929 -28.878095 220.740491 5.450968 36.841353 
0.406000 40.944854 1.000498 -28.840450 220.265974 5.449435 37.215852 
0.407000 41.169969 1.006075 -28.801973 219.790689 5.447828 37.586273 
0.408000 41.394419 1.011641 -28.763571 219.316199 5.446215 37.955457 
0.409000 41.618563 1.017215 -28.724337 218.840979 5.444529 38.320603 
0.410000 41.842042 1.022778 -28.685189 218.366566 5.442837 38.684547 
0.411000 42.065216 1.028348 -28.645211 217.891461 5.441075 39.044495 
0.412000 42.287722 1.033907 -28.605326 217.417171 5.439307 39.403274 
0.413000 42.509926 1.039474 -28.564615 216.942226 5.437469 39.758096 
0.414000 42.731461 1.045029 -28.524004 216.468105 5.435626 40.111784 
0.415000 42.952695 1.050592 -28.482569 215.993364 5.433715 40.461556 
0.416000 43.173259 1.056143 -28.441243 215.519455 5.431800 40.810225 
0.417000 43.393524 1.061702 -28.399095 215.044961 5.429817 41.155018 
0.418000 43.613117 1.067249 -28.357063 214.571305 5.427830 41.498741 
0.419000 43.832413 1.072805 -28.314212 214.097097 5.425777 41.838626 
0.420000 44.051037 1.078347 -28.271486 213.623733 5.423721 42.177474 
0.421000 44.269364 1.083898 -28.227942 213.149850 5.421600 42.512523 
0.422000 44.487019 1.089437 -28.184530 212.676817 5.419477 42.846564 
0.423000 44.704379 1.094983 -28.140302 212.203295 5.417289 43.176846 
0.424000 44.921064 1.100518 -28.096215 211.730628 5.415099 43.506151 
0.425000 45.137458 1.106060 -28.051314 211.257503 5.412846 43.831735 
0.426000 45.353176 1.111589 -28.006560 210.785236 5.410591 44.156371 
0.427000 45.568603 1.117127 -27.960995 210.312541 5.408274 44.477324 
0.428000 45.783354 1.122651 -27.915585 209.840707 5.405957 44.797359 
0.429000 45.997816 1.128184 -27.869365 209.368473 5.403578 45.113748 
0.430000 46.211601 1.133704 -27.823308 208.897103 5.401198 45.429247 
0.431000 46.425100 1.139232 -27.776443 208.425361 5.398759 45.741137 
0.432000 46.637920 1.144747 -27.729748 207.954485 5.396319 46.052167 
0.433000 46.850455 1.150270 -27.682247 207.483264 5.393820 46.359623 
0.434000 47.062311 1.155779 -27.634923 207.012910 5.391322 46.666247 
0.435000 47.273884 1.161297 -27.586795 206.542236 5.388765 46.969333 
0.436000 47.484777 1.166802 -27.538851 206.072431 5.386209 47.271613 
0.437000 47.695390 1.172314 -27.490104 205.602332 5.383596 47.570393 
0.438000 47.905321 1.177813 -27.441549 205.133102 5.380984 47.868392 
0.439000 48.114974 1.183321 -27.392193 204.663602 5.378315 48.162926 
0.440000 48.323945 1.188814 -27.343036 204.194970 5.375649 48.456706 
0.441000 48.532639 1.194316 -27.293079 203.726092 5.372926 48.747056 
0.442000 48.740652 1.199804 -27.243327 203.258083 5.370206 49.036677 
0.443000 48.948388 1.205300 -27.192778 202.789850 5.367430 49.322902 
0.444000 49.155443 1.210783 -27.142441 202.322485 5.364658 49.608423 
0.445000 49.362223 1.216273 -27.091308 201.854918 5.361831 49.890583 
0.446000 49.568322 1.221750 -27.040394 201.388218 5.359007 50.172063 
0.447000 49.774148 1.227235 -26.988684 200.921338 5.356130 50.450215 
0.448000 49.979291 1.232706 -26.937202 200.455322 5.353256 50.727711 
0.449000 50.184164 1.238185 -26.884925 199.989147 5.350330 51.001913 
0.450000 50.388354 1.243649 -26.832881 199.523835 5.347407 51.275482 
0.451000 50.592275 1.249122 -26.780045 199.058384 5.344433 51.545790 
0.452000 50.795513 1.254581 -26.727448 198.593792 5.341462 51.815487 
0.453000 50.998484 1.260048 -26.674060 198.129083 5.338441 52.081957 
0.454000 51.200771 1.265500 -26.620918 197.665229 5.335424 52.347838 
0.455000 51.402793 1.270961 -26.566986 197.201276 5.332357 52.610523 
0.456000 51.604131 1.276407 -26.513307 196.738176 5.329294 52.872641 
0.457000 51.805206 1.281862 -26.458839 196.274996 5.326182 53.131595 
0.458000 52.005597 1.287302 -26.404631 195.812664 5.323075 53.390003 
0.459000 52.205726 1.292750 -26.349634 195.350271 5.319919 53.645280 
0.460000 52.405171 1.298183 -26.294903 194.888723 5.316769 53.900031 
0.461000 52.604356 1.303625 -26.239386 194.427130 5.313570 54.151681 
0.462000 52.802857 1.309052 -26.184140 193.966378 5.310377 54.402826 
0.463000 53.001099 1.314487 -26.128109 193.505598 5.307136 54.650901 
0.464000 53.198658 1.319907 -26.072356 193.045655 5.303901 54.898490 
0.465000 53.395960 1.325335 -26.015818 192.585701 5.300620 55.143040 
0.466000 53.592578 1.330749 -25.959565 192.126578 5.297344 55.387123 
0.467000 53.788940 1.336171 -25.902528 191.667461 5.294023 55.628197 
0.468000 53.984619 1.341578 -25.845782 191.209170 5.290708 55.868822 
0.469000 54.180044 1.346992 -25.788253 190.750901 5.287347 56.106470 
0.470000 54.374785 1.352392 -25.731020 190.293452 5.283993 56.343686 
0.471000 54.569275 1.357800 -25.673006 189.836040 5.280594 56.577954 
0.472000 54.763081 1.363193 -25.615294 189.379443 5.277202 56.811808 
0.473000 54.956636 1.368595 -25.556802 188.922898 5.273766 57.042743 
0.474000 55.149508 1.373981 -25.498618 188.467162 5.270336 57.273282 
0.475000 55.342132 1.379375 -25.439653 188.011493 5.266864 57.500930 
0.476000 55.534071 1.384754 -25.381004 187.556627 5.263398 57.728199 
0.477000 55.725764 1.390141 -25.321575 187.101841 5.259890 57.952606 
0.478000 55.916774 1.395512 -25.262466 186.647852 5.256388 58.176650 
0.479000 56.107538 1.400892 -25.202579 186.193958 5.252845 58.397860 
0.480000 56.297620 1.406257 -25.143018 185.740854 5.249308 58.618723 
0.481000 56.487457 1.411629 -25.082679 185.287858 5.245731 58.836781 
0.482000 56.676612 1.416986 -25.022672 184.835646 5.242161 59.054507 
0.483000 56.865525 1.422352 -24.961887 184.383555 5.238550 59.269455 
0.484000 57.053755 1.427701 -24.901440 183.932241 5.234946 59.484086 
0.485000 57.241744 1.433059 -24.840217 183.481060 5.231303 59.695966 
0.486000 57.429051 1.438402 -24.779337 183.030650 5.227667 59.907544 
0.487000 57.616119 1.443752 -24.717681 182.580386 5.223991 60.116399 
0.488000 57.802506 1.449087 -24.656373 182.130886 5.220323 60.324966 
0.489000 57.988654 1.454430 -24.594290 181.681542 5.216616 60.530836 
0.490000 58.174121 1.459757 -24.532562 181.232956 5.212917 60.736432 
0.491000 58.359353 1.465092 -24.470059 180.784539 5.209180 60.939358 
0.492000 58.543903 1.470412 -24.407915 180.336872 5.205450 61.142023 
0.493000 58.728218 1.475740 -24.344997 179.889384 5.201683 61.342043 
0.494000 58.911853 1.481052 -24.282445 179.442640 5.197923 61.541816 
0.495000 59.095255 1.486372 -24.219118 178.996087 5.194127 61.738971 
0.496000 59.277976 1.491676 -24.156162 178.550268 5.190338 61.935891 
0.497000 59.460466 1.496988 -24.092433 178.104652 5.186512 62.130218 
0.498000 59.642275 1.502284 -24.029080 177.659764 5.182695 62.324323 
0.499000 59.823855 1.507589 -23.964953 177.215088 5.178842 62.515860 
0.500000 60.004755 1.512877 -23.901208 176.771133 5.174996 62.707188 
0.501000 60.185427 1.518174 -23.836691 176.327400 5.171116 62.895972 
0.502000 60.365420 1.523455 -23.772559 175.884379 5.167243 63.084557 
0.503000 60.545185 1.528743 -23.707656 175.441592 5.163335 63.270625 
0.504000 60.724272 1.534016 -23.643144 174.999509 5.159436 63.456506 
0.505000 60.903134 1.539297 -23.577860 174.557668 5.155502 63.639892 
0.506000 61.081317 1.544561 -23.512973 174.116525 5.151576 63.823103 
0.507000 61.259276 1.549834 -23.447315 173.675633 5.147617 64.003844 
0.508000 61.436557 1.555090 -23.382058 173.235431 5.143665 64.184420 
0.509000 61.613616 1.560355 -23.316031 172.795489 5.139680 64.362550 
0.510000 61.789997 1.565603 -23.250410 172.356229 5.135704 64.540526 
0.511000 61.966157 1.570859 -23.184018 171.917239 5.131694 64.716079 
0.512000 62.141641 1.576099 -23.118038 171.478922 5.127693 64.891488 
0.513000 62.316905 1.581348 -23.051287 171.040885 5.123660 65.064497 
0.514000 62.491492 1.586579 -22.984953 170.603512 5.119634 65.237372 
0.515000 62.665861 1.591820 -22.917849 170.166427 5.115577 65.407871 
0.516000 62.839555 1.597043 -22.851166 169.729999 5.111528 65.578245 
0.517000 63.013031 1.602275 -22.783714 169.293867 5.107448 65.746266 
0.518000 63.185832 1.607490 -22.716687 168.858384 5.103376 65.914171 
0.519000 63.358418 1.612713 -22.648891 168.423205 5.099273 66.079745 
0.520000 63.530329 1.617920 -22.581526 167.988667 5.095178 66.245213 
0.521000 63.702026 1.623135 -22.513392 167.554441 5.091053 66.408372 
0.522000 63.873049 1.628333 -22.445693 167.120847 5.086936 66.571433 
0.523000 64.043859 1.633540 -22.377225 166.687574 5.082790 66.732208 
0.524000 64.213996 1.638730 -22.309197 166.254924 5.078651 66.892894 
0.525000 64.383921 1.643928 -22.240401 165.822603 5.074483 67.051314 
0.526000 64.553174 1.649109 -22.172049 165.390897 5.070323 67.209654 
0.527000 64.722216 1.654299 -22.102928 164.959527 5.066134 67.365751 
0.528000 64.890586 1.659472 -22.034257 164.528764 5.061954 67.521774 
0.529000 65.058747 1.664653 -21.964818 164.098344 5.057744 67.675576 
0.530000 65.226237 1.669817 -21.895832 163.668523 5.053543 67.829312 
0.531000 65.393518 1.674990 -21.826078 163.239052 5.049314 67.980848 
0.532000 65.560130 1.680145 -21.756782 162.810172 5.045093 68.132325 
0.533000 65.726534 1.685309 -21.686718 162.381648 5.040844 68.281623 
0.534000 65.892269 1.690456 -21.617118 161.953707 5.036603 68.430870 
0.535000 66.057798 1.695611 -21.546748 161.526130 5.032335 68.577959 
0.536000 66.222659 1.700749 -21.476847 161.099127 5.028076 68.725003 
0.537000 66.387314 1.705895 -21.406176 160.672494 5.023789 68.869909 
0.538000 66.551302 1.711025 -21.335978 160.246427 5.019510 69.014777 
0.539000 66.715086 1.716162 -21.265012 159.820737 5.015205 69.157528 
0.540000 66.878203 1.721283 -21.194522 159.395604 5.010908 69.300247 
0.541000 67.041118 1.726412 -21.123264 158.970855 5.006585 69.440870 
0.542000 67.203366 1.731523 -21.052486 158.546655 5.002270 69.581467 
0.543000 67.365413 1.736644 -20.980940 158.122844 4.997929 69.719986 
0.544000 67.526794 1.741746 -20.909879 157.699574 4.993596 69.858487 
0.545000 67.687976 1.746858 -20.838050 157.276700 4.989238 69.994930 
0.546000 67.848492 1.751951 -20.766710 156.854358 4.984888 70.131360 
0.547000 68.008809 1.757054 -20.694601 156.432418 4.980513 70.265751 
0.548000 68.168463 1.762139 -20.622986 156.011001 4.976145 70.400135 
0.549000 68.327918 1.767232 -20.550603 155.589993 4.971754 70.532500 
0.550000 68.486710 1.772308 -20.478717 155.169500 4.967370 70.664863 
0.551000 68.645306 1.777393 -20.406063 154.749420 4.962962 70.795226 
0.552000 68.803238 1.782459 -20.333911 154.329848 4.958562 70.925592 
0.553000 68.960976 1.787535 -20.260991 153.910695 4.954138 71.053977 
0.554000 69.118051 1.792593 -20.188576 153.492041 4.949722 71.182371 
0.555000 69.274932 1.797659 -20.115392 153.073811 4.945282 71.308802 
0.556000 69.431152 1.802708 -20.042719 152.656072 4.940850 71.435246 
0.557000 69.587178 1.807765 -19.969277 152.238764 4.936395 71.559747 
0.558000 69.742545 1.812805 -19.896349 151.821937 4.931948 71.684266 
0.559000 69.897719 1.817853 -19.822652 151.405546 4.927478 71.806859 
0.560000 70.052233 1.822884 -19.749473 150.989629 4.923016 71.929475 
0.561000 70.206556 1.827923 -19.675526 150.574153 4.918531 72.050184 
0.562000 70.360221 1.832944 -19.602100 150.159142 4.914054 72.170919 
0.563000 70.513696 1.837974 -19.527906 149.744578 4.909555 72.289765 
0.564000 70.666513 1.842986 -19.454237 149.330470 4.905064 72.408642 
0.565000 70.819140 1.848007 -19.379799 148.916814 4.900550 72.525648 
0.566000 70.971111 1.853010 -19.305891 148.503607 4.896045 72.642689 
0.567000 71.122893 1.858022 -19.231214 148.090856 4.891518 72.757877 
0.568000 71.274019 1.863015 -19.157070 147.678546 4.886998 72.873102 
0.569000 71.424958 1.868018 -19.082158 147.266697 4.882457 72.986493 
0.570000 71.575242 1.873002 -19.007782 146.855279 4.877924 73.099925 
0.571000 71.725339 1.877995 -18.932638 146.444329 4.873370 73.211539 
0.572000 71.874783 1.882970 -18.858033 146.033802 4.868823 73.323199 
0.573000 72.024040 1.887954 -18.782660 145.623746 4.864256 73.433058 
0.574000 72.172645 1.892920 -18.707832 145.214106 4.859696 73.542965 
0.575000 72.321065 1.897894 -18.632234 144.804941 4.855116 73.651090 
0.576000 72.468833 1.902850 -18.557184 144.396184 4.850543 73.759265 
0.577000 72.616416 1.907815 -18.481365 143.987908 4.845951 73.865675 
0.578000 72.763349 1.912762 -18.406097 143.580030 4.841366 73.972138 
0.579000 72.910098 1.917718 -18.330061 143.172638 4.836761 74.076853 
0.580000 73.056198 1.922656 -18.254579 142.765636 4.832163 74.181624 
0.581000 73.202115 1.927602 -18.178328 142.359124 4.827546 74.284664 
0.582000 73.347383 1.932530 -18.102635 141.952995 4.822936 74.387762 
0.583000 73.492469 1.937467 -18.026173 141.547360 4.818308 74.489146 
0.584000 73.636907 1.942385 -17.950273 141.142099 4.813686 74.590591 
0.585000 73.781164 1.947313 -17.873604 140.737337 4.809046 74.690338 
0.586000 73.924775 1.952222 -17.797500 140.332941 4.804412 74.790148 
0.587000 74.068205 1.957140 -17.720626 139.929048 4.799760 74.888277 
0.588000 74.210989 1.962039 -17.644321 139.525514 4.795115 74.986471 
0.589000 74.353594 1.966948 -17.567247 139.122486 4.790453 75.083001 
0.590000 74.495554 1.971838 -17.490745 138.719808 4.785796 75.179597 
0.591000 74.637335 1.976737 -17.413473 138.317642 4.781123 75.274545 
0.592000 74.778472 1.981617 -17.336776 137.915818 4.776455 75.369562 
0.593000 74.919431 1.986507 -17.259310 137.514509 4.771771 75.462946 
0.594000 75.059748 1.991378 -17.182423 137.113535 4.767093 75.556401 
0.595000 75.199886 1.996258 -17.104765 136.713080 4.762398 75.648240 
0.596000 75.339384 2.001119 -17.027690 136.312951 4.757709 75.740151 
0.597000 75.478704 2.005989 -16.949844 135.913345 4.753004 75.830461 
0.598000 75.617384 2.010841 -16.872584 135.514058 4.748305 75.920846 
0.599000 75.755888 2.015701 -16.794554 135.115298 4.743589 76.009645 
0.600000 75.893752 2.020543 -16.717112 134.716848 4.738880 76.098520 
0.601000 76.031441 2.025394 -16.638900 134.318929 4.734155 76.185826 
0.602000 76.168492 2.030227 -16.561280 133.921313 4.729435 76.273208 
0.603000 76.305367 2.035068 -16.482889 133.524232 4.724701 76.359036 
0.604000 76.441605 2.039891 -16.405093 133.127446 4.719971 76.444943 
0.605000 76.577669 2.044723 -16.326527 132.731199 4.715227 76.529311 
0.606000 76.713097 2.049535 -16.248558 132.335238 4.710488 76.613758 
0.607000 76.848351 2.054357 -16.169819 131.939820 4.705734 76.696681 
0.608000 76.982970 2.059161 -16.091681 131.544680 4.700986 76.779685 
0.609000 77.117415 2.063973 -16.012772 131.150088 4.696223 76.861181 
0.610000 77.251227 2.068766 -15.934467 130.755766 4.691465 76.942758 
0.611000 77.384866 2.073569 -15.855392 130.361994 4.686693 77.022842 
0.612000 77.517873 2.078353 -15.776923 129.968486 4.681927 77.103007 
0.613000 77.650707 2.083146 -15.697683 129.575531 4.677146 77.181695 
0.614000 77.782910 2.087919 -15.619054 129.182832 4.672370 77.260465 
0.615000 77.914941 2.092703 -15.539653 128.790690 4.667581 77.337772 
0.616000 78.046342 2.097467 -15.460865 128.398796 4.662797 77.415162 
0.617000 78.177571 2.102240 -15.381306 128.007463 4.657999 77.491104 
0.618000 78.308171 2.106994 -15.302363 127.616370 4.653206 77.567129 
0.619000 78.438600 2.111758 -15.222648 127.225841 4.648400 77.641721 
0.620000 78.568402 2.116502 -15.143553 126.835545 4.643599 77.716396 
0.621000 78.698033 2.121256 -15.063685 126.445817 4.638785 77.789653 
0.622000 78.827037 2.125990 -14.984440 126.056313 4.633975 77.862994 
0.623000 78.955872 2.130734 -14.904422 125.667381 4.629153 77.934930 
0.624000 79.084080 2.135459 -14.825030 125.278666 4.624335 78.006951 
0.625000 79.212120 2.140193 -14.744865 124.890526 4.619505 78.077582 
0.626000 79.339535 2.144908 -14.665328 124.502596 4.614680 78.148298 
0.627000 79.466780 2.149632 -14.585019 124.115244 4.609842 78.217638 
0.628000 79.593403 2.154337 -14.505340 123.728093 4.605009 78.287063 
0.629000 79.719857 2.159051 -14.424888 123.341524 4.600164 78.355126 
0.630000 79.845689 2.163746 -14.345070 122.955150 4.595323 78.423274 
0.631000 79.971352 2.168451 -14.264479 122.569361 4.590470 78.490075 
0.632000 80.096395 2.173136 -14.184525 122.183758 4.585622 78.556961 
0.633000 80.221270 2.177830 -14.103797 121.798744 4.580762 78.622513 
0.634000 80.345525 2.182505 -14.023708 121.413909 4.575907 78.688150 
0.635000 80.469613 2.187190 -13.942846 121.029666 4.571040 78.752468 
0.636000 80.593082 2.191855 -13.862626 120.645594 4.566177 78.816870 
0.637000 80.716384 2.196530 -13.781633 120.262118 4.561303 78.879968 
0.638000 80.839069 2.201185 -13.701283 119.878805 4.556433 78.943148 
0.639000 80.961587 2.205849 -13.620160 119.496091 4.551553 79.005039 
0.640000 81.083489 2.210495 -13.539684 119.113534 4.546676 79.067012 
0.641000 81.205225 2.215149 -13.458435 118.731578 4.541789 79.127708 
0.642000 81.326346 2.219785 -13.377835 118.349771 4.536906 79.188487 
0.643000 81.447301 2.224429 -13.296461 117.968569 4.532012 79.248003 
0.644000 81.567642 2.229054 -13.215739 117.587509 4.527122 79.307601 
0.645000 81.687817 2.233689 -13.134243 117.207057 4.522222 79.365950 
0.646000 81.807380 2.238304 -13.053402 116.826740 4.517326 79.424380 
0.647000 81.926777 2.242929 -12.971786 116.447033 4.512420 79.481575 
0.648000 82.045563 2.247534 -12.890828 116.067454 4.507517 79.538850 
0.649000 82.164184 2.252149 -12.809096 115.688488 4.502605 79.594904 
0.650000 82.282195 2.256744 -12.728023 115.309643 4.497695 79.651037 
0.651000 82.400041 2.261348 -12.646176 114.931415 4.492777 79.705963 
0.652000 82.517279 2.265934 -12.564990 114.553299 4.487862 79.760967 
0.653000 82.634352 2.270528 -12.483030 114.175804 4.482938 79.814777 
0.654000 82.750817 2.275103 -12.401735 113.798413 4.478017 79.868664 
0.655000 82.867118 2.279687 -12.319665 113.421646 4.473087 79.921371 
0.656000 82.982812 2.284252 -12.238262 113.044977 4.468160 79.974154 
0.657000 83.098343 2.288827 -12.156084 112.668935 4.463225 80.025771 
0.658000 83.213268 2.293382 -12.074576 112.292983 4.458292 80.077463 
0.659000 83.328029 2.297946 -11.992292 111.917661 4.453352 80.128001 
0.660000 83.442187 2.302491 -11.910680 111.542422 4.448414 80.178613 
0.661000 83.556181 2.307045 -11.828292 111.167815 4.443468 80.228086 
0.662000 83.669573 2.311579 -11.746579 110.793284 4.438524 80.277631 
0.663000 83.782800 2.316123 -11.664091 110.419389 4.433573 80.326050 
0.664000 83.895427 2.320648 -11.582278 110.045563 4.428624 80.374541 
0.665000 84.007890 2.325182 -11.499691 109.672376 4.423667 80.421918 
0.666000 84.119754 2.329696 -11.417782 109.299250 4.418713 80.469366 
0.667000 84.231453 2.334220 -11.335097 108.926765 4.413752 80.515714 
0.668000 84.342555 2.338724 -11.253093 108.554335 4.408792 80.562131 
0.669000 84.453493 2.343238 -11.170313 108.182550 4.403826 80.607461 
0.670000 84.563834 2.347732 -11.088216 107.810811 4.398862 80.652859 
0.671000 84.674012 2.352235 -11.005344 107.439720 4.393891 80.697184 
0.672000 84.783594 2.356719 -10.923156 107.068669 4.388922 80.741574 
0.673000 84.893013 2.361212 -10.840193 106.698269 4.383946 80.784905 
0.674000 85.001837 2.365686 -10.757917 106.327901 4.378972 80.828300 
0.675000 85.110499 2.370169 -10.674865 105.958187 4.373992 80.870648 
0.676000 85.218567 2.374633 -10.592502 105.588498 4.369014 80.913060 
0.677000 85.326472 2.379106 -10.509363 105.219465 4.364029 80.954437 
0.678000 85.433785 2.383559 -10.426916 104.850451 4.359046 80.995876 
0.679000 85.540935 2.388022 -10.343692 104.482096 4.354058 81.036295 
0.680000 85.647496 2.392465 -10.261162 104.113752 4.349070 81.076773 
0.681000 85.753892 2.396918 -10.177856 103.746071 4.344077 81.116244 
0.682000 85.859700 2.401351 -10.095245 103.378393 4.339085 81.155773 
0.683000 85.965345 2.405793 -10.011858 103.011381 4.334088 81.194307 
0.684000 86.070402 2.410216 -9.929168 102.644365 4.329092 81.232898 
0.685000 86.175296 2.414648 -9.845702 102.278017 4.324091 81.270508 
0.686000 86.279604 2.419060 -9.762936 101.911659 4.319091 81.308172 
0.687000 86.383749 2.423482 -9.679392 101.545972 4.314086 81.344868 
0.688000 86.487309 2.427884 -9.596551 101.180267 4.309082 81.381616 
0.689000 86.590705 2.432296 -9.512932 100.815236 4.304074 81.417410 
0.690000 86.693519 2.436688 -9.430018 100.450181 4.299065 81.453254 
0.691000 86.796169 2.441089 -9.346326 100.085801 4.294053 81.488156 
0.692000 86.898237 2.445471 -9.263340 99.721391 4.289041 81.523108 
0.693000 87.000141 2.449862 -9.179576 99.357659 4.284026 81.557129 
0.694000 87.101465 2.454234 -9.096521 98.993889 4.279010 81.591199 
0.695000 87.202626 2.458615 -9.012688 98.630800 4.273991 81.624351 
0.696000 87.303207 2.462976 -8.929565 98.267666 4.268972 81.657550 
0.697000 87.403625 2.467347 -8.845664 97.905216 4.263949 81.689844 
0.698000 87.503465 2.471698 -8.762474 97.542714 4.258927 81.722183 
0.699000 87.603141 2.476058 -8.678507 97.180899 4.253901 81.753630 
