0.000000 -55.979958 -0.563243 7.369992 155.678040 1.412967 -164.243730 
0.001000 -55.820744 -0.561798 7.202017 156.107588 1.418789 -164.298155 
0.002000 -55.660652 -0.560341 7.033932 156.540701 1.424698 -164.350544 
0.003000 -55.500552 -0.558884 6.865851 156.973840 1.430608 -164.402903 
0.004000 -55.339574 -0.557415 6.697658 157.410555 1.436605 -164.453194 
0.005000 -55.178581 -0.555946 6.529474 157.847323 1.442604 -164.503423 
0.006000 -55.016709 -0.554464 6.361179 158.287677 1.448692 -164.551549 
0.007000 -54.854815 -0.552983 6.192897 158.728111 1.454782 -164.599581 
0.008000 -54.692043 -0.551489 6.024503 159.172143 1.460962 -164.645475 
0.009000 -54.529241 -0.549994 5.856127 159.616280 1.467145 -164.691241 
0.010000 -54.365560 -0.548488 5.687640 160.064026 1.473418 -164.734834 
0.011000 -54.201842 -0.546981 5.519174 160.511905 1.479695 -164.778264 
0.012000 -54.037245 -0.545461 5.350598 160.963402 1.486063 -164.819483 
0.013000 -53.872603 -0.543941 5.182048 161.415059 1.492437 -164.860503 
0.014000 -53.707082 -0.542409 5.013388 161.870346 1.498902 -164.899274 
0.015000 -53.541510 -0.540875 4.844759 162.325819 1.505374 -164.937810 
0.016000 -53.375057 -0.539330 4.676021 162.784933 1.511938 -164.974057 
0.017000 -53.208545 -0.537783 4.507317 163.244259 1.518509 -165.010030 
0.018000 -53.041153 -0.536224 4.338505 163.707236 1.525173 -165.043675 
0.019000 -52.873695 -0.534663 4.169733 164.170452 1.531846 -165.077006 
0.020000 -52.705355 -0.533090 4.000853 164.637329 1.538613 -165.107966 
0.021000 -52.536942 -0.531516 3.832017 165.104472 1.545389 -165.138571 
0.022000 -52.367646 -0.529929 3.663074 165.575286 1.552260 -165.166764 
0.023000 -52.198270 -0.528341 3.494181 166.046393 1.559142 -165.194558 
0.024000 -52.028011 -0.526740 3.325181 166.521181 1.566119 -165.219896 
0.025000 -51.857663 -0.525137 3.156236 166.996287 1.573107 -165.244791 
0.026000 -51.686433 -0.523522 2.987185 167.475085 1.580192 -165.267184 
0.027000 -51.515106 -0.521905 2.818195 167.954227 1.587290 -165.289088 
0.028000 -51.342895 -0.520276 2.649099 168.437069 1.594485 -165.308442 
0.029000 -51.170580 -0.518644 2.480069 168.920282 1.601695 -165.327259 
0.030000 -50.997381 -0.517000 2.310935 169.407205 1.609002 -165.343477 
0.031000 -50.824071 -0.515353 2.141871 169.894523 1.616324 -165.359105 
0.032000 -50.649875 -0.513694 1.972705 170.385560 1.623745 -165.372084 
0.033000 -50.475560 -0.512031 1.803615 170.877019 1.631183 -165.384416 
0.034000 -50.300359 -0.510357 1.634424 171.372204 1.638720 -165.394041 
0.035000 -50.125031 -0.508680 1.465314 171.867835 1.646275 -165.402959 
0.036000 -49.948816 -0.506990 1.296105 172.367201 1.653931 -165.409104 
0.037000 -49.772467 -0.505297 1.126982 172.867037 1.661605 -165.414465 
0.038000 -49.595230 -0.503591 0.957762 173.370614 1.669381 -165.416968 
0.039000 -49.417851 -0.501882 0.788634 173.874684 1.677177 -165.418578 
0.040000 -49.239582 -0.500161 0.619411 174.382500 1.685076 -165.417186 
0.041000 -49.061164 -0.498435 0.450286 174.890830 1.692996 -165.414686 
0.042000 -48.881856 -0.496698 0.281067 175.402906 1.701019 -165.408835 
0.043000 -48.702391 -0.494956 0.111955 175.915509 1.709064 -165.401246 
0.044000 -48.522035 -0.493202 -0.057248 176.431842 1.717214 -165.389196 
0.045000 -48.341513 -0.491444 -0.226336 176.948691 1.725386 -165.373901 
0.046000 -48.160099 -0.489673 -0.395508 177.469226 1.733663 -165.353464 
0.047000 -47.978513 -0.487897 -0.564554 177.990250 1.741963 -165.330695 
0.048000 -47.796034 -0.486110 -0.733679 178.514931 1.750369 -165.304038 
0.049000 -47.613374 -0.484317 -0.902671 179.040101 1.758798 -165.275824 
0.050000 -47.429821 -0.482512 -1.071739 179.568915 1.767334 -165.244110 
0.051000 -47.246080 -0.480702 -1.240665 180.098226 1.775895 -165.211007 
0.052000 -47.061444 -0.478880 -1.409665 180.631175 1.784562 -165.174473 
0.053000 -46.876612 -0.477052 -1.578517 181.164632 1.793256 -165.136558 
0.054000 -46.690885 -0.475212 -1.747440 181.701719 1.802058 -165.095194 
0.055000 -46.504955 -0.473366 -1.916207 182.239324 1.810887 -165.052410 
0.056000 -46.318128 -0.471508 -2.085042 182.780554 1.819825 -165.006132 
0.057000 -46.131091 -0.469644 -2.253715 183.322311 1.828792 -164.958375 
0.058000 -45.943156 -0.467767 -2.422452 183.867684 1.837868 -164.907068 
0.059000 -45.755004 -0.465885 -2.591020 184.413593 1.846975 -164.854213 
0.060000 -45.565952 -0.463989 -2.759649 184.963109 1.856191 -164.797747 
0.061000 -45.376676 -0.462088 -2.928101 185.513167 1.865440 -164.739660 
0.062000 -45.186499 -0.460174 -3.096611 186.066822 1.874799 -164.677894 
0.063000 -44.996090 -0.458253 -3.264937 186.621025 1.884191 -164.614432 
0.064000 -44.804780 -0.456320 -3.433317 187.178813 1.893695 -164.547222 
0.065000 -44.613230 -0.454380 -3.601506 187.737153 1.903234 -164.478236 
0.066000 -44.420778 -0.452427 -3.769745 188.299064 1.912885 -164.405430 
0.067000 -44.228079 -0.450467 -3.937785 188.861530 1.922571 -164.330767 
0.068000 -44.034476 -0.448494 -4.105871 189.427551 1.932371 -164.252211 
0.069000 -43.840619 -0.446515 -4.273750 189.994126 1.942209 -164.171712 
0.070000 -43.645857 -0.444522 -4.441672 190.564240 1.952160 -164.087245 
0.071000 -43.450834 -0.442522 -4.609378 191.134907 1.962150 -164.000748 
0.072000 -43.254905 -0.440508 -4.777123 191.709093 1.972255 -163.910207 
0.073000 -43.058708 -0.438487 -4.944644 192.283828 1.982400 -163.817547 
0.074000 -42.861603 -0.436453 -5.112200 192.862062 1.992660 -163.720764 
0.075000 -42.664223 -0.434412 -5.279523 193.440838 2.002962 -163.621771 
0.076000 -42.465935 -0.432356 -5.446876 194.023090 2.013380 -163.518574 
0.077000 -42.267364 -0.430293 -5.613988 194.605876 2.023841 -163.413074 
0.078000 -42.067883 -0.428217 -5.781125 195.192111 2.034419 -163.303288 
0.079000 -41.868113 -0.426132 -5.948012 195.778870 2.045041 -163.191104 
0.080000 -41.667432 -0.424034 -6.114920 196.369050 2.055782 -163.074551 
0.081000 -41.466455 -0.421927 -6.281569 196.959739 2.066567 -162.955501 
0.082000 -41.264566 -0.419807 -6.448233 197.553820 2.077471 -162.831997 
0.083000 -41.062373 -0.417678 -6.614629 198.148393 2.088422 -162.705898 
0.084000 -40.859268 -0.415535 -6.781036 198.746325 2.099493 -162.575258 
0.085000 -40.655853 -0.413384 -6.947165 199.344729 2.110611 -162.441921 
0.086000 -40.451524 -0.411218 -7.113298 199.946455 2.121850 -162.303955 
0.087000 -40.246878 -0.409043 -7.279145 200.548632 2.133137 -162.163188 
0.088000 -40.041317 -0.406855 -7.444991 201.154092 2.144546 -162.017703 
0.089000 -39.835432 -0.404657 -7.610540 201.759975 2.156005 -161.869313 
0.090000 -39.628632 -0.402445 -7.776082 202.369101 2.167586 -161.716113 
0.091000 -39.421501 -0.400223 -7.941318 202.978620 2.179218 -161.559901 
0.092000 -39.213455 -0.397988 -8.106541 203.591335 2.190973 -161.398787 
0.093000 -39.005071 -0.395742 -8.271447 204.204411 2.202780 -161.234551 
0.094000 -38.795770 -0.393482 -8.436334 204.820635 2.214711 -161.065321 
0.095000 -38.586126 -0.391212 -8.600894 205.437183 2.226695 -160.892859 
0.096000 -38.375564 -0.388927 -8.765428 206.056825 2.238803 -160.715307 
0.097000 -38.164652 -0.386633 -8.929625 206.676751 2.250966 -160.534411 
0.098000 -37.952822 -0.384323 -9.093789 207.299715 2.263253 -160.348330 
0.099000 -37.740636 -0.382003 -9.257605 207.922917 2.275596 -160.158791 
0.100000 -37.527532 -0.379669 -9.421382 208.549098 2.288064 -159.963971 
0.101000 -37.314065 -0.377323 -9.584800 209.175467 2.300588 -159.765577 
0.102000 -37.099679 -0.374963 -9.748170 209.804751 2.313239 -159.561806 
0.103000 -36.884925 -0.372592 -9.911171 210.434168 2.325946 -159.354344 
0.104000 -36.669252 -0.370205 -10.074117 211.066433 2.338780 -159.141407 
0.105000 -36.453205 -0.367808 -10.236683 211.698771 2.351672 -158.924662 
0.106000 -36.236238 -0.365395 -10.399186 212.333886 2.364691 -158.702343 
0.107000 -36.018892 -0.362971 -10.561297 212.969008 2.377768 -158.476097 
0.108000 -35.800626 -0.360532 -10.723336 213.606831 2.390973 -158.244179 
0.109000 -35.581975 -0.358080 -10.884973 214.244592 2.404237 -158.008214 
0.110000 -35.362405 -0.355614 -11.046530 214.884972 2.417629 -157.766478 
0.111000 -35.142444 -0.353135 -11.207672 215.525215 2.431080 -157.520576 
0.112000 -34.921564 -0.350641 -11.368727 216.167990 2.444660 -157.268803 
0.113000 -34.700289 -0.348135 -11.529354 216.810550 2.458300 -157.012744 
0.114000 -34.478095 -0.345613 -11.689884 217.455549 2.472068 -156.750715 
0.115000 -34.255500 -0.343079 -11.849976 218.100246 2.485897 -156.484280 
0.116000 -34.031987 -0.340528 -12.009961 218.747288 2.499854 -156.211775 
0.117000 -33.808069 -0.337965 -12.169495 219.393934 2.513873 -155.934744 
0.118000 -33.583234 -0.335386 -12.328914 220.042823 2.528019 -155.651546 
0.119000 -33.357988 -0.332794 -12.487868 220.691220 2.542228 -155.363700 
0.120000 -33.131826 -0.330187 -12.646699 221.341752 2.556563 -155.069591 
0.121000 -32.905250 -0.327565 -12.805052 221.991686 2.570962 -154.770714 
0.122000 -32.677759 -0.324928 -12.963270 222.643643 2.585487 -154.465478 
0.123000 -32.449849 -0.322277 -13.120999 223.294892 2.600075 -154.155356 
0.124000 -32.221026 -0.319610 -13.278584 223.948045 2.614789 -153.838780 
0.125000 -31.991781 -0.316928 -13.435665 224.600372 2.629566 -153.517199 
0.126000 -31.761623 -0.314231 -13.592591 225.254480 2.644470 -153.189072 
0.127000 -31.531040 -0.311519 -13.749001 225.907638 2.659435 -152.855825 
0.128000 -31.299546 -0.308791 -13.905246 226.562446 2.674527 -152.515940 
0.129000 -31.067623 -0.306049 -14.060961 227.216172 2.689680 -152.170820 
0.130000 -30.834793 -0.303290 -14.216500 227.871413 2.704959 -151.818974 
0.131000 -30.601530 -0.300516 -14.371495 228.525435 2.720298 -151.461782 
0.132000 -30.367361 -0.297726 -14.526304 229.180829 2.735763 -151.097778 
0.133000 -30.132758 -0.294920 -14.680554 229.834858 2.751288 -150.728318 
0.134000 -29.897252 -0.292098 -14.834607 230.490112 2.766936 -150.351962 
0.135000 -29.661307 -0.289261 -14.988088 231.143850 2.782645 -149.970045 
0.136000 -29.424464 -0.286406 -15.141360 231.798657 2.798475 -149.581154 
0.137000 -29.187181 -0.283537 -15.294045 232.451788 2.814366 -149.186598 
0.138000 -28.949002 -0.280650 -15.446510 233.105829 2.830377 -148.784992 
0.139000 -28.710381 -0.277747 -15.598373 233.758028 2.846446 -148.377623 
0.140000 -28.470867 -0.274828 -15.750005 234.410970 2.862634 -147.963132 
0.141000 -28.230911 -0.271892 -15.901021 235.061896 2.878880 -147.542784 
0.142000 -27.990066 -0.268939 -16.051792 235.713393 2.895244 -147.115247 
0.143000 -27.748777 -0.265970 -16.201934 236.362692 2.911663 -146.681765 
0.144000 -27.506604 -0.262984 -16.351819 237.012384 2.928198 -146.241032 
0.145000 -27.263986 -0.259981 -16.501059 237.659692 2.944787 -145.794269 
0.146000 -27.020489 -0.256960 -16.650030 238.307207 2.961491 -145.340200 
0.147000 -26.776546 -0.253923 -16.798341 238.952144 2.978247 -144.880023 
0.148000 -26.531731 -0.250868 -16.946371 239.597098 2.995114 -144.412490 
0.149000 -26.286469 -0.247797 -17.093726 240.239271 3.012032 -143.938778 
0.150000 -26.040339 -0.244708 -17.240787 240.881266 3.029060 -143.457666 
0.151000 -25.793764 -0.241601 -17.387158 241.520273 3.046136 -142.970310 
0.152000 -25.546328 -0.238477 -17.533222 242.158901 3.063319 -142.475518 
0.153000 -25.298447 -0.235335 -17.678581 242.794325 3.080548 -141.974425 
0.154000 -25.049710 -0.232176 -17.823620 243.429165 3.097881 -141.465867 
0.155000 -24.800531 -0.228999 -17.967938 244.060580 3.115257 -140.950959 
0.156000 -24.550503 -0.225804 -18.111924 244.691200 3.132735 -140.428566 
0.157000 -24.300033 -0.222591 -18.255174 245.318170 3.150253 -139.899781 
0.158000 -24.048723 -0.219360 -18.398079 245.944128 3.167870 -139.363498 
0.159000 -23.796973 -0.216111 -18.540232 246.566204 3.185524 -138.820793 
0.160000 -23.544391 -0.212844 -18.682026 247.187050 3.203274 -138.270585 
0.161000 -23.291371 -0.209559 -18.823054 247.803776 3.221057 -137.713934 
0.162000 -23.037527 -0.206256 -18.963710 248.419049 3.238932 -137.149785 
0.163000 -22.783248 -0.202934 -19.103583 249.029961 3.256838 -136.579181 
0.164000 -22.528155 -0.199594 -19.243072 249.639193 3.274832 -136.001094 
0.165000 -22.272630 -0.196236 -19.381763 250.243819 3.292853 -135.416550 
0.166000 -22.016300 -0.192859 -19.520056 250.846535 3.310957 -134.824549 
0.167000 -21.759543 -0.189464 -19.657537 251.444396 3.329085 -134.226102 
0.168000 -21.501990 -0.186050 -19.794606 252.040116 3.347294 -133.620232 
0.169000 -21.244014 -0.182617 -19.930847 252.630730 3.365521 -133.007936 
0.170000 -20.985253 -0.179166 -20.066663 253.218968 3.383823 -132.388264 
0.171000 -20.726074 -0.175696 -20.201637 253.801846 3.402141 -131.762201 
0.172000 -20.466120 -0.172207 -20.336173 254.382115 3.420530 -131.128817 
0.173000 -20.205754 -0.168699 -20.469851 254.956767 3.438929 -130.489087 
0.174000 -19.944625 -0.165173 -20.603078 255.528575 3.457395 -129.842106 
0.175000 -19.683090 -0.161627 -20.735433 256.094510 3.475866 -129.188836 
0.176000 -19.420803 -0.158063 -20.867324 256.657366 3.494399 -128.528395 
0.177000 -19.158117 -0.154480 -20.998328 257.214092 3.512932 -127.861735 
0.178000 -18.894691 -0.150878 -21.128856 257.767507 3.531523 -127.187996 
0.179000 -18.630873 -0.147256 -21.258482 258.314534 3.550109 -126.508121 
0.180000 -18.366329 -0.143616 -21.387619 258.858019 3.568747 -125.821270 
0.181000 -18.101398 -0.139957 -21.515840 259.394861 3.587375 -125.128381 
0.182000 -17.835756 -0.136279 -21.643559 259.927931 3.606050 -124.428630 
0.183000 -17.569735 -0.132581 -21.770349 260.454106 3.624709 -123.722951 
0.184000 -17.303017 -0.128865 -21.896625 260.976284 3.643410 -123.010537 
0.185000 -17.035928 -0.125129 -22.021958 261.491315 3.662089 -122.292317 
0.186000 -16.768156 -0.121374 -22.146765 262.002129 3.680805 -121.567502 
0.187000 -16.500023 -0.117600 -22.270615 262.505550 3.699493 -120.837016 
0.188000 -16.231221 -0.113807 -22.393928 263.004536 3.718212 -120.100086 
0.189000 -15.962067 -0.109994 -22.516271 263.495889 3.736899 -119.357635 
0.190000 -15.692260 -0.106164 -22.638065 263.982596 3.755610 -118.608901 
0.191000 -15.422110 -0.102313 -22.758876 264.461434 3.774282 -117.854807 
0.192000 -15.151324 -0.098444 -22.879128 264.935422 3.792973 -117.094604 
0.193000 -14.880205 -0.094554 -22.998384 265.401311 3.811620 -116.329217 
0.194000 -14.608466 -0.090647 -23.117071 265.862153 3.830280 -115.557904 
0.195000 -14.336404 -0.086720 -23.234749 266.314676 3.848888 -114.781593 
0.196000 -14.063739 -0.082775 -23.351848 266.761962 3.867504 -113.999551 
0.197000 -13.790763 -0.078809 -23.467927 267.200714 3.886063 -113.212710 
0.198000 -13.517201 -0.074826 -23.583416 267.634049 3.904624 -112.420342 
0.199000 -13.243337 -0.070823 -23.697874 268.058647 3.923121 -111.623386 
0.200000 -12.968907 -0.066801 -23.811733 268.477657 3.941614 -110.821118 
0.201000 -12.694187 -0.062760 -23.924550 268.887734 3.960036 -110.014482 
0.202000 -12.418917 -0.058701 -24.036759 269.292063 3.978450 -109.202757 
0.203000 -12.143370 -0.054623 -24.147916 269.687275 3.996786 -108.386895 
0.204000 -11.867292 -0.050526 -24.258456 270.076588 4.015108 -107.566177 
0.205000 -11.590949 -0.046410 -24.367935 270.456612 4.033346 -106.741562 
0.206000 -11.314094 -0.042276 -24.476788 270.830598 4.051564 -105.912330 
0.207000 -11.036985 -0.038123 -24.584570 271.195134 4.069692 -105.079453 
0.208000 -10.759385 -0.033952 -24.691720 271.553505 4.087794 -104.242204 
0.209000 -10.481543 -0.029762 -24.797790 271.902278 4.105801 -103.401567 
0.210000 -10.203229 -0.025554 -24.903220 272.244770 4.123775 -102.556811 
0.211000 -9.924687 -0.021327 -25.007562 272.577529 4.141649 -101.708934 
0.212000 -9.645693 -0.017083 -25.111258 272.903905 4.159484 -100.857194 
0.213000 -9.366483 -0.012819 -25.213858 273.220425 4.177213 -100.002606 
0.214000 -9.086841 -0.008539 -25.315806 273.530474 4.194898 -99.144418 
0.215000 -8.806997 -0.004238 -25.416650 273.830558 4.212471 -98.283658 
0.216000 -8.526741 0.000078 -25.516838 274.124095 4.229995 -97.419564 
0.217000 -8.246297 0.004414 -25.615915 274.407573 4.247401 -96.553182 
0.218000 -7.965461 0.008766 -25.714330 274.684441 4.264754 -95.683734 
0.219000 -7.684451 0.013137 -25.811628 274.951170 4.281982 -94.812284 
0.220000 -7.403069 0.017524 -25.908261 275.211241 4.299152 -93.938039 
0.221000 -7.121527 0.021931 -26.003771 275.461106 4.316193 -93.062081 
0.222000 -6.839635 0.026352 -26.098613 275.704278 4.333171 -92.183601 
0.223000 -6.557595 0.030794 -26.192326 275.937193 4.350015 -91.303697 
0.224000 -6.275226 0.035250 -26.285368 276.163393 4.366791 -90.421544 
0.225000 -5.992723 0.039726 -26.377277 276.379300 4.383428 -89.538259 
0.226000 -5.709913 0.044216 -26.468511 276.588482 4.399993 -88.652996 
0.227000 -5.426982 0.048725 -26.558609 276.787350 4.416414 -87.766894 
0.228000 -5.143765 0.053249 -26.648032 276.979498 4.432760 -86.879082 
0.229000 -4.860442 0.057792 -26.736314 277.161323 4.448957 -85.990723 
0.230000 -4.576853 0.062349 -26.823919 277.336446 4.465074 -85.100922 
0.231000 -4.293171 0.066925 -26.910382 277.501252 4.481039 -84.210863 
0.232000 -4.009245 0.071515 -26.996166 277.659387 4.496920 -83.319626 
0.233000 -3.725240 0.076123 -27.080806 277.807224 4.512645 -82.428418 
0.234000 -3.441011 0.080745 -27.164768 277.948434 4.528284 -81.536292 
0.235000 -3.156717 0.085386 -27.247582 278.079379 4.543761 -80.644479 
0.236000 -2.872221 0.090039 -27.329720 278.203751 4.559150 -79.752002 
0.237000 -2.587673 0.094711 -27.410709 278.317904 4.574374 -78.860119 
0.238000 -2.302943 0.099396 -27.491022 278.425550 4.589507 -77.967822 
0.239000 -2.018174 0.104099 -27.570186 278.523038 4.604472 -77.076392 
0.240000 -1.733245 0.108814 -27.648676 278.614094 4.619342 -76.184794 
0.241000 -1.448290 0.113547 -27.726016 278.695063 4.634042 -75.294331 
0.242000 -1.163195 0.118293 -27.802685 278.769689 4.648645 -74.403937 
0.243000 -0.878088 0.123056 -27.878204 278.834309 4.663075 -73.514942 
0.244000 -0.592861 0.127830 -27.953054 278.892683 4.677406 -72.626246 
0.245000 -0.307634 0.132623 -28.026755 278.941145 4.691561 -71.739204 
0.246000 -0.022308 0.137427 -28.099791 278.983468 4.705616 -70.852684 
0.247000 0.263006 0.142248 -28.171679 279.015982 4.719493 -69.968067 
0.248000 0.548398 0.147080 -28.242906 279.042471 4.733268 -69.084187 
0.249000 0.833766 0.151929 -28.312985 279.059265 4.746864 -68.202451 
0.250000 1.119193 0.156789 -28.382409 279.070158 4.760356 -67.321658 
0.251000 1.404583 0.161666 -28.450687 279.071478 4.773666 -66.443243 
0.252000 1.690012 0.166554 -28.518313 279.067027 4.786872 -65.565967 
0.253000 1.975393 0.171457 -28.584797 279.053134 4.799896 -64.691293 
0.254000 2.260794 0.176371 -28.650634 279.033606 4.812814 -63.817949 
0.255000 2.546135 0.181302 -28.715332 279.004775 4.825548 -62.947421 
0.256000 2.831478 0.186242 -28.779389 278.970452 4.838177 -62.078403 
0.257000 3.116748 0.191198 -28.842309 278.926972 4.850621 -61.212407 
0.258000 3.402002 0.196163 -28.904594 278.878147 4.862958 -60.348092 
0.259000 3.687172 0.201145 -28.965746 278.820317 4.875111 -59.486996 
0.260000 3.972307 0.206135 -29.026270 278.757295 4.887157 -58.627742 
0.261000 4.257349 0.211141 -29.085665 278.685425 4.899017 -57.771894 
0.262000 4.542337 0.216156 -29.144438 278.608521 4.910771 -56.918041 
0.263000 4.827222 0.221186 -29.202086 278.522931 4.922338 -56.067772 
0.264000 5.112035 0.226224 -29.259120 278.432467 4.933801 -55.219640 
0.265000 5.396735 0.231277 -29.315034 278.333485 4.945076 -54.375261 
0.266000 5.681345 0.236339 -29.370341 278.229790 4.956247 -53.533152 
0.267000 5.965832 0.241415 -29.424532 278.117749 4.967231 -52.694956 
0.268000 6.250214 0.246499 -29.478124 278.001161 4.978111 -51.859153 
0.269000 6.534463 0.251597 -29.530606 277.876400 4.988805 -51.027411 
0.270000 6.818589 0.256703 -29.582497 277.747258 4.999395 -50.198179 
0.271000 7.102574 0.261823 -29.633282 277.610121 5.009800 -49.373148 
0.272000 7.386419 0.266950 -29.683486 277.468771 5.020102 -48.550733 
0.273000 7.670115 0.272091 -29.732589 277.319604 5.030219 -47.732649 
0.274000 7.953656 0.277239 -29.781120 277.166393 5.040235 -46.917278 
0.275000 8.237038 0.282401 -29.828555 277.005545 5.050067 -46.106360 
0.276000 8.520250 0.287569 -29.875427 276.840822 5.059799 -45.298243 
0.277000 8.803295 0.292750 -29.921209 276.668643 5.069348 -44.494693 
0.278000 9.086154 0.297937 -29.966437 276.492757 5.078797 -43.694023 
0.279000 9.368840 0.303139 -30.010582 276.309598 5.088066 -42.898024 
0.280000 9.651325 0.308345 -30.054182 276.122899 5.097236 -42.104978 
0.281000 9.933629 0.313565 -30.096704 275.929109 5.106227 -41.316696 
0.282000 10.215717 0.318789 -30.138692 275.731947 5.115121 -40.531433 
0.283000 10.497617 0.324027 -30.179608 275.527873 5.123837 -39.751021 
0.284000 10.779288 0.329270 -30.220000 275.320594 5.132458 -38.973683 
0.285000 11.060765 0.334525 -30.259326 275.106584 5.140902 -38.201276 
0.286000 11.341998 0.339785 -30.298138 274.889532 5.149253 -37.431993 
0.287000 11.623031 0.345058 -30.335890 274.665930 5.157429 -36.667710 
0.288000 11.903806 0.350334 -30.373139 274.439446 5.165514 -35.906594 
0.289000 12.184376 0.355623 -30.409335 274.206591 5.173425 -35.150543 
0.290000 12.464675 0.360916 -30.445037 273.971013 5.181247 -34.397693 
0.291000 12.744763 0.366221 -30.479692 273.729241 5.188897 -33.649964 
0.292000 13.024568 0.371529 -30.513865 273.484904 5.196460 -32.905466 
0.293000 13.304155 0.376850 -30.546998 273.234546 5.203853 -32.166138 
0.294000 13.583448 0.382173 -30.579658 272.981777 5.211160 -31.430063 
0.295000 13.862519 0.387509 -30.611286 272.723160 5.218300 -30.699201 
0.296000 14.141283 0.392847 -30.642451 272.462283 5.225357 -29.971611 
0.297000 14.419820 0.398197 -30.672591 272.195729 5.232247 -29.249268 
0.298000 14.698039 0.403549 -30.702278 271.927062 5.239056 -28.530210 
0.299000 14.976026 0.408913 -30.730947 271.652885 5.245702 -27.816428 
0.300000 15.253684 0.414279 -30.759175 271.376740 5.252268 -27.105938 
0.301000 15.531107 0.419656 -30.786390 271.095250 5.258673 -26.400749 
0.302000 15.808189 0.425035 -30.813176 270.811934 5.265001 -25.698852 
0.303000 16.085032 0.430426 -30.838955 270.523434 5.271169 -25.002276 
0.304000 16.361524 0.435817 -30.864316 270.233245 5.277262 -24.308990 
0.305000 16.637774 0.441220 -30.888677 269.938032 5.283198 -23.621037 
0.306000 16.913662 0.446623 -30.912631 269.641263 5.289061 -22.936366 
0.307000 17.189304 0.452038 -30.935592 269.339627 5.294770 -22.257038 
0.308000 17.464576 0.457453 -30.958156 269.036565 5.300407 -21.580981 
0.309000 17.739598 0.462880 -30.979734 268.728787 5.305892 -20.910270 
0.310000 18.014240 0.468306 -31.000926 268.419711 5.311308 -20.242816 
0.311000 18.288631 0.473744 -31.021139 268.106068 5.316574 -19.580707 
0.312000 18.562631 0.479181 -31.040977 267.791250 5.321773 -18.921837 
0.313000 18.836377 0.484629 -31.059843 267.472010 5.326824 -18.268306 
0.314000 19.109725 0.490076 -31.078344 267.151715 5.331811 -17.617993 
0.315000 19.382816 0.495535 -31.095879 266.827140 5.336652 -16.973011 
0.316000 19.655499 0.500992 -31.113061 266.501625 5.341431 -16.331222 
0.317000 19.927925 0.506460 -31.129283 266.171970 5.346066 -15.694752 
0.318000 20.199934 0.511927 -31.145163 265.841486 5.350641 -15.061448 
0.319000 20.471684 0.517405 -31.160090 265.506996 5.355075 -14.433447 
0.320000 20.743008 0.522881 -31.174686 265.171787 5.359450 -13.808582 
0.321000 21.014072 0.528367 -31.188335 264.832703 5.363687 -13.189001 
0.322000 21.284704 0.533852 -31.201663 264.493004 5.367868 -12.572524 
0.323000 21.555073 0.539346 -31.214051 264.149559 5.371912 -11.961310 
0.324000 21.825002 0.544839 -31.226129 263.805600 5.375902 -11.353166 
0.325000 22.094667 0.550342 -31.237273 263.458019 5.379758 -10.750260 
0.326000 22.363885 0.555843 -31.248117 263.110020 5.383561 -10.150387 
0.327000 22.632839 0.561354 -31.258035 262.758522 5.387233 -9.555725 
0.328000 22.901338 0.566862 -31.267663 262.406699 5.390855 -8.964060 
0.329000 23.169572 0.572381 -31.276370 262.051494 5.394346 -8.377576 
0.330000 23.437344 0.577896 -31.284799 261.696056 5.397790 -7.794049 
0.331000 23.704851 0.583422 -31.292312 261.337349 5.401105 -7.215672 
0.332000 23.971890 0.588944 -31.299558 260.978496 5.404375 -6.640211 
0.333000 24.238663 0.594476 -31.305894 260.616484 5.407519 -6.069867 
0.334000 24.504961 0.600004 -31.311973 260.254410 5.410619 -5.502397 
0.335000 24.770994 0.605543 -31.317149 259.889285 5.413596 -4.940008 
0.336000 25.036545 0.611078 -31.322078 259.524179 5.416530 -4.380451 
0.337000 25.301831 0.616622 -31.326109 259.156125 5.419343 -3.825938 
0.338000 25.566629 0.622162 -31.329903 258.788166 5.422116 -3.274213 
0.339000 25.831162 0.627712 -31.332806 258.417361 5.424769 -2.727493 
0.340000 26.095202 0.633258 -31.335482 258.046725 5.427384 -2.183517 
0.341000 26.358978 0.638814 -31.337272 257.673341 5.429881 -1.644506 
0.342000 26.622254 0.644365 -31.338846 257.300196 5.432342 -1.108194 
0.343000 26.885266 0.649925 -31.339539 256.924398 5.434688 -0.576806 
0.344000 27.147773 0.655481 -31.340026 256.548907 5.436998 -0.048071 
0.345000 27.410017 0.661046 -31.339637 256.170854 5.439196 0.475782 
0.346000 27.671751 0.666606 -31.339053 255.793174 5.441359 0.997028 
0.347000 27.933223 0.672176 -31.337598 255.413020 5.443412 1.513435 
0.348000 28.194179 0.677741 -31.335957 255.033300 5.445433 2.027282 
0.349000 28.454874 0.683314 -31.333451 254.651193 5.447345 2.536334 
0.350000 28.715049 0.688883 -31.330769 254.269580 5.449227 3.042872 
0.351000 28.974963 0.694460 -31.327227 253.885662 5.451001 3.544660 
0.352000 29.234353 0.700032 -31.323519 253.502294 5.452747 4.043982 
0.353000 29.493483 0.705613 -31.318956 253.116702 5.454388 4.538598 
0.354000 29.752084 0.711189 -31.314235 252.731714 5.456001 5.030795 
0.355000 30.010426 0.716773 -31.308665 252.344579 5.457511 5.518333 
0.356000 30.268236 0.722352 -31.302948 251.958100 5.458995 6.003498 
0.357000 30.525788 0.727939 -31.296386 251.569548 5.460378 6.484051 
0.358000 30.782802 0.733521 -31.289685 251.181703 5.461737 6.962278 
0.359000 31.039561 0.739111 -31.282145 250.791856 5.462995 7.435938 
0.360000 31.295778 0.744695 -31.274476 250.402762 5.464231 7.907320 
0.361000 31.551741 0.750287 -31.265971 250.011737 5.465369 8.374183 
0.362000 31.807158 0.755874 -31.257347 249.621509 5.466486 8.838814 
0.363000 32.062323 0.761469 -31.247892 249.229418 5.467506 9.298972 
0.364000 32.316938 0.767057 -31.238327 248.838166 5.468507 9.756945 
0.365000 32.571302 0.772654 -31.227935 248.445116 5.469412 10.210494 
0.366000 32.825114 0.778244 -31.217442 248.052945 5.470299 10.661903 
0.367000 33.078676 0.783843 -31.206127 247.659039 5.471093 11.108935 
0.368000 33.331682 0.789435 -31.194719 247.266051 5.471870 11.553872 
0.369000 33.584440 0.795036 -31.182494 246.871387 5.472555 11.994481 
0.370000 33.836638 0.800629 -31.170186 246.477678 5.473225 12.433041 
0.371000 34.088591 0.806231 -31.157063 246.082351 5.473804 12.867319 
0.372000 34.339981 0.811825 -31.143866 245.688014 5.474368 13.299593 
0.373000 34.591127 0.817428 -31.129860 245.292115 5.474845 13.727633 
0.374000 34.841708 0.823023 -31.115788 244.897239 5.475307 14.153714 
0.375000 35.092046 0.828627 -31.100910 244.500855 5.475683 14.575608 
0.376000 35.341816 0.834223 -31.085974 244.105524 5.476046 14.995587 
0.377000 35.591346 0.839828 -31.070237 243.708738 5.476324 15.411426 
0.378000 35.840303 0.845425 -31.054451 243.313035 5.476591 15.825394 
0.379000 36.089024 0.851030 -31.037868 242.915927 5.476774 16.235269 
0.380000 36.337169 0.856627 -31.021243 242.519929 5.476946 16.643315 
0.381000 36.585080 0.862233 -31.003825 242.122575 5.477036 17.047316 
0.382000 36.832413 0.867830 -30.986374 241.726357 5.477117 17.449530 
0.383000 37.079513 0.873436 -30.968133 241.328830 5.477117 17.847746 
0.384000 37.326033 0.879033 -30.949868 240.932463 5.477108 18.244216 
0.385000 37.572322 0.884639 -30.930816 240.534832 5.477021 18.636735 
0.386000 37.818029 0.890236 -30.911748 240.138385 5.476925 19.027550 
0.387000 38.063507 0.895841 -30.891897 239.740717 5.476752 19.414459 
0.388000 38.308400 0.901438 -30.872037 239.344255 5.476572 19.799704 
0.389000 38.553068 0.907043 -30.851398 238.946614 5.476315 20.181090 
0.390000 38.797147 0.912640 -30.830758 238.550199 5.476053 20.560852 
0.391000 39.041004 0.918244 -30.809342 238.152644 5.475715 20.936800 
0.392000 39.284270 0.923840 -30.787934 237.756336 5.475372 21.311164 
0.393000 39.527317 0.929444 -30.765752 237.358927 5.474956 21.681758 
0.394000 39.769770 0.935038 -30.743585 236.962782 5.474535 22.050807 
0.395000 40.012006 0.940641 -30.720649 236.565574 5.474042 22.416132 
0.396000 40.253647 0.946235 -30.697735 236.169647 5.473546 22.779948 
0.397000 40.495073 0.951837 -30.674054 235.772692 5.472978 23.140086 
0.398000 40.735902 0.957430 -30.650404 235.377034 5.472407 23.498752 
0.399000 40.976519 0.963031 -30.625989 234.980383 5.471766 23.853783 
0.400000 41.216537 0.968622 -30.601613 234.585044 5.471124 24.207380 
0.401000 41.456345 0.974221 -30.576475 234.188745 5.470412 24.557385 
0.402000 41.695552 0.979811 -30.551382 233.793771 5.469700 24.905992 
0.403000 41.934553 0.985409 -30.525531 233.397870 5.468919 25.251051 
0.404000 42.172950 0.990997 -30.499733 233.003307 5.468139 25.594746 
0.405000 42.411143 0.996594 -30.473179 232.607846 5.467291 25.934936 
0.406000 42.648732 1.002180 -30.446685 232.213736 5.466444 26.273797 
0.407000 42.886119 1.007775 -30.419438 231.818758 5.465531 26.609196 
0.408000 43.122900 1.013360 -30.392258 231.425141 5.464620 26.943299 
0.409000 43.359482 1.018953 -30.364328 231.030685 5.463643 27.273982 
0.410000 43.595455 1.024535 -30.336471 230.637601 5.462669 27.603403 
0.411000 43.831233 1.030126 -30.307867 230.243704 5.461631 27.929444 
0.412000 44.066401 1.035706 -30.279344 229.851189 5.460595 28.254257 
0.413000 44.301376 1.041295 -30.250075 229.457887 5.459497 28.575731 
0.414000 44.535740 1.046873 -30.220894 229.065976 5.458401 28.896009 
0.415000 44.769914 1.052460 -30.190971 228.673303 5.457245 29.212988 
0.416000 45.003474 1.058036 -30.161141 228.282028 5.456091 29.528802 
0.417000 45.236847 1.063620 -30.130572 227.890017 5.454877 29.841357 
0.418000 45.469606 1.069193 -30.100103 227.499411 5.453668 30.152778 
0.419000 45.702180 1.074775 -30.068896 227.108091 5.452398 30.460981 
0.420000 45.934138 1.080346 -30.037797 226.718183 5.451134 30.768079 
0.421000 46.165915 1.085925 -30.005963 226.327584 5.449810 31.071997 
0.422000 46.397074 1.091493 -29.974242 225.938402 5.448492 31.374840 
0.423000 46.628055 1.097069 -29.941788 225.548551 5.447117 31.674542 
0.424000 46.858417 1.102635 -29.909454 225.160122 5.445747 31.973198 
0.425000 47.088603 1.108208 -29.876389 224.771045 5.444319 32.268751 
0.426000 47.318169 1.113771 -29.843451 224.383395 5.442899 32.563287 
0.427000 47.547562 1.119341 -29.809783 223.995116 5.441422 32.854756 
0.428000 47.776334 1.124901 -29.776249 223.608269 5.439952 33.145236 
0.429000 48.004936 1.130468 -29.741987 223.220812 5.438427 33.432688 
0.430000 48.232915 1.136024 -29.707865 222.834790 5.436909 33.719176 
0.431000 48.460728 1.141589 -29.673017 222.448177 5.435336 34.002672 
0.432000 48.687916 1.147142 -29.638315 222.063002 5.433772 34.285232 
0.433000 48.914941 1.152703 -29.602889 221.677253 5.432154 34.564837 
0.434000 49.141340 1.158253 -29.567615 221.292945 5.430543 34.843531 
0.435000 49.367579 1.163811 -29.531620 220.908080 5.428881 35.119304 
0.436000 49.593191 1.169357 -29.495781 220.524658 5.427226 35.394193 
0.437000 49.818645 1.174912 -29.459223 220.140695 5.425520 35.666197 
0.438000 50.043472 1.180455 -29.422829 219.758177 5.423823 35.937340 
0.439000 50.268144 1.186006 -29.385716 219.375134 5.422074 36.205633 
0.440000 50.492187 1.191545 -29.348773 218.993537 5.420335 36.473090 
0.441000 50.716079 1.197093 -29.311113 218.611430 5.418545 36.737731 
0.442000 50.939340 1.202629 -29.273629 218.230770 5.416765 37.001559 
0.443000 51.162453 1.208173 -29.235429 217.849614 5.414935 37.262606 
0.444000 51.384935 1.213704 -29.197411 217.469905 5.413115 37.522863 
0.445000 51.607271 1.219245 -29.158679 217.089715 5.411246 37.780372 
0.446000 51.828976 1.224773 -29.120134 216.710972 5.409388 38.037113 
0.447000 52.050537 1.230309 -29.080877 216.331761 5.407481 38.291139 
0.448000 52.271466 1.235833 -29.041812 215.953996 5.405585 38.544419 
0.449000 52.492255 1.241366 -29.002038 215.575776 5.403641 38.795017 
0.450000 52.712410 1.246886 -28.962460 215.199003 5.401709 39.044891 
0.451000 52.932428 1.252415 -28.922174 214.821786 5.399729 39.292114 
0.452000 53.151812 1.257931 -28.882091 214.446015 5.397761 39.538634 
0.453000 53.371061 1.263456 -28.841301 214.069812 5.395746 39.782536 
0.454000 53.589675 1.268967 -28.800719 213.695054 5.393743 40.025755 
0.455000 53.808158 1.274488 -28.759431 213.319875 5.391695 40.266386 
0.456000 54.026005 1.279996 -28.718357 212.946140 5.389658 40.506354 
0.457000 54.243723 1.285512 -28.676579 212.571994 5.387576 40.743766 
0.458000 54.460805 1.291016 -28.635019 212.199291 5.385507 40.980534 
0.459000 54.677761 1.296528 -28.592756 211.826187 5.383392 41.214777 
0.460000 54.894079 1.302027 -28.550717 211.454524 5.381291 41.448394 
0.461000 55.110275 1.307535 -28.507976 211.082470 5.379146 41.679516 
0.462000 55.325833 1.313030 -28.465465 210.711855 5.377013 41.910031 
0.463000 55.541270 1.318533 -28.422253 210.340859 5.374837 42.138081 
0.464000 55.756069 1.324023 -28.379274 209.971299 5.372674 42.365542 
0.465000 55.970751 1.329522 -28.335597 209.601367 5.370468 42.590566 
0.466000 56.184793 1.335008 -28.292159 209.232869 5.368276 42.815019 
0.467000 56.398721 1.340503 -28.248022 208.864007 5.366041 43.037064 
0.468000 56.612008 1.345984 -28.204130 208.496576 5.363820 43.258556 
0.469000 56.825185 1.351474 -28.159540 208.128790 5.361557 43.477668 
0.470000 57.037720 1.356951 -28.115199 207.762433 5.359308 43.696243 
0.471000 57.250147 1.362436 -28.070163 207.395727 5.357018 43.912466 
0.472000 57.461932 1.367908 -28.025380 207.030448 5.354741 44.128169 
0.473000 57.673612 1.373389 -27.979902 206.664827 5.352425 44.341548 
0.474000 57.884649 1.378856 -27.934682 206.300630 5.350122 44.554423 
0.475000 58.095585 1.384332 -27.888769 205.936099 5.347779 44.765000 
0.476000 58.305876 1.389795 -27.843119 205.572987 5.345450 44.975088 
0.477000 58.516069 1.395266 -27.796776 205.209549 5.343082 45.182907 
0.478000 58.725617 1.400723 -27.750701 204.847527 5.340729 45.390251 
0.479000 58.935069 1.406190 -27.703934 204.485184 5.338336 45.595352 
0.480000 59.143876 1.411643 -27.657439 204.124255 5.335958 45.799994 
0.481000 59.352589 1.417104 -27.610253 203.763011 5.333541 46.002419 
0.482000 59.560658 1.422552 -27.563344 203.403176 5.331139 46.204399 
0.483000 59.768635 1.428009 -27.515746 203.043032 5.328700 46.404187 
0.484000 59.975967 1.433451 -27.468428 202.684295 5.326275 46.603544 
0.485000 60.183211 1.438903 -27.420422 202.325254 5.323812 46.800735 
0.486000 60.389808 1.444341 -27.372701 201.967615 5.321365 46.997509 
0.487000 60.596320 1.449788 -27.324292 201.609677 5.318880 47.192142 
0.488000 60.802185 1.455220 -27.276173 201.253138 5.316411 47.386371 
0.489000 61.007968 1.460662 -27.227367 200.896306 5.313905 47.578484 
0.490000 61.213103 1.466089 -27.178855 200.540868 5.311414 47.770206 
0.491000 61.418159 1.471526 -27.129656 200.185142 5.308887 47.959836 
0.492000 61.622567 1.476948 -27.080756 199.830806 5.306376 48.149087 
0.493000 61.826898 1.482380 -27.031171 199.476185 5.303828 48.336271 
0.494000 62.030580 1.487797 -26.981888 199.122951 5.301297 48.523088 
0.495000 62.234189 1.493223 -26.931921 198.769437 5.298730 48.707862 
0.496000 62.437148 1.498635 -26.882260 198.417305 5.296178 48.892281 
0.497000 62.640037 1.504056 -26.831915 198.064897 5.293592 49.074680 
0.498000 62.842275 1.509463 -26.781881 197.713866 5.291022 49.256735 
0.499000 63.044445 1.514879 -26.731164 197.362564 5.288417 49.436794 
0.500000 63.245965 1.520280 -26.680762 197.012635 5.285828 49.616521 
0.501000 63.447420 1.525690 -26.629677 196.662437 5.283205 49.794274 
0.502000 63.648223 1.531086 -26.578912 196.313608 5.280597 49.971706 
0.503000 63.848964 1.536491 -26.527464 195.964514 5.277957 50.147186 
0.504000 64.049054 1.541882 -26.476340 195.616785 5.275332 50.322356 
0.505000 64.249084 1.547282 -26.424534 195.268793 5.272674 50.495596 
0.506000 64.448461 1.552667 -26.373055 194.922162 5.270032 50.668537 
0.507000 64.647782 1.558061 -26.320895 194.575271 5.267357 50.839570 
0.508000 64.846450 1.563441 -26.269066 194.229736 5.264698 51.010314 
0.509000 65.045064 1.568830 -26.216557 193.883945 5.262007 51.179172 
0.510000 65.243025 1.574204 -26.164383 193.539505 5.259332 51.347750 
0.511000 65.440935 1.579587 -26.111529 193.194811 5.256625 51.514463 
0.512000 65.638191 1.584956 -26.059014 192.851463 5.253934 51.680906 
0.513000 65.835398 1.590334 -26.005820 192.507864 5.251212 51.845506 
0.514000 66.031951 1.595697 -25.952968 192.165608 5.248506 52.009844 
0.515000 66.228458 1.601069 -25.899438 191.823101 5.245768 52.172360 
0.516000 66.424310 1.606426 -25.846253 191.481933 5.243047 52.334624 
0.517000 66.620120 1.611793 -25.792391 191.140517 5.240295 52.495086 
0.518000 66.815274 1.617145 -25.738879 190.800435 5.237559 52.655304 
0.519000 67.010388 1.622507 -25.684689 190.460106 5.234793 52.813741 
0.520000 67.204846 1.627852 -25.630852 190.121107 5.232043 52.971942 
0.521000 67.399266 1.633208 -25.576339 189.781863 5.229263 53.128383 
0.522000 67.593030 1.638549 -25.522182 189.443944 5.226499 53.284596 
0.523000 67.786759 1.643899 -25.467349 189.105781 5.223705 53.439068 
0.524000 67.979832 1.649233 -25.412877 188.768939 5.220928 53.593320 
0.525000 68.172872 1.654578 -25.357728 188.431856 5.218122 53.745851 
0.526000 68.365255 1.659907 -25.302943 188.096087 5.215332 53.898170 
0.527000 68.557608 1.665245 -25.247483 187.760079 5.212512 54.048787 
0.528000 68.749304 1.670568 -25.192391 187.425381 5.209709 54.199200 
0.529000 68.940973 1.675901 -25.136623 187.090445 5.206878 54.347929 
0.530000 69.131983 1.681219 -25.081226 186.756814 5.204063 54.496461 
0.531000 69.322970 1.686546 -25.025154 186.422946 5.201219 54.643329 
0.532000 69.513297 1.691857 -24.969457 186.090379 5.198392 54.790007 
0.533000 69.703603 1.697179 -24.913086 185.757575 5.195536 54.935039 
0.534000 69.893250 1.702484 -24.857092 185.426069 5.192697 55.079889 
0.535000 70.082878 1.707800 -24.800424 185.094326 5.189830 55.223110 
0.536000 70.271847 1.713100 -24.744137 184.763875 5.186980 55.366156 
0.537000 70.460799 1.718410 -24.687177 184.433189 5.184102 55.507591 
0.538000 70.649091 1.723703 -24.630601 184.103790 5.181241 55.648858 
0.539000 70.837369 1.729007 -24.573351 183.774157 5.178353 55.788532 
0.540000 71.024987 1.734295 -24.516489 183.445807 5.175481 55.928043 
0.541000 71.212594 1.739593 -24.458955 183.117222 5.172581 56.065979 
0.542000 71.399539 1.744876 -24.401811 182.789916 5.169699 56.203759 
0.543000 71.586477 1.750168 -24.343994 182.462376 5.166790 56.339981 
0.544000 71.772752 1.755444 -24.286572 182.136110 5.163898 56.476053 
0.545000 71.959022 1.760730 -24.228477 181.809610 5.160978 56.610584 
0.546000 72.144630 1.766000 -24.170779 181.484380 5.158076 56.744970 
0.547000 72.330235 1.771281 -24.112409 181.158916 5.155147 56.877834 
0.548000 72.515177 1.776545 -24.054440 180.834717 5.152235 57.010557 
0.549000 72.700119 1.781819 -23.995798 180.510284 5.149297 57.141774 
0.550000 72.884397 1.787077 -23.937560 180.187113 5.146376 57.272856 
0.551000 73.068678 1.792346 -23.878651 179.863707 5.143429 57.402450 
0.552000 73.252295 1.797598 -23.820148 179.541558 5.140499 57.531913 
0.553000 73.435917 1.802860 -23.760974 179.219174 5.137543 57.659904 
0.554000 73.618874 1.808106 -23.702209 178.898044 5.134604 57.787770 
0.555000 73.801839 1.813363 -23.642773 178.576678 5.131639 57.914180 
0.556000 73.984139 1.818602 -23.583750 178.256560 5.128691 58.040469 
0.557000 74.166449 1.823853 -23.524056 177.936208 5.125719 58.165318 
0.558000 74.348094 1.829087 -23.464777 177.617099 5.122763 58.290051 
0.559000 74.529752 1.834331 -23.404828 177.297754 5.119782 58.413361 
0.560000 74.710743 1.839559 -23.345297 176.979650 5.116818 58.536558 
0.561000 74.891750 1.844797 -23.285096 176.661309 5.113829 58.658348 
0.562000 75.072091 1.850019 -23.225316 176.344203 5.110857 58.780030 
0.563000 75.252449 1.855251 -23.164866 176.026861 5.107861 58.900319 
0.564000 75.432140 1.860467 -23.104840 175.710750 5.104882 59.020505 
0.565000 75.611852 1.865693 -23.044144 175.394402 5.101878 59.139314 
0.566000 75.790896 1.870902 -22.983875 175.079281 5.098891 59.258023 
0.567000 75.969963 1.876122 -22.922936 174.763921 5.095880 59.375370 
0.568000 76.148363 1.881325 -22.862427 174.449785 5.092886 59.492622 
0.569000 76.326787 1.886539 -22.801248 174.135410 5.089868 59.608526 
0.570000 76.504543 1.891736 -22.740502 173.822253 5.086867 59.724339 
0.571000 76.682327 1.896944 -22.679087 173.508857 5.083842 59.838819 
0.572000 76.859443 1.902135 -22.618106 173.196675 5.080835 59.953211 
0.573000 77.036588 1.907336 -22.556457 172.884252 5.077803 60.066285 
0.574000 77.213064 1.912521 -22.495245 172.573041 5.074789 60.179274 
0.575000 77.389573 1.917717 -22.433365 172.261587 5.071752 60.290960 
0.576000 77.565412 1.922895 -22.371925 171.951341 5.068731 60.402564 
0.577000 77.741287 1.928084 -22.309816 171.640851 5.065687 60.512879 
0.578000 77.916491 1.933256 -22.248150 171.331564 5.062660 60.623116 
0.579000 78.091732 1.938440 -22.185816 171.022034 5.059611 60.732078 
0.580000 78.266303 1.943606 -22.123927 170.713702 5.056578 60.840965 
0.581000 78.440914 1.948782 -22.061370 170.405125 5.053522 60.948591 
0.582000 78.614854 1.953942 -21.999262 170.097743 5.050484 61.056144 
0.583000 78.788836 1.959113 -21.936485 169.790114 5.047422 61.162450 
0.584000 78.962147 1.964266 -21.874159 169.483677 5.044378 61.268687 
0.585000 79.135502 1.969431 -21.811164 169.176992 5.041311 61.373690 
0.586000 79.308186 1.974578 -21.748623 168.871494 5.038262 61.478626 
0.587000 79.480916 1.979736 -21.685414 168.565748 5.035189 61.582342 
0.588000 79.652974 1.984877 -21.622661 168.261185 5.032134 61.685994 
0.589000 79.825082 1.990029 -21.559240 167.956371 5.029057 61.788439 
0.590000 79.996516 1.995164 -21.496278 167.652738 5.025997 61.890822 
0.591000 80.168003 2.000309 -21.432647 167.348852 5.022915 61.992012 
0.592000 80.338816 2.005438 -21.369478 167.046143 5.019850 62.093142 
0.593000 80.509683 2.010577 -21.305640 166.743180 5.016763 62.193092 
0.594000 80.679876 2.015699 -21.242266 166.441390 5.013693 62.292984 
0.595000 80.850126 2.020832 -21.178225 166.139345 5.010601 62.391710 
0.596000 81.019702 2.025948 -21.114649 165.838469 5.007526 62.490379 
0.597000 81.189336 2.031075 -21.050405 165.537337 5.004430 62.587895 
0.598000 81.358296 2.036184 -20.986630 165.237370 5.001351 62.685357 
0.599000 81.527317 2.041304 -20.922187 164.937144 4.998250 62.781677 
0.600000 81.695662 2.046407 -20.858215 164.638081 4.995167 62.877946 
0.601000 81.864072 2.051522 -20.793575 164.338758 4.992062 62.973086 
0.602000 82.031805 2.056618 -20.729408 164.040593 4.988974 63.068175 
0.603000 82.199604 2.061726 -20.664574 163.742167 4.985865 63.162149 
0.604000 82.366727 2.066817 -20.600215 163.444896 4.982773 63.256074 
0.605000 82.533918 2.071918 -20.535189 163.147362 4.979660 63.348894 
0.606000 82.700432 2.077002 -20.470640 162.850979 4.976564 63.441668 
0.607000 82.867018 2.082097 -20.405423 162.554331 4.973448 63.533350 
0.608000 83.032925 2.087175 -20.340687 162.258832 4.970348 63.624987 
0.609000 83.198906 2.092264 -20.275283 161.963066 4.967227 63.715544 
0.610000 83.364208 2.097335 -20.210362 161.668445 4.964124 63.806057 
0.611000 83.529586 2.102418 -20.144773 161.373554 4.961000 63.895502 
0.612000 83.694286 2.107482 -20.079668 161.079806 4.957893 63.984905 
0.613000 83.859063 2.112559 -20.013897 160.785787 4.954765 64.073251 
0.614000 84.023161 2.117617 -19.948611 160.492907 4.951654 64.161556 
0.615000 84.187339 2.122687 -19.882659 160.199754 4.948524 64.248817 
0.616000 84.350837 2.127739 -19.817195 159.907737 4.945410 64.336037 
0.617000 84.514418 2.132802 -19.751064 159.615445 4.942276 64.422225 
0.618000 84.677319 2.137848 -19.685424 159.324285 4.939158 64.508373 
0.619000 84.840304 2.142905 -19.619117 159.032849 4.936021 64.593500 
0.620000 85.002608 2.147944 -19.553303 158.742542 4.932901 64.678589 
0.621000 85.165000 2.152995 -19.486822 158.451956 4.929761 64.762668 
0.622000 85.326710 2.158028 -19.420836 158.162497 4.926637 64.846709 
0.623000 85.488509 2.163072 -19.354183 157.872756 4.923494 64.929752 
0.624000 85.649627 2.168098 -19.288027 157.584140 4.920368 65.012758 
0.625000 85.810836 2.173136 -19.221205 157.295240 4.917222 65.094776 
0.626000 85.971362 2.178156 -19.154881 157.007461 4.914092 65.176759 
0.627000 86.131983 2.183187 -19.087890 156.719396 4.910944 65.257765 
0.628000 86.291920 2.188201 -19.021401 156.432449 4.907812 65.338736 
0.629000 86.451953 2.193226 -18.954245 156.145215 4.904661 65.418741 
0.630000 86.611303 2.198233 -18.887592 155.859096 4.901526 65.498712 
0.631000 86.770751 2.203252 -18.820272 155.572687 4.898373 65.577728 
0.632000 86.929515 2.208252 -18.753457 155.287390 4.895235 65.656709 
0.633000 87.088380 2.213265 -18.685977 155.001802 4.892079 65.734747 
0.634000 87.246560 2.218259 -18.619002 154.717323 4.888940 65.812751 
0.635000 87.404843 2.223265 -18.551362 154.432549 4.885781 65.889821 
0.636000 87.562440 2.228252 -18.484229 154.148883 4.882639 65.966859 
0.637000 87.720142 2.233252 -18.416431 153.864919 4.879479 66.042973 
0.638000 87.877159 2.238233 -18.349143 153.582060 4.876335 66.119054 
0.639000 88.034283 2.243226 -18.281190 153.298903 4.873172 66.194223 
0.640000 88.190720 2.248200 -18.213748 153.016846 4.870026 66.269359 
0.641000 88.347267 2.253187 -18.145641 152.734489 4.866861 66.343592 
0.642000 88.503127 2.258155 -18.078047 152.453230 4.863712 66.417794 
0.643000 88.659099 2.263135 -18.009788 152.171668 4.860546 66.491103 
0.644000 88.814382 2.268097 -17.942045 151.891203 4.857395 66.564380 
0.645000 88.969781 2.273071 -17.873636 151.610431 4.854227 66.636774 
0.646000 89.124490 2.278026 -17.805744 151.330754 4.851074 66.709137 
0.647000 89.279316 2.282993 -17.737187 151.050768 4.847904 66.780627 
0.648000 89.433453 2.287942 -17.669150 150.771874 4.844750 66.852085 
0.649000 89.587709 2.292903 -17.600446 150.492669 4.841577 66.922681 
0.650000 89.741274 2.297845 -17.532264 150.214553 4.838421 66.993245 
0.651000 89.894961 2.302800 -17.463417 149.936123 4.835248 67.062957 
0.652000 90.047957 2.307735 -17.395092 149.658781 4.832090 67.132636 
0.653000 90.201077 2.312683 -17.326102 149.381123 4.828915 67.201473 
0.654000 90.353505 2.317612 -17.257637 149.104549 4.825755 67.270277 
0.655000 90.506059 2.322554 -17.188506 148.827658 4.822578 67.338248 
0.656000 90.657921 2.327477 -17.119901 148.551848 4.819417 67.406187 
0.657000 90.809911 2.332412 -17.050632 148.275718 4.816239 67.473302 
0.658000 90.961208 2.337328 -16.981890 148.000668 4.813077 67.540384 
0.659000 91.112635 2.342256 -16.912483 147.725294 4.809897 67.606652 
0.660000 91.263369 2.347166 -16.843606 147.450999 4.806733 67.672888 
0.661000 91.414235 2.352088 -16.774063 147.176377 4.803552 67.738318 
0.662000 91.564407 2.356992 -16.705052 146.902832 4.800387 67.803715 
0.663000 91.714713 2.361907 -16.635376 146.628958 4.797205 67.868317 
0.664000 91.864325 2.366804 -16.566232 146.356157 4.794038 67.932885 
0.665000 92.014074 2.371713 -16.496424 146.083026 4.790855 67.996666 
0.666000 92.163127 2.376603 -16.427150 145.810966 4.787687 68.060414 
0.667000 92.312319 2.381506 -16.357212 145.538573 4.784503 68.123384 
0.668000 92.460815 2.386390 -16.287809 145.267249 4.781334 68.186320 
0.669000 92.609452 2.391286 -16.217742 144.995589 4.778148 68.248488 
0.670000 92.757393 2.396163 -16.148212 144.724996 4.774979 68.310621 
0.671000 92.905476 2.401052 -16.078018 144.454065 4.771792 68.371994 
0.672000 93.052862 2.405923 -16.008362 144.184199 4.768621 68.433332 
0.673000 93.200394 2.410806 -15.938042 143.913992 4.765433 68.493919 
0.674000 93.347228 2.415671 -15.868263 143.644849 4.762262 68.554470 
0.675000 93.494209 2.420547 -15.797819 143.375361 4.759073 68.614280 
0.676000 93.640491 2.425405 -15.727918 143.106935 4.755900 68.674053 
0.677000 93.786923 2.430275 -15.657352 142.838163 4.752711 68.733093 
0.678000 93.932656 2.435126 -15.587330 142.570450 4.749537 68.792095 
0.679000 94.078540 2.439990 -15.516643 142.302388 4.746347 68.850373 
0.680000 94.223724 2.444834 -15.446501 142.035385 4.743173 68.908614 
0.681000 94.369063 2.449692 -15.375695 141.768029 4.739982 68.966138 
0.682000 94.513700 2.454530 -15.305436 141.501729 4.736806 69.023623 
0.683000 94.658494 2.459380 -15.234513 141.235075 4.733615 69.080402 
0.684000 94.802586 2.464212 -15.164138 140.969476 4.730439 69.137140 
0.685000 94.946836 2.469056 -15.093098 140.703518 4.727247 69.193180 
0.686000 95.090384 2.473881 -15.022608 140.438614 4.724070 69.249179 
0.687000 95.234093 2.478719 -14.951454 140.173350 4.720877 69.304488 
0.688000 95.377098 2.483537 -14.880851 139.909137 4.717700 69.359755 
0.689000 95.520267 2.488369 -14.809584 139.644561 4.714507 69.414340 
0.690000 95.662731 2.493181 -14.738869 139.381035 4.711329 69.468883 
0.691000 95.805360 2.498005 -14.667491 139.117143 4.708135 69.522752 
0.692000 95.947284 2.502811 -14.596666 138.854299 4.704957 69.576578 
0.693000 96.089376 2.507629 -14.525177 138.591087 4.701762 69.629737 
0.694000 96.230762 2.512428 -14.454243 138.328921 4.698583 69.682853 
0.695000 96.372317 2.517239 -14.382646 138.066384 4.695389 69.735311 
0.696000 96.513166 2.522032 -14.311605 137.804892 4.692209 69.787724 
0.697000 96.654187 2.526837 -14.239900 137.543026 4.689014 69.839487 
0.698000 96.794500 2.531623 -14.168754 137.282204 4.685835 69.891203 
0.699000 96.934987 2.536422 -14.096943 137.021005 4.682639 69.942278 
