0.000000 -55.979958 -0.563243 7.369992 155.678040 1.412967 -164.243730 
0.001000 -55.820744 -0.561798 7.202017 156.064773 1.418938 -164.245510 
0.002000 -55.660739 -0.560341 7.034040 156.454496 1.424994 -164.244830 
0.003000 -55.500728 -0.558884 6.866067 156.844233 1.431050 -164.244118 
0.004000 -55.339926 -0.557414 6.698091 157.236968 1.437192 -164.240911 
0.005000 -55.179112 -0.555944 6.530125 157.629733 1.443335 -164.237642 
0.006000 -55.017507 -0.554462 6.362155 158.025503 1.449564 -164.231842 
0.007000 -54.855883 -0.552979 6.194201 158.421317 1.455796 -164.225946 
0.008000 -54.693468 -0.551484 6.026243 158.820145 1.462114 -164.217484 
0.009000 -54.531028 -0.549988 5.858306 159.219032 1.468435 -164.208892 
0.010000 -54.367797 -0.548480 5.690367 159.620939 1.474843 -164.197697 
0.011000 -54.204536 -0.546972 5.522453 160.022920 1.481255 -164.186337 
0.012000 -54.040483 -0.545451 5.354536 160.427929 1.487755 -164.172336 
0.013000 -53.876392 -0.543929 5.186650 160.833027 1.494260 -164.158134 
0.014000 -53.711511 -0.542394 5.018763 161.241158 1.500853 -164.141253 
0.015000 -53.546586 -0.540859 4.850912 161.649393 1.507452 -164.124134 
0.016000 -53.380869 -0.539311 4.683059 162.060668 1.514140 -164.104297 
0.017000 -53.215103 -0.537762 4.515249 162.472061 1.520835 -164.084183 
0.018000 -53.048545 -0.536200 4.347438 162.886500 1.527619 -164.061310 
0.019000 -52.881931 -0.534637 4.179674 163.301071 1.534411 -164.038122 
0.020000 -52.714525 -0.533062 4.011910 163.718694 1.541293 -164.012133 
0.021000 -52.547057 -0.531484 3.844200 164.136464 1.548183 -163.985788 
0.022000 -52.378796 -0.529895 3.676489 164.557291 1.555165 -163.956600 
0.023000 -52.210467 -0.528303 3.508839 164.978277 1.562156 -163.927015 
0.024000 -52.041346 -0.526700 3.341189 165.402326 1.569239 -163.894543 
0.025000 -51.872149 -0.525094 3.173605 165.826548 1.576332 -163.861629 
0.026000 -51.702160 -0.523475 3.006023 166.253837 1.583518 -163.825785 
0.027000 -51.532090 -0.521855 2.838512 166.681312 1.590714 -163.789454 
0.028000 -51.361226 -0.520222 2.671004 167.111859 1.598004 -163.750146 
0.029000 -51.190275 -0.518586 2.503573 167.542604 1.605305 -163.710305 
0.030000 -51.018530 -0.516938 2.336147 167.976425 1.612702 -163.667439 
0.031000 -50.846692 -0.515288 2.168804 168.410456 1.620110 -163.623990 
0.032000 -50.674059 -0.513624 2.001466 168.847566 1.627614 -163.577465 
0.033000 -50.501327 -0.511958 1.834218 169.284898 1.635131 -163.530306 
0.034000 -50.327800 -0.510280 1.666977 169.725311 1.642745 -163.480016 
0.035000 -50.154167 -0.508598 1.499832 170.165958 1.650372 -163.429033 
0.036000 -49.979738 -0.506904 1.332695 170.609688 1.658097 -163.374858 
0.037000 -49.805198 -0.505207 1.165661 171.053661 1.665837 -163.319921 
0.038000 -49.629861 -0.503497 0.998637 171.500719 1.673675 -163.261714 
0.039000 -49.454406 -0.501783 0.831722 171.948029 1.681528 -163.202650 
0.040000 -49.278154 -0.500057 0.664818 172.398423 1.689480 -163.140196 
0.041000 -49.101778 -0.498328 0.498031 172.849076 1.697450 -163.076714 
0.042000 -48.924605 -0.496585 0.331257 173.302808 1.705518 -163.009577 
0.043000 -48.747300 -0.494839 0.164607 173.756800 1.713605 -162.940960 
0.044000 -48.569198 -0.493080 -0.002026 174.213857 1.721791 -162.867882 
0.045000 -48.390959 -0.491317 -0.168527 174.671155 1.729996 -162.792020 
0.046000 -48.211922 -0.489542 -0.335005 175.131474 1.738302 -162.710424 
0.047000 -48.032741 -0.487762 -0.501338 175.591992 1.746626 -162.626104 
0.048000 -47.852761 -0.485969 -0.667644 176.055487 1.755050 -162.537231 
0.049000 -47.672633 -0.484172 -0.833796 176.519159 1.763494 -162.446673 
0.050000 -47.491705 -0.482362 -0.999917 176.985786 1.772038 -162.352146 
0.051000 -47.310622 -0.480547 -1.165875 177.452583 1.780603 -162.256215 
0.052000 -47.128739 -0.478720 -1.331800 177.922319 1.789269 -162.156444 
0.053000 -46.946695 -0.476888 -1.497554 178.392221 1.797957 -162.055312 
0.054000 -46.763851 -0.475042 -1.663271 178.865049 1.806746 -161.950344 
0.055000 -46.580840 -0.473192 -1.828811 179.338039 1.815558 -161.843993 
0.056000 -46.397029 -0.471329 -1.994311 179.813941 1.824472 -161.733772 
0.057000 -46.213044 -0.469460 -2.159625 180.289999 1.833410 -161.622120 
0.058000 -46.028259 -0.467579 -2.324897 180.768957 1.842451 -161.506552 
0.059000 -45.843295 -0.465692 -2.489975 181.248064 1.851515 -161.389494 
0.060000 -45.657530 -0.463792 -2.655007 181.730054 1.860685 -161.268463 
0.061000 -45.471580 -0.461886 -2.819837 182.212187 1.869878 -161.145881 
0.062000 -45.284829 -0.459967 -2.984619 182.697187 1.879177 -161.019266 
0.063000 -45.097887 -0.458042 -3.149190 183.182321 1.888502 -160.891033 
0.064000 -44.910143 -0.456104 -3.313709 183.670303 1.897932 -160.758706 
0.065000 -44.722203 -0.454160 -3.478010 184.158409 1.907389 -160.624690 
0.066000 -44.533461 -0.452203 -3.642255 184.649344 1.916952 -160.486517 
0.067000 -44.344517 -0.450239 -3.806273 185.140390 1.926543 -160.346585 
0.068000 -44.154771 -0.448262 -3.970231 185.634245 1.936241 -160.202429 
0.069000 -43.964816 -0.446278 -4.133955 186.128198 1.945967 -160.056440 
0.070000 -43.774059 -0.444282 -4.297615 186.624935 1.955801 -159.906162 
0.071000 -43.583089 -0.442278 -4.461030 187.121757 1.965664 -159.753975 
0.072000 -43.391316 -0.440261 -4.624379 187.621338 1.975636 -159.597431 
0.073000 -43.199323 -0.438237 -4.787475 188.120986 1.985637 -159.438902 
0.074000 -43.006529 -0.436200 -4.950500 188.623367 1.995748 -159.275947 
0.075000 -42.813509 -0.434155 -5.113262 189.125796 2.005890 -159.110928 
0.076000 -42.619686 -0.432097 -5.275949 189.630930 2.016142 -158.941412 
0.077000 -42.425633 -0.430031 -5.438364 190.136091 2.026426 -158.769754 
0.078000 -42.230777 -0.427952 -5.600701 190.643927 2.036820 -158.593527 
0.079000 -42.035685 -0.425865 -5.762756 191.151766 2.047246 -158.415078 
0.080000 -41.839791 -0.423764 -5.924727 191.662247 2.057784 -158.231986 
0.081000 -41.643655 -0.421656 -6.086407 192.172707 2.068356 -158.046590 
0.082000 -41.446716 -0.419534 -6.247999 192.685774 2.079039 -157.856479 
0.083000 -41.249530 -0.417403 -6.409291 193.198792 2.089756 -157.663978 
0.084000 -41.051543 -0.415259 -6.570489 193.714381 2.100586 -157.466689 
0.085000 -40.853302 -0.413107 -6.731377 194.229890 2.111451 -157.266926 
0.086000 -40.654260 -0.410940 -6.892166 194.747931 2.122428 -157.062299 
0.087000 -40.454960 -0.408765 -7.052636 195.265859 2.133442 -156.855111 
0.088000 -40.254858 -0.406577 -7.213002 195.786279 2.144569 -156.642983 
0.089000 -40.054494 -0.404379 -7.373037 196.306550 2.155733 -156.428208 
0.090000 -39.853328 -0.402167 -7.532964 196.829268 2.167010 -156.208416 
0.091000 -39.651895 -0.399946 -7.692550 197.351800 2.178325 -155.985887 
0.092000 -39.449660 -0.397712 -7.852021 197.876732 2.189754 -155.758265 
0.093000 -39.247153 -0.395467 -8.011141 198.401437 2.201222 -155.527816 
0.094000 -39.043845 -0.393209 -8.170141 198.928493 2.212804 -155.292195 
0.095000 -38.840260 -0.390941 -8.328780 199.455278 2.224425 -155.053658 
0.096000 -38.635874 -0.388659 -8.487292 199.984363 2.236161 -154.809869 
0.097000 -38.431207 -0.386367 -8.645432 200.513128 2.247937 -154.563072 
0.098000 -38.225740 -0.384061 -8.803439 201.044139 2.259828 -154.310946 
0.099000 -38.019986 -0.381745 -8.961063 201.574781 2.271760 -154.055718 
0.100000 -37.813434 -0.379415 -9.118548 202.107610 2.283807 -153.795080 
0.101000 -37.606590 -0.377074 -9.275639 202.640016 2.295895 -153.531249 
0.102000 -37.398949 -0.374719 -9.432585 203.174549 2.308099 -153.261928 
0.103000 -37.191012 -0.372353 -9.589125 203.708603 2.320344 -152.989318 
0.104000 -36.982279 -0.369972 -9.745513 204.244718 2.332706 -152.711140 
0.105000 -36.773245 -0.367581 -9.901484 204.780295 2.345110 -152.429578 
0.106000 -36.563416 -0.365176 -10.057296 205.317866 2.357630 -152.142366 
0.107000 -36.353283 -0.362759 -10.212680 205.854834 2.370192 -151.851676 
0.108000 -36.142355 -0.360328 -10.367897 206.393726 2.382871 -151.555256 
0.109000 -35.931120 -0.357885 -10.522675 206.931947 2.395593 -151.255263 
0.110000 -35.719092 -0.355428 -10.677278 207.472019 2.408431 -150.949459 
0.111000 -35.506752 -0.352959 -10.831430 208.011348 2.421313 -150.639985 
0.112000 -35.293620 -0.350475 -10.985401 208.552451 2.434311 -150.324621 
0.113000 -35.080174 -0.347980 -11.138908 209.092734 2.447353 -150.005492 
0.114000 -34.865937 -0.345469 -11.292226 209.634711 2.460511 -149.680393 
0.115000 -34.651382 -0.342947 -11.445068 210.175789 2.473713 -149.351433 
0.116000 -34.436038 -0.340409 -11.597713 210.718475 2.487032 -149.016422 
0.117000 -34.220373 -0.337860 -11.749870 211.260179 2.500394 -148.677456 
0.118000 -34.003922 -0.335295 -11.901821 211.803403 2.513873 -148.332361 
0.119000 -33.787145 -0.332718 -12.053272 212.345557 2.527396 -147.983214 
0.120000 -33.569585 -0.330125 -12.204510 212.889139 2.541035 -147.627860 
0.121000 -33.351696 -0.327520 -12.355234 213.431558 2.554718 -147.268360 
0.122000 -33.133027 -0.324900 -12.505736 213.975310 2.568516 -146.902576 
0.123000 -32.914026 -0.322267 -12.655712 214.517802 2.582359 -146.532552 
0.124000 -32.694247 -0.319618 -12.805457 215.061527 2.596317 -146.156167 
0.125000 -32.474134 -0.316956 -12.954663 215.603891 2.610319 -145.775450 
0.126000 -32.253245 -0.314279 -13.103630 216.147384 2.624436 -145.388297 
0.127000 -32.032021 -0.311588 -13.252044 216.689410 2.638597 -144.996719 
0.128000 -31.810024 -0.308882 -13.400210 217.232458 2.652872 -144.598632 
0.129000 -31.587688 -0.306162 -13.547810 217.773928 2.667191 -144.196029 
0.130000 -31.364583 -0.303426 -13.695152 218.316308 2.681623 -143.786845 
0.131000 -31.141139 -0.300677 -13.841915 218.856995 2.696098 -143.373057 
0.132000 -30.916928 -0.297911 -13.988411 219.398477 2.710686 -142.952617 
0.133000 -30.692376 -0.295132 -14.134314 219.938146 2.725317 -142.527486 
0.134000 -30.467061 -0.292337 -14.279940 220.478488 2.740060 -142.095635 
0.135000 -30.241404 -0.289528 -14.424959 221.016894 2.754845 -141.659006 
0.136000 -30.014988 -0.286702 -14.569693 221.555850 2.769741 -141.215592 
0.137000 -29.788228 -0.283862 -14.713805 222.092738 2.784679 -140.767318 
0.138000 -29.560714 -0.281006 -14.857622 222.630049 2.799727 -140.312194 
0.139000 -29.332855 -0.278136 -15.000803 223.165159 2.814815 -139.852130 
0.140000 -29.104247 -0.275249 -15.143679 223.700558 2.830012 -139.385155 
0.141000 -28.875293 -0.272347 -15.285905 224.233618 2.845249 -138.913161 
0.142000 -28.645594 -0.269429 -15.427815 224.766830 2.860594 -138.434200 
0.143000 -28.415549 -0.266496 -15.569062 225.297559 2.875977 -137.950145 
0.144000 -28.184765 -0.263547 -15.709981 225.828300 2.891468 -137.459066 
0.145000 -27.953634 -0.260582 -15.850224 226.356409 2.906995 -136.962822 
0.146000 -27.721770 -0.257600 -15.990129 226.884386 2.922628 -136.459504 
0.147000 -27.489560 -0.254604 -16.129341 227.409578 2.938296 -135.950953 
0.148000 -27.256621 -0.251590 -16.268206 227.934489 2.954069 -135.435278 
0.149000 -27.023337 -0.248561 -16.406364 228.456457 2.969875 -134.914307 
0.150000 -26.789330 -0.245516 -16.544163 228.977992 2.985784 -134.386168 
0.151000 -26.554980 -0.242454 -16.681241 229.496422 3.001726 -133.852673 
0.152000 -26.319913 -0.239376 -16.817948 230.014262 3.017768 -133.311970 
0.153000 -26.084503 -0.236281 -16.953920 230.528830 3.033842 -132.765855 
0.154000 -25.848383 -0.233170 -17.089511 231.042649 3.050014 -132.212496 
0.155000 -25.611923 -0.230043 -17.224351 231.553024 3.066215 -131.653675 
0.156000 -25.374759 -0.226899 -17.358799 232.062488 3.082513 -131.087578 
0.157000 -25.137256 -0.223738 -17.492481 232.568331 3.098838 -130.515974 
0.158000 -24.899058 -0.220560 -17.625759 233.073097 3.115258 -129.937068 
0.159000 -24.660523 -0.217366 -17.758257 233.574062 3.131703 -129.352614 
0.160000 -24.421300 -0.214155 -17.890340 234.073780 3.148240 -128.760837 
0.161000 -24.181743 -0.210926 -18.021628 234.569515 3.164799 -128.163476 
0.162000 -23.941506 -0.207681 -18.152489 235.063828 3.181449 -127.558777 
0.163000 -23.700938 -0.204419 -18.282539 235.553971 3.198119 -126.948466 
0.164000 -23.459698 -0.201140 -18.412152 236.042517 3.214877 -126.330804 
0.165000 -23.218130 -0.197843 -18.540940 236.526702 3.231652 -125.707509 
0.166000 -22.975901 -0.194530 -18.669277 237.009111 3.248513 -125.076859 
0.167000 -22.733346 -0.191199 -18.796775 237.486966 3.265388 -124.440559 
0.168000 -22.490139 -0.187851 -18.923811 237.962863 3.282345 -123.796904 
0.169000 -22.246611 -0.184485 -19.049992 238.434009 3.299315 -123.147590 
0.170000 -22.002440 -0.181102 -19.175700 238.903015 3.316364 -122.490929 
0.171000 -21.757953 -0.177701 -19.300538 239.367069 3.333422 -121.828607 
0.172000 -21.512833 -0.174284 -19.424892 239.828799 3.350556 -121.158950 
0.173000 -21.267402 -0.170848 -19.548359 240.285374 3.367696 -120.483639 
0.174000 -21.021348 -0.167395 -19.671332 240.739438 3.384909 -119.801012 
0.175000 -20.774987 -0.163925 -19.793403 241.188144 3.402126 -119.112742 
0.176000 -20.528015 -0.160437 -19.914968 241.634150 3.419411 -118.417184 
0.177000 -20.280743 -0.156930 -20.035617 242.074593 3.436697 -117.716004 
0.178000 -20.032870 -0.153407 -20.155747 242.512146 3.454048 -117.007568 
0.179000 -19.784703 -0.149865 -20.274947 242.943928 3.471396 -116.293538 
0.180000 -19.535947 -0.146307 -20.393617 243.372630 3.488806 -115.572293 
0.181000 -19.286902 -0.142729 -20.511341 243.795354 3.506208 -114.845491 
0.182000 -19.037282 -0.139135 -20.628524 244.214807 3.523670 -114.111520 
0.183000 -18.787379 -0.135522 -20.744748 244.628072 3.541120 -113.372037 
0.184000 -18.536914 -0.131892 -20.860418 245.037877 3.558626 -112.625440 
0.185000 -18.286173 -0.128243 -20.975114 245.441284 3.576115 -111.873383 
0.186000 -18.034882 -0.124577 -21.089247 245.841041 3.593657 -111.114274 
0.187000 -17.783324 -0.120892 -21.202390 246.234191 3.611179 -110.349767 
0.188000 -17.531229 -0.117191 -21.314959 246.623502 3.628748 -109.578276 
0.189000 -17.278874 -0.113470 -21.426524 247.005996 3.646294 -108.801457 
0.190000 -17.025997 -0.109733 -21.537504 247.384463 3.663883 -108.017731 
0.191000 -16.772868 -0.105976 -21.647466 247.755906 3.681444 -107.228755 
0.192000 -16.519231 -0.102203 -21.756832 248.123135 3.699045 -106.432955 
0.193000 -16.265351 -0.098410 -21.865167 248.483134 3.716613 -105.631994 
0.194000 -16.010977 -0.094600 -21.972895 248.838734 3.734216 -104.824298 
0.195000 -15.756370 -0.090772 -22.079577 249.186898 3.751782 -104.011537 
0.196000 -15.501284 -0.086926 -22.185642 249.530482 3.769380 -103.192140 
0.197000 -15.245974 -0.083062 -22.290649 249.866428 3.786935 -102.367783 
0.198000 -14.990201 -0.079181 -22.395028 250.197613 3.804518 -101.536893 
0.199000 -14.734214 -0.075280 -22.498335 250.520961 3.822053 -100.701157 
0.200000 -14.477780 -0.071363 -22.601004 250.839371 3.839612 -99.859001 
0.201000 -14.221141 -0.067426 -22.702589 251.149748 3.857118 -99.012120 
0.202000 -13.964072 -0.063473 -22.803526 251.455013 3.874643 -98.158937 
0.203000 -13.706809 -0.059501 -22.903366 251.752052 3.892111 -97.301160 
0.204000 -13.449132 -0.055512 -23.002548 252.043809 3.909593 -96.437207 
0.205000 -13.191272 -0.051504 -23.100621 252.327152 3.927014 -95.568798 
0.206000 -12.933016 -0.047480 -23.198027 252.605048 3.944444 -94.694345 
0.207000 -12.674588 -0.043436 -23.294311 252.874345 3.961807 -93.815583 
0.208000 -12.415781 -0.039376 -23.389920 253.138034 3.979176 -92.930914 
0.209000 -12.156813 -0.035297 -23.484394 253.392945 3.996472 -92.042091 
0.210000 -11.897485 -0.031202 -23.578185 253.642092 4.013769 -91.147506 
0.211000 -11.638007 -0.027087 -23.670829 253.882286 4.030989 -90.248929 
0.212000 -11.378188 -0.022957 -23.762782 254.116565 4.048205 -89.344739 
0.213000 -11.118231 -0.018807 -23.853577 254.341724 4.065339 -88.436728 
0.214000 -10.857951 -0.014642 -23.943673 254.560821 4.082465 -87.523259 
0.215000 -10.597546 -0.010457 -24.032599 254.770636 4.099503 -86.606145 
0.216000 -10.336837 -0.006256 -24.120819 254.974250 4.116528 -85.683734 
0.217000 -10.076016 -0.002036 -24.207859 255.168425 4.133460 -84.757863 
0.218000 -9.814909 0.002198 -24.294185 255.356266 4.150375 -83.826859 
0.219000 -9.553704 0.006453 -24.379320 255.534519 4.167193 -82.892585 
0.220000 -9.292233 0.010722 -24.463736 255.706309 4.183988 -81.953350 
0.221000 -9.030676 0.015011 -24.546950 255.868371 4.200681 -81.011040 
0.222000 -8.768873 0.019314 -24.629438 256.023848 4.217347 -80.063942 
0.223000 -8.506998 0.023637 -24.710715 256.169462 4.233906 -79.113973 
0.224000 -8.244898 0.027974 -24.791259 256.308377 4.250433 -78.159393 
0.225000 -7.982739 0.032331 -24.870584 256.437301 4.266848 -77.202150 
0.226000 -7.720375 0.036702 -24.949170 256.559419 4.283227 -76.240477 
0.227000 -7.457966 0.041092 -25.026528 256.671428 4.299488 -75.276354 
0.228000 -7.195373 0.045496 -25.103142 256.776528 4.315710 -74.307986 
0.229000 -6.932749 0.049920 -25.178519 256.871409 4.331809 -73.337384 
0.230000 -6.669962 0.054357 -25.253149 256.959288 4.347864 -72.362723 
0.231000 -6.407158 0.058813 -25.326532 257.036845 4.363791 -71.386052 
0.232000 -6.144212 0.063282 -25.399163 257.107313 4.379670 -70.405509 
0.233000 -5.881265 0.067771 -25.470541 257.167364 4.395417 -69.423182 
0.234000 -5.618196 0.072273 -25.541163 257.220247 4.411111 -68.437174 
0.235000 -5.355140 0.076794 -25.610524 257.262627 4.426668 -67.449611 
0.236000 -5.091985 0.081327 -25.679126 257.297768 4.442169 -66.458559 
0.237000 -4.828857 0.085880 -25.746460 257.322328 4.457528 -65.466183 
0.238000 -4.565651 0.090445 -25.813032 257.339584 4.472827 -64.470510 
0.239000 -4.302489 0.095029 -25.878329 257.346191 4.487979 -63.473749 
0.240000 -4.039269 0.099625 -25.942863 257.345435 4.503067 -62.473885 
0.241000 -3.776108 0.104239 -26.006115 257.333971 4.518005 -61.473168 
0.242000 -3.512912 0.108866 -26.068602 257.315094 4.532875 -60.469541 
0.243000 -3.249789 0.113511 -26.129801 257.285457 4.547589 -59.465301 
0.244000 -2.986654 0.118168 -26.190234 257.248364 4.562232 -58.458343 
0.245000 -2.723607 0.122843 -26.249373 257.200469 4.576716 -57.451012 
0.246000 -2.460570 0.127529 -26.307745 257.145082 4.591125 -56.441155 
0.247000 -2.197637 0.132233 -26.364819 257.078858 4.605370 -55.431165 
0.248000 -1.934735 0.136949 -26.421126 257.005113 4.619537 -54.418842 
0.249000 -1.671952 0.141682 -26.476129 256.920506 4.633537 -53.406626 
0.250000 -1.409223 0.146426 -26.530365 256.828356 4.647455 -52.392267 
0.251000 -1.146629 0.151188 -26.583293 256.725327 4.661201 -51.378256 
0.252000 -0.884111 0.155961 -26.635455 256.614738 4.674863 -50.362291 
0.253000 -0.621743 0.160750 -26.686305 256.493263 4.688350 -49.346914 
0.254000 -0.359473 0.165550 -26.736390 256.364219 4.701749 -48.329770 
0.255000 -0.097369 0.170367 -26.785160 256.224287 4.714970 -47.313454 
0.256000 0.164614 0.175194 -26.833167 256.076784 4.728100 -46.295554 
0.257000 0.426416 0.180038 -26.879854 255.918402 4.741048 -45.278722 
0.258000 0.688076 0.184892 -26.925781 255.752452 4.753902 -44.260488 
0.259000 0.949539 0.189762 -26.970386 255.575638 4.766572 -43.243560 
0.260000 1.210836 0.194641 -27.014232 255.391266 4.779145 -42.225408 
0.261000 1.471922 0.199538 -27.056755 255.196053 4.791530 -41.208798 
0.262000 1.732821 0.204442 -27.098522 254.993297 4.803816 -40.191140 
0.263000 1.993492 0.209363 -27.138963 254.779733 4.815911 -39.175259 
0.264000 2.253953 0.214293 -27.178652 254.558645 4.827905 -38.158502 
0.265000 2.514172 0.219239 -27.217013 254.326788 4.839704 -37.143754 
0.266000 2.774159 0.224192 -27.254626 254.087433 4.851401 -36.128299 
0.267000 3.033889 0.229162 -27.290911 253.837355 4.862900 -35.115083 
0.268000 3.293365 0.234139 -27.326452 253.579812 4.874295 -34.101326 
0.269000 3.552567 0.239132 -27.360662 253.311597 4.885489 -33.090035 
0.270000 3.811494 0.244132 -27.394135 253.035953 4.896577 -32.078364 
0.271000 4.070133 0.249147 -27.426276 252.749698 4.907462 -31.069385 
0.272000 4.328475 0.254169 -27.457685 252.456055 4.918239 -30.060182 
0.273000 4.586513 0.259207 -27.487762 252.151867 4.928811 -29.053893 
0.274000 4.844232 0.264251 -27.517112 251.840337 4.939273 -28.047533 
0.275000 5.101633 0.269310 -27.545131 251.518336 4.949527 -27.044307 
0.276000 5.358694 0.274375 -27.572430 251.189041 4.959671 -26.041160 
0.277000 5.615421 0.279455 -27.598396 250.849356 4.969605 -25.041361 
0.278000 5.871787 0.284540 -27.623650 250.502431 4.979426 -24.041786 
0.279000 6.127805 0.289640 -27.647572 250.145202 4.989036 -23.045772 
0.280000 6.383440 0.294744 -27.670788 249.780791 4.998532 -22.050122 
0.281000 6.638713 0.299864 -27.692674 249.406168 5.007815 -21.058243 
0.282000 6.893582 0.304988 -27.713861 249.024425 5.016983 -20.066864 
0.283000 7.148073 0.310126 -27.733719 248.632568 5.025936 -19.079462 
0.284000 7.402141 0.315268 -27.752887 248.233658 5.034773 -18.092690 
0.285000 7.655816 0.320424 -27.770726 247.824737 5.043394 -17.110098 
0.286000 7.909048 0.325584 -27.787884 247.408832 5.051898 -16.128264 
0.287000 8.161872 0.330757 -27.803715 246.983027 5.060184 -15.150809 
0.288000 8.414233 0.335934 -27.818874 246.550311 5.068353 -14.174234 
0.289000 8.666172 0.341124 -27.832708 246.107811 5.076303 -13.202233 
0.290000 8.917628 0.346317 -27.845878 245.658476 5.084135 -12.231231 
0.291000 9.168648 0.351523 -27.857726 245.199478 5.091747 -11.264995 
0.292000 9.419165 0.356732 -27.868920 244.733727 5.099240 -10.299871 
0.293000 9.669233 0.361954 -27.878793 244.258440 5.106513 -9.339701 
0.294000 9.918777 0.367177 -27.888024 243.776484 5.113666 -8.380752 
0.295000 10.167859 0.372413 -27.895936 243.285124 5.120598 -7.426943 
0.296000 10.416398 0.377651 -27.903215 242.787183 5.127410 -6.474459 
0.297000 10.664462 0.382901 -27.909179 242.279979 5.134001 -5.527296 
0.298000 10.911963 0.388152 -27.914520 241.766284 5.140471 -4.581559 
0.299000 11.158976 0.393415 -27.918550 241.243471 5.146720 -3.641320 
0.300000 11.405409 0.398679 -27.921969 240.714263 5.152848 -2.702602 
0.301000 11.651339 0.403955 -27.924078 240.176088 5.158754 -1.769558 
0.302000 11.896671 0.409231 -27.925588 239.631618 5.164540 -0.838125 
0.303000 12.141488 0.414519 -27.925792 239.078339 5.170103 0.087463 
0.304000 12.385687 0.419806 -27.925409 238.518869 5.175546 1.011354 
0.305000 12.629360 0.425105 -27.923724 237.950755 5.180767 1.929232 
0.306000 12.872398 0.430403 -27.921463 237.376558 5.185869 2.845331 
0.307000 13.114896 0.435712 -27.917904 236.793890 5.190748 3.755254 
0.308000 13.356742 0.441020 -27.913782 236.205252 5.195508 4.663321 
0.309000 13.598036 0.446339 -27.908365 235.608323 5.200046 5.565051 
0.310000 13.838661 0.451656 -27.902399 235.005544 5.204466 6.464853 
0.311000 14.078722 0.456985 -27.895142 234.394662 5.208665 7.358161 
0.312000 14.318097 0.462310 -27.887348 233.778053 5.212746 8.249473 
0.313000 14.556897 0.467647 -27.878268 233.153540 5.216606 9.134139 
0.314000 14.794995 0.472980 -27.868665 232.523432 5.220350 10.016746 
0.315000 15.032506 0.478325 -27.857780 231.885625 5.223874 10.892558 
0.316000 15.269300 0.483666 -27.846385 231.242363 5.227283 11.766254 
0.317000 15.505495 0.489017 -27.833713 230.591620 5.230472 12.633010 
0.318000 15.740957 0.494364 -27.820546 229.935569 5.233549 13.497599 
0.319000 15.975811 0.499722 -27.806104 229.272265 5.236407 14.355105 
0.320000 16.209916 0.505075 -27.791183 228.603808 5.239154 15.210400 
0.321000 16.443402 0.510438 -27.774993 227.928341 5.241685 16.058476 
0.322000 16.676127 0.515796 -27.758337 227.247888 5.244106 16.904301 
0.323000 16.908221 0.521164 -27.740416 226.560679 5.246313 17.742776 
0.324000 17.139539 0.526527 -27.722045 225.868663 5.248412 18.578967 
0.325000 17.370218 0.531899 -27.702414 225.170162 5.250298 19.407683 
0.326000 17.600108 0.537266 -27.682348 224.467044 5.252080 20.234090 
0.327000 17.829348 0.542642 -27.661027 223.757729 5.253653 21.052902 
0.328000 18.057787 0.548012 -27.639286 223.044005 5.255123 21.869389 
0.329000 18.285568 0.553391 -27.616295 222.324390 5.256386 22.678167 
0.330000 18.512535 0.558764 -27.592900 221.600589 5.257551 23.484615 
0.331000 18.738835 0.564145 -27.568259 220.871225 5.258512 24.283249 
0.332000 18.964310 0.569520 -27.543230 220.137919 5.259378 25.079556 
0.333000 19.189111 0.574903 -27.516960 219.399403 5.260045 25.867953 
0.334000 19.413075 0.580279 -27.490319 218.657209 5.260621 26.654040 
0.335000 19.636357 0.585663 -27.462442 217.910185 5.261003 27.432133 
0.336000 19.858794 0.591040 -27.434209 217.159774 5.261298 28.207947 
0.337000 20.080541 0.596425 -27.404744 216.404945 5.261403 28.975693 
0.338000 20.301434 0.601801 -27.374941 215.647048 5.261428 29.741209 
0.339000 20.521631 0.607186 -27.343911 214.885181 5.261270 30.498600 
0.340000 20.740965 0.612563 -27.312559 214.120598 5.261037 31.253827 
0.341000 20.959599 0.617947 -27.279984 213.352533 5.260628 32.000891 
0.342000 21.177362 0.623323 -27.247103 212.582146 5.260151 32.745883 
0.343000 21.394419 0.628707 -27.213004 211.808810 5.259506 33.482694 
0.344000 21.610601 0.634081 -27.178617 211.033588 5.258802 34.217551 
0.345000 21.826072 0.639463 -27.143015 210.256007 5.257939 34.944238 
0.346000 22.040663 0.644836 -27.107141 209.477029 5.257026 35.669124 
0.347000 22.254542 0.650216 -27.070057 208.696341 5.255965 36.385881 
0.348000 22.467536 0.655586 -27.032717 207.914806 5.254866 37.101031 
0.349000 22.679816 0.660964 -26.994169 207.132282 5.253630 37.808134 
0.350000 22.891209 0.666332 -26.955383 206.349528 5.252369 38.513873 
0.351000 23.101888 0.671708 -26.915392 205.566587 5.250986 39.211695 
0.352000 23.311680 0.677073 -26.875178 204.784115 5.249593 39.908454 
0.353000 23.520759 0.682445 -26.833762 204.002347 5.248094 40.597486 
0.354000 23.728952 0.687807 -26.792139 203.221838 5.246604 41.285830 
0.355000 23.936434 0.693177 -26.749315 202.443029 5.245026 41.966708 
0.356000 24.143034 0.698536 -26.706300 201.666366 5.243477 42.647359 
0.357000 24.348927 0.703902 -26.662083 200.892514 5.241863 43.320890 
0.358000 24.553944 0.709258 -26.617690 200.121804 5.240301 43.994759 
0.359000 24.758261 0.714621 -26.572095 199.355134 5.238700 44.661957 
0.360000 24.961710 0.719973 -26.526337 198.592712 5.237178 45.330176 
0.361000 25.164467 0.725333 -26.479376 197.835679 5.235646 45.992290 
0.362000 25.366368 0.730682 -26.432264 197.084105 5.234224 46.656243 
0.363000 25.567588 0.736039 -26.383944 196.339376 5.232824 47.314782 
0.364000 25.767965 0.741385 -26.335485 195.601395 5.231570 47.976123 
0.365000 25.967676 0.746740 -26.285813 194.871791 5.230372 48.632871 
0.366000 26.166561 0.752084 -26.236010 194.150257 5.229357 49.293524 
0.367000 26.364795 0.757436 -26.184986 193.438647 5.228437 49.950519 
0.368000 26.562225 0.762778 -26.133840 192.736386 5.227736 50.612639 
0.369000 26.759023 0.768129 -26.081462 192.045524 5.227169 51.272110 
0.370000 26.955039 0.773470 -26.028967 191.365135 5.226857 51.937995 
0.371000 27.150446 0.778820 -25.975227 190.697431 5.226714 52.602246 
0.372000 27.345097 0.784161 -25.921373 190.041049 5.226859 53.274189 
0.373000 27.539161 0.789511 -25.866258 189.398324 5.227202 53.945426 
0.374000 27.732496 0.794853 -25.811032 188.767368 5.227857 54.625529 
0.375000 27.925270 0.800205 -25.754526 188.150633 5.228729 55.305661 
0.376000 28.117344 0.805548 -25.697908 187.545634 5.229928 55.995638 
0.377000 28.308880 0.810902 -25.639991 186.954968 5.231353 56.686103 
0.378000 28.499747 0.816248 -25.581961 186.375511 5.233108 57.387137 
0.379000 28.690097 0.821606 -25.522610 185.810082 5.235086 58.088793 
0.380000 28.879807 0.826956 -25.463145 185.254898 5.237386 58.801474 
0.381000 29.069022 0.832319 -25.402336 184.713118 5.239897 59.514589 
0.382000 29.257624 0.837674 -25.341412 184.180288 5.242714 60.238955 
0.383000 29.445749 0.843042 -25.279122 183.660054 5.245723 60.963284 
0.384000 29.633286 0.848403 -25.216716 183.147264 5.249015 61.698929 
0.385000 29.820363 0.853779 -25.152922 182.646211 5.252475 62.433844 
0.386000 30.006875 0.859147 -25.089013 182.150991 5.256195 63.180053 
0.387000 30.192939 0.864530 -25.023692 181.666708 5.260057 63.924679 
0.388000 30.378461 0.869906 -24.958259 181.186612 5.264153 64.680570 
0.389000 30.563542 0.875297 -24.891392 180.716798 5.268367 65.433907 
0.390000 30.748104 0.880682 -24.824419 180.249527 5.272790 66.198536 
0.391000 30.932229 0.886082 -24.755988 179.792082 5.277308 66.959550 
0.392000 31.115855 0.891476 -24.687459 179.335549 5.282012 67.731985 
0.393000 31.299047 0.896886 -24.617448 178.888619 5.286791 68.499668 
0.394000 31.481758 0.902290 -24.547348 178.440971 5.291735 69.279047 
0.395000 31.664034 0.907710 -24.475743 178.002959 5.296736 70.052452 
0.396000 31.845849 0.913124 -24.404061 177.562571 5.301884 70.838001 
0.397000 32.027225 0.918555 -24.330849 177.132134 5.307074 71.616257 
0.398000 32.208160 0.923979 -24.257575 176.697590 5.312394 72.407311 
0.399000 32.388646 0.929421 -24.182745 176.273615 5.317743 73.189625 
0.400000 32.568714 0.934856 -24.107871 175.843684 5.323208 73.985628 
0.401000 32.748321 0.940309 -24.031413 175.425270 5.328691 74.771281 
0.402000 32.927533 0.945756 -23.954932 174.998874 5.334278 75.571785 
0.403000 33.106268 0.951220 -23.876837 174.585309 5.339876 76.360121 
0.404000 33.284634 0.956678 -23.798743 174.161494 5.345565 77.164783 
0.405000 33.462502 0.962154 -23.719002 173.752239 5.351259 77.955199 
0.406000 33.640031 0.967624 -23.639292 173.330148 5.357033 78.763774 
0.407000 33.817036 0.973111 -23.557897 172.924818 5.362810 79.555702 
0.408000 33.993736 0.978593 -23.476567 172.503663 5.368655 80.368045 
0.409000 34.169879 0.984092 -23.393510 172.102019 5.374503 81.160940 
0.410000 34.345758 0.989586 -23.310558 171.681053 5.380407 81.977000 
0.411000 34.521040 0.995098 -23.225832 171.282993 5.386315 82.770322 
0.412000 34.696104 1.000603 -23.141258 170.861489 5.392267 83.590143 
0.413000 34.870524 1.006127 -23.054855 170.467048 5.398228 84.383345 
0.414000 35.044781 1.011645 -22.968658 170.044269 5.404220 85.207069 
0.415000 35.218337 1.017181 -22.880570 169.653617 5.410228 85.999575 
0.416000 35.391795 1.022711 -22.792752 169.228798 5.416252 86.827449 
0.417000 35.564482 1.028260 -22.702971 168.842249 5.422301 87.618640 
0.418000 35.737149 1.033802 -22.613535 168.414561 5.428350 88.451020 
0.419000 35.908961 1.039363 -22.522051 168.032583 5.434438 89.240211 
0.420000 36.080847 1.044918 -22.431001 167.601114 5.440505 90.077580 
0.421000 36.251776 1.050491 -22.337804 167.224346 5.446630 90.863998 
0.422000 36.422892 1.056059 -22.245146 166.788059 5.452708 91.706980 
0.423000 36.592929 1.061644 -22.150225 166.417336 5.458869 92.489738 
0.424000 36.763286 1.067224 -22.055965 165.975040 5.464952 93.339116 
0.425000 36.932418 1.072822 -21.959307 165.611419 5.471150 94.117187 
0.426000 37.102031 1.078415 -21.863455 165.161722 5.477233 94.973933 
0.427000 37.270244 1.084026 -21.765045 164.806523 5.483469 95.746111 
0.428000 37.439131 1.089631 -21.667614 164.347786 5.489543 96.611416 
0.429000 37.606405 1.095254 -21.567433 164.002637 5.495821 97.376280 
0.430000 37.774586 1.100872 -21.468438 163.532912 5.501880 98.251595 
0.431000 37.940899 1.106508 -21.366467 163.199809 5.508204 99.007456 
0.432000 38.108399 1.112139 -21.265926 162.716773 5.514239 99.894542 
0.433000 38.273724 1.117787 -21.162140 162.398150 5.520615 100.639391 
0.434000 38.440572 1.123431 -21.060076 161.899019 5.526617 101.540376 
0.435000 38.604876 1.129091 -20.954447 161.597837 5.533054 102.271816 
0.436000 38.771108 1.134749 -20.850886 161.079265 5.539010 103.189265 
0.437000 38.934351 1.140421 -20.743381 160.799119 5.545519 103.904428 
0.438000 39.100010 1.146091 -20.638358 160.257081 5.551415 104.841433 
0.439000 39.262145 1.151776 -20.528936 160.002329 5.558011 105.536886 
0.440000 39.427283 1.157460 -20.422490 159.431972 5.563829 106.497169 
0.441000 39.588251 1.163156 -20.311104 159.207893 5.570529 107.168795 
0.442000 39.752931 1.168854 -20.203284 158.603363 5.576249 108.156831 
0.443000 39.912662 1.174562 -20.089878 158.416345 5.583076 108.799694 
0.444000 40.076959 1.180274 -19.980743 157.770575 5.588671 109.820865 
0.445000 40.235370 1.185993 -19.865247 157.628353 5.595652 110.429038 
0.446000 40.399376 1.191719 -19.754868 156.932805 5.601092 111.489815 
0.447000 40.556364 1.197450 -19.637203 156.844734 5.608261 112.056186 
0.448000 40.720190 1.203191 -19.525666 156.089094 5.613506 113.164343 
0.449000 40.875633 1.208932 -19.405734 156.066490 5.620905 113.680372 
0.450000 41.039412 1.214688 -19.293141 155.238297 5.625909 114.845248 
0.451000 41.193161 1.220439 -19.170827 155.294840 5.633591 115.300683 
0.452000 41.357056 1.226211 -19.057303 154.379038 5.638294 116.533494 
0.453000 41.508932 1.231972 -18.932467 154.531266 5.646323 116.916030 
0.454000 41.673138 1.237760 -18.818160 153.509671 5.650654 118.230239 
0.455000 41.822924 1.243530 -18.690636 153.777555 5.659109 118.525115 
0.456000 41.987679 1.249335 -18.575726 152.628223 5.662979 119.936864 
0.457000 42.135113 1.255113 -18.445314 153.035861 5.671959 120.126390 
0.458000 42.300702 1.260937 -18.330016 151.732340 5.675260 121.655014 
0.459000 42.445470 1.266721 -18.196478 152.308764 5.684884 121.718023 
0.460000 42.612238 1.272565 -18.081051 150.819229 5.687482 123.386632 
0.461000 42.753960 1.278354 -17.944100 151.599329 5.697897 123.297848 
0.462000 42.922323 1.284219 -17.828855 149.885594 5.699631 125.133996 
0.463000 43.060539 1.290013 -17.688148 150.911170 5.711015 124.863336 
0.464000 43.231000 1.295901 -17.573456 148.927601 5.711689 126.899736 
0.465000 43.365160 1.301695 -17.428584 150.248474 5.724257 126.411574 
0.466000 43.538322 1.307609 -17.314891 147.940866 5.723633 128.686845 
0.467000 43.667761 1.313403 -17.165365 149.616001 5.737646 127.939269 
0.468000 43.844350 1.319345 -17.053201 146.920497 5.735440 130.498628 
0.469000 43.968276 1.325134 -16.898440 149.018990 5.751207 129.442814 
0.470000 44.149157 1.331109 -16.788435 145.861244 5.747083 132.338610 
0.471000 44.266624 1.336889 -16.627751 148.462950 5.764966 130.918431 
0.472000 44.452827 1.342901 -16.520652 144.757774 5.758536 134.210340 
0.473000 44.562715 1.348668 -16.353234 147.953283 5.778948 132.362421 
0.474000 44.755454 1.354721 -16.249914 143.605098 5.769772 136.117108 
0.475000 44.856449 1.360470 -16.074817 147.494725 5.793177 133.771533 
0.476000 45.057144 1.366571 -15.976295 142.399130 5.780770 138.061586 
0.477000 45.147715 1.372294 -15.792422 147.090658 5.807669 135.143412 
0.478000 45.358007 1.378450 -15.699869 141.137265 5.791514 140.045472 
0.479000 45.436401 1.384140 -15.505970 146.742425 5.822428 136.477046 
0.480000 45.658157 1.390359 -15.420716 139.818798 5.802003 142.069242 
0.481000 45.722390 1.396007 -15.215378 146.448853 5.837446 137.773074 
0.482000 45.957707 1.402299 -15.138911 138.445024 5.812243 144.132134 
0.483000 46.005569 1.407896 -14.920566 146.206136 5.852703 139.033859 
0.484000 46.256761 1.414270 -14.854528 137.018948 5.822252 146.232379 
0.485000 46.285830 1.419805 -14.621459 146.008130 5.868164 140.263295 
0.486000 46.555409 1.426273 -14.567630 135.544725 5.832057 148.367606 
0.487000 46.563077 1.431734 -14.317984 145.846935 5.883786 141.466430 
0.488000 46.853728 1.438308 -14.278271 134.027014 5.841690 150.535285 
0.489000 46.837219 1.443683 -14.010076 145.713585 5.899521 142.649013 
0.490000 47.151774 1.450375 -13.986493 132.470437 5.851184 152.733093 
0.491000 47.108177 1.455651 -13.697672 145.598695 5.915317 143.817066 
0.492000 47.449585 1.462475 -13.692326 130.879226 5.860575 154.959142 
0.493000 47.375881 1.467638 -13.380715 145.492979 5.931124 144.976537 
0.494000 47.747180 1.474606 -13.395788 129.257061 5.869896 157.212084 
0.495000 47.640266 1.479645 -13.059149 145.387625 5.946894 146.133038 
0.496000 48.044560 1.486770 -13.096884 127.607049 5.879183 159.491116 
0.497000 47.901277 1.491670 -12.732922 145.274550 5.962582 147.291672 
0.498000 48.341708 1.498966 -12.795610 125.931775 5.888469 161.795939 
0.499000 48.158861 1.503714 -12.401981 145.146559 5.978146 148.456920 
0.500000 48.638594 1.511194 -12.491952 124.233403 5.897787 164.126694 
0.501000 48.412971 1.515778 -12.066272 144.997433 5.993550 149.632574 
0.502000 48.935175 1.523453 -12.185890 122.513780 5.907172 166.483894 
0.503000 48.663564 1.527861 -11.725742 144.821970 6.008762 150.821719 
0.504000 49.231398 1.535744 -11.877396 120.774532 5.916661 168.868362 
0.505000 48.910599 1.539963 -11.380334 144.615982 6.023754 152.026734 
0.506000 49.527199 1.548065 -11.566437 119.017156 5.926291 171.281185 
0.507000 49.154039 1.552084 -11.029992 144.376263 6.038504 153.249326 
0.508000 49.822509 1.560416 -11.252977 117.243102 5.936102 173.723676 
0.509000 49.393851 1.564226 -10.674653 144.100534 6.052993 154.490572 
0.510000 50.117256 1.572797 -10.936978 115.453838 5.946138 176.197343 
0.511000 49.630003 1.576389 -10.314255 143.787369 6.067207 155.750984 
0.512000 50.411362 1.585207 -10.618401 113.650925 5.956447 178.703865 
0.513000 49.862468 1.588572 -9.948730 143.436103 6.081137 157.030577 
0.514000 50.704750 1.597646 -10.297207 111.836080 5.967079 181.245076 
0.515000 50.091220 1.600777 -9.578006 143.046737 6.094776 158.328942 
0.516000 50.997341 1.610112 -9.973357 110.011242 5.978093 183.822948 
0.517000 50.316240 1.613005 -9.202011 142.619834 6.108122 159.645330 
0.518000 51.289059 1.622606 -9.646815 108.178650 5.989552 186.439567 
0.519000 50.537511 1.625256 -8.820663 142.156411 6.121174 160.978722 
0.520000 51.579830 1.635126 -9.317545 106.340921 6.001525 189.097113 
0.521000 50.755023 1.637532 -8.433879 141.657839 6.133934 162.327907 
0.522000 51.869580 1.647673 -8.985516 104.501141 6.014090 191.797829 
0.523000 50.968772 1.649833 -8.041571 141.125742 6.146408 163.691547 
0.524000 52.158242 1.660245 -8.650697 102.662969 6.027335 194.543980 
0.525000 51.178762 1.662162 -7.643646 140.561916 6.158600 165.068237 
0.526000 52.445751 1.672842 -8.313062 100.830755 6.041356 197.337798 
0.527000 51.385003 1.674519 -7.240006 139.968243 6.170518 166.456556 
0.528000 52.732045 1.685463 -7.972588 99.009673 6.056259 200.181409 
0.529000 51.587520 1.686906 -6.830550 139.346633 6.182169 167.855106 
0.530000 53.017068 1.698108 -7.629253 97.205867 6.072163 203.076729 
0.531000 51.786347 1.699327 -6.415172 138.698970 6.193562 169.262545 
0.532000 53.300766 1.710777 -7.283039 95.426621 6.089197 206.025336 
0.533000 51.981535 1.711782 -5.993763 138.027074 6.204705 170.677607 
0.534000 53.583090 1.723468 -6.933931 93.680526 6.107505 209.028291 
0.535000 52.173152 1.724274 -5.566211 137.332670 6.215606 172.099117 
0.536000 53.863994 1.736181 -6.581916 91.977668 6.127239 212.085924 
0.537000 52.361285 1.736807 -5.132406 136.617377 6.226273 173.525997 
0.538000 54.143434 1.748917 -6.226981 90.329789 6.148561 215.197548 
0.539000 52.546048 1.749383 -4.692235 135.882698 6.236715 174.957269 
0.540000 54.421372 1.761674 -5.869119 88.750433 6.171643 218.361119 
0.541000 52.727580 1.762007 -4.245594 135.130017 6.246938 176.392052 
0.542000 54.697770 1.774451 -5.508323 87.255021 6.196655 221.572830 
0.543000 52.906054 1.774682 -3.792384 134.360606 6.256950 177.829553 
0.544000 54.972595 1.787249 -5.144586 85.860832 6.223766 224.826641 
0.545000 53.081676 1.787412 -3.332518 133.575629 6.266758 179.269066 
0.546000 55.245814 1.800067 -4.777905 84.586831 6.253126 228.113785 
0.547000 53.254691 1.800202 -2.865928 132.776154 6.276368 180.709961 
0.548000 55.517397 1.812905 -4.408276 83.453284 6.284862 231.422277 
0.549000 53.425389 1.813057 -2.392572 131.963157 6.285787 182.151679 
0.550000 55.787318 1.825762 -4.035699 82.481118 6.319055 234.736499 
0.551000 53.594098 1.825983 -1.912436 131.137537 6.295021 183.593722 
0.552000 56.055550 1.838638 -3.660171 81.690968 6.355727 238.036973 
0.553000 53.761190 1.838983 -1.425549 130.300118 6.304075 185.035649 
0.554000 56.322069 1.851533 -3.281695 81.101944 6.394821 241.300418 
0.555000 53.927078 1.852063 -0.931988 129.451659 6.312954 186.477072 
0.556000 56.586853 1.864446 -2.900270 80.730169 6.436191 244.500238 
0.557000 54.092206 1.865228 -0.431881 128.592857 6.321666 187.917651 
0.558000 56.849879 1.877376 -2.515899 80.587260 6.479587 247.607490 
0.559000 54.257041 1.878481 0.074582 127.724353 6.330213 189.357088 
0.560000 57.111130 1.890324 -2.128583 80.678959 6.524664 250.592353 
0.561000 54.422064 1.891827 0.587149 126.846732 6.338602 190.795126 
0.562000 57.370585 1.903289 -1.738326 81.004187 6.570987 253.425973 
0.563000 54.587752 1.905267 1.105513 125.960525 6.346837 192.231548 
0.564000 57.628228 1.916271 -1.345131 81.554736 6.618062 256.082455 
0.565000 54.754566 1.918804 1.629310 125.066210 6.354922 193.666172 
0.566000 57.884042 1.929270 -0.949002 82.315707 6.665365 258.540676 
0.567000 54.922936 1.932438 2.158136 124.164214 6.362862 195.098849 
0.568000 58.138010 1.942284 -0.549942 83.266635 6.712380 260.785644 
0.569000 55.093252 1.946167 2.691553 123.254912 6.370660 196.529462 
0.570000 58.390119 1.955315 -0.147956 84.383129 6.758629 262.809180 
0.571000 55.265851 1.959991 3.229109 122.338630 6.378320 197.957921 
0.572000 58.640353 1.968361 0.256952 85.638708 6.803705 264.609867 
0.573000 55.441019 1.973908 3.770349 121.415645 6.385846 199.384164 
0.574000 58.888700 1.981423 0.664777 87.006576 6.847279 266.192369 
0.575000 55.618984 1.987914 4.314825 120.486191 6.393239 200.808150 
0.576000 59.135145 1.994500 1.075515 88.461089 6.889115 267.566318 
0.577000 55.799924 2.002005 4.862112 119.550461 6.400503 202.229860 
0.578000 59.379676 2.007592 1.489161 89.978810 6.929059 268.744992 
0.579000 55.983969 2.016178 5.411809 118.608609 6.407640 203.649293 
0.580000 59.622281 2.020698 1.905710 91.539140 6.967031 269.744003 
0.581000 56.171206 2.030428 5.963550 117.660756 6.414651 205.066462 
0.582000 59.862947 2.033819 2.325158 93.124563 7.003016 270.580126 
0.583000 56.361685 2.044752 6.517001 116.706990 6.421539 206.481396 
0.584000 60.101663 2.046954 2.747500 94.720614 7.037045 271.270358 
0.585000 56.555429 2.059146 7.071864 115.747374 6.428305 207.894132 
0.586000 60.338415 2.060102 3.172732 96.315654 7.069183 271.831224 
0.587000 56.752435 2.073605 7.627874 114.781947 6.434950 209.304719 
0.588000 60.573193 2.073264 3.600849 97.900548 7.099519 272.278305 
0.589000 56.952683 2.088127 8.184799 113.810725 6.441475 210.713215 
0.590000 60.805984 2.086440 4.031847 99.468297 7.128156 272.625962 
0.591000 57.156138 2.102707 8.742435 112.833706 6.447882 212.119684 
0.592000 61.036777 2.099629 4.465722 101.013679 7.155206 272.887208 
0.593000 57.362754 2.117342 9.300605 111.850872 6.454170 213.524195 
0.594000 61.265560 2.112830 4.902469 102.532916 7.180778 273.073673 
0.595000 57.572477 2.132030 9.859157 110.862190 6.460341 214.926822 
0.596000 61.492320 2.126044 5.342086 104.023385 7.204983 273.195658 
0.597000 57.785249 2.146767 10.417958 109.867613 6.466394 216.327645 
0.598000 61.717046 2.139271 5.784568 105.483372 7.227925 273.262209 
0.599000 58.001008 2.161552 10.976895 108.867083 6.472331 217.726745 
0.600000 61.939725 2.152510 6.229911 106.911869 7.249704 273.281233 
0.601000 58.219688 2.176380 11.535871 107.860530 6.478151 219.124207 
0.602000 62.160346 2.165760 6.678113 108.308405 7.270412 273.259612 
0.603000 58.441224 2.191251 12.094803 106.847877 6.483854 220.520119 
0.604000 62.378895 2.179022 7.129171 109.672920 7.290135 273.203314 
0.605000 58.665552 2.206163 12.653619 105.829034 6.489440 221.914569 
0.606000 62.595360 2.192296 7.583080 111.005660 7.308950 273.117513 
0.607000 58.892606 2.221113 13.212261 104.803906 6.494910 223.307648 
0.608000 62.809729 2.205581 8.039839 112.307091 7.326930 273.006680 
0.609000 59.122321 2.236099 13.770675 103.772388 6.500263 224.699447 
0.610000 63.021987 2.218877 8.499445 113.577842 7.344141 272.874685 
0.611000 59.354636 2.251121 14.328820 102.734369 6.505498 226.090060 
0.612000 63.232123 2.232183 8.961895 114.818651 7.360641 272.724870 
0.613000 59.589489 2.266177 14.886658 101.689729 6.510615 227.479579 
0.614000 63.440121 2.245500 9.427187 116.030331 7.376485 272.560126 
0.615000 59.826820 2.281265 15.444159 100.638344 6.515614 228.868100 
0.616000 63.645969 2.258827 9.895319 117.213739 7.391722 272.382952 
0.617000 60.066572 2.296384 16.001298 99.580080 6.520493 230.255717 
0.618000 63.849653 2.272164 10.366290 118.369756 7.406396 272.195512 
0.619000 60.308689 2.311533 16.558053 98.514800 6.525253 231.642525 
0.620000 64.051157 2.285511 10.840097 119.499271 7.420549 271.999679 
0.621000 60.553115 2.326712 17.114408 97.442357 6.529892 233.028619 
0.622000 64.250468 2.298868 11.316740 120.603166 7.434217 271.797078 
0.623000 60.799800 2.341918 17.670348 96.362601 6.534409 234.414096 
0.624000 64.447571 2.312233 11.796216 121.682312 7.447434 271.589115 
0.625000 61.048692 2.357151 18.225863 95.275372 6.538804 235.799050 
0.626000 64.642449 2.325608 12.278525 122.737560 7.460230 271.377014 
0.627000 61.299742 2.372410 18.780944 94.180507 6.543074 237.183578 
0.628000 64.835088 2.338991 12.763666 123.769734 7.472633 271.161838 
0.629000 61.552904 2.387695 19.335585 93.077835 6.547220 238.567776 
0.630000 65.025472 2.352383 13.251638 124.779633 7.484669 270.944509 
0.631000 61.808131 2.403004 19.889782 91.967180 6.551239 239.951739 
0.632000 65.213584 2.365783 13.742442 125.768028 7.496362 270.725830 
0.633000 62.065380 2.418338 20.443531 90.848356 6.555131 241.335563 
0.634000 65.399407 2.379191 14.236075 126.735659 7.507732 270.506502 
0.635000 62.324608 2.433694 20.996831 89.721175 6.558893 242.719345 
0.636000 65.582925 2.392607 14.732539 127.683233 7.518799 270.287134 
0.637000 62.585775 2.449073 21.549683 88.585439 6.562525 244.103179 
0.638000 65.764120 2.406030 15.231834 128.611431 7.529581 270.068255 
0.639000 62.848840 2.464474 22.102088 87.440944 6.566023 245.487162 
0.640000 65.942974 2.419460 15.733959 129.520902 7.540095 269.850328 
0.641000 63.113765 2.479897 22.654046 86.287479 6.569387 246.871389 
0.642000 66.119469 2.432898 16.238916 130.412266 7.550356 269.633756 
0.643000 63.380513 2.495341 23.205561 85.124825 6.572615 248.255957 
0.644000 66.293585 2.446341 16.746705 131.286115 7.560378 269.418889 
0.645000 63.649049 2.510805 23.756637 83.952758 6.575703 249.640959 
0.646000 66.465304 2.459792 17.257327 132.143013 7.570175 269.206033 
0.647000 63.919338 2.526289 24.307278 82.771043 6.578651 251.026492 
0.648000 66.634606 2.473248 17.770782 132.983500 7.579757 268.995453 
0.649000 64.191345 2.541793 24.857488 81.579438 6.581456 252.412651 
0.650000 66.801470 2.486710 18.287073 133.808088 7.589137 268.787378 
0.651000 64.465040 2.557316 25.407272 80.377695 6.584115 253.799530 
0.652000 66.965877 2.500177 18.806201 134.617266 7.598324 268.582009 
0.653000 64.740389 2.572858 25.956636 79.165554 6.586625 255.187225 
0.654000 67.127804 2.513649 19.328167 135.411503 7.607328 268.379517 
0.655000 65.017363 2.588418 26.505586 77.942748 6.588985 256.575830 
0.656000 67.287230 2.527127 19.852974 136.191241 7.616159 268.180052 
0.657000 65.295932 2.603996 27.054128 76.709002 6.591190 257.965439 
0.658000 67.444132 2.540608 20.380622 136.956907 7.624823 267.983741 
0.659000 65.576067 2.619592 27.602269 75.464029 6.593238 259.356146 
0.660000 67.598488 2.554094 20.911116 137.708905 7.633330 267.790691 
0.661000 65.857740 2.635206 28.150014 74.207533 6.595126 260.748046 
0.662000 67.750274 2.567584 21.444456 138.447620 7.641687 267.600996 
0.663000 66.140924 2.650836 28.697372 72.939208 6.596850 262.141231 
0.664000 67.899466 2.581078 21.980646 139.173423 7.649899 267.414732 
0.665000 66.425593 2.666483 29.244348 71.658737 6.598406 263.535795 
0.666000 68.046039 2.594574 22.519689 139.886665 7.657974 267.231964 
0.667000 66.711721 2.682147 29.790951 70.365792 6.599792 264.931830 
0.668000 68.189966 2.608073 23.061587 140.587682 7.665916 267.052743 
0.669000 66.999282 2.697827 30.337187 69.060031 6.601002 266.329427 
0.670000 68.331223 2.621575 23.606343 141.276797 7.673733 266.877112 
0.671000 67.288253 2.713523 30.883064 67.741104 6.602033 267.728680 
0.672000 68.469783 2.635079 24.153962 141.954318 7.681428 266.705103 
0.673000 67.578610 2.729235 31.428589 66.408643 6.602880 269.129676 
0.674000 68.605617 2.648585 24.704446 142.620538 7.689007 266.536740 
0.675000 67.870329 2.744962 31.973770 65.062270 6.603539 270.532508 
0.676000 68.738697 2.662092 25.257800 143.275741 7.696474 266.372039 
0.677000 68.163389 2.760705 32.518614 63.701593 6.604005 271.937263 
0.678000 68.868993 2.675600 25.814027 143.920195 7.703833 266.211009 
0.679000 68.457767 2.776463 33.063128 62.326201 6.604272 273.344030 
0.680000 68.996477 2.689109 26.373132 144.554162 7.711089 266.053653 
0.681000 68.753441 2.792235 33.607321 60.935673 6.604336 274.752894 
0.682000 69.121116 2.702617 26.935118 145.177888 7.718245 265.899968 
0.683000 69.050392 2.808022 34.151199 59.529566 6.604190 276.163942 
0.684000 69.242879 2.716126 27.499991 145.791614 7.725304 265.749947 
0.685000 69.348598 2.823824 34.694771 58.107424 6.603828 277.577258 
0.686000 69.361734 2.729633 28.067754 146.395568 7.732270 265.603577 
0.687000 69.648039 2.839639 35.238043 56.668770 6.603245 278.992923 
0.688000 69.477645 2.743140 28.638413 146.989971 7.739146 265.460841 
0.689000 69.948695 2.855469 35.781023 55.213109 6.602433 280.411018 
0.690000 69.590580 2.756644 29.211972 147.575036 7.745935 265.321718 
0.691000 70.250549 2.871313 36.323718 53.739925 6.601385 281.831621 
0.692000 69.700501 2.770147 29.788438 148.150967 7.752639 265.186182 
0.693000 70.553581 2.887170 36.866137 52.248682 6.600095 283.254808 
0.694000 69.807371 2.783647 30.367814 148.717961 7.759262 265.054207 
0.695000 70.857772 2.903041 37.408285 50.738819 6.598554 284.680652 
0.696000 69.911154 2.797144 30.950107 149.276209 7.765805 264.925760 
0.697000 71.163105 2.918926 37.950170 49.209752 6.596754 286.109224 
0.698000 70.011809 2.810637 31.535321 149.825894 7.772270 264.800808 
0.699000 71.469563 2.934823 38.491801 47.660874 6.594687 287.540591 
