0.000000 -55.979958 -0.563243 7.369992 155.678040 1.412967 -164.243730 
0.001000 -55.820744 -0.561798 7.202017 156.093834 1.418837 -164.281243 
0.002000 -55.660680 -0.560341 7.033967 156.513037 1.424793 -164.316619 
0.003000 -55.500609 -0.558884 6.865920 156.932264 1.430750 -164.351965 
0.004000 -55.339687 -0.557415 6.697797 157.354911 1.436793 -164.385142 
0.005000 -55.178751 -0.555945 6.529683 157.777607 1.442839 -164.418256 
0.006000 -55.016965 -0.554464 6.361492 158.203733 1.448971 -164.449166 
0.007000 -54.855157 -0.552981 6.193315 158.629933 1.455107 -164.479980 
0.008000 -54.692499 -0.551487 6.025061 159.059572 1.461331 -164.508555 
0.009000 -54.529813 -0.549992 5.856825 159.489310 1.467558 -164.537001 
0.010000 -54.366276 -0.548486 5.688513 159.922498 1.473874 -164.563171 
0.011000 -54.202704 -0.546978 5.520223 160.355808 1.480195 -164.589176 
0.012000 -54.038280 -0.545458 5.351858 160.792579 1.486606 -164.612868 
0.013000 -53.873815 -0.543937 5.183520 161.229497 1.493021 -164.636359 
0.014000 -53.708497 -0.542404 5.015107 161.669886 1.499528 -164.657499 
0.015000 -53.543131 -0.540870 4.846726 162.110445 1.506041 -164.678400 
0.016000 -53.376913 -0.539324 4.678270 162.554486 1.512645 -164.696910 
0.017000 -53.210638 -0.537776 4.509851 162.998722 1.519256 -164.715143 
0.018000 -53.043511 -0.536216 4.341357 163.446449 1.525959 -164.730944 
0.019000 -52.876321 -0.534655 4.172906 163.894395 1.532671 -164.746428 
0.020000 -52.708278 -0.533081 4.004381 164.345842 1.539476 -164.759439 
0.021000 -52.540164 -0.531506 3.835903 164.797533 1.546290 -164.772090 
0.022000 -52.371197 -0.529918 3.667352 165.252733 1.553198 -164.782226 
0.023000 -52.202152 -0.528329 3.498853 165.708202 1.560116 -164.791958 
0.024000 -52.032253 -0.526727 3.330283 166.167190 1.567128 -164.799132 
0.025000 -51.862269 -0.525123 3.161769 166.626470 1.574152 -164.805857 
0.026000 -51.691431 -0.523507 2.993185 167.089277 1.581272 -164.809977 
0.027000 -51.520501 -0.521889 2.824663 167.552401 1.588403 -164.813602 
0.028000 -51.348716 -0.520258 2.656071 168.019061 1.595632 -164.814575 
0.029000 -51.176831 -0.518625 2.487547 168.486061 1.602873 -164.815004 
0.030000 -51.004090 -0.516980 2.318954 168.956605 1.610212 -164.812732 
0.031000 -50.831243 -0.515332 2.150435 169.427512 1.617566 -164.809863 
0.032000 -50.657539 -0.513671 1.981848 169.901971 1.625017 -164.804241 
0.033000 -50.483721 -0.512008 1.813341 170.376817 1.632484 -164.797966 
0.034000 -50.309046 -0.510332 1.644766 170.855221 1.640051 -164.788882 
0.035000 -50.134250 -0.508653 1.476277 171.334035 1.647634 -164.779082 
0.036000 -49.958595 -0.506962 1.307723 171.816414 1.655317 -164.766407 
0.037000 -49.782812 -0.505267 1.139260 172.299225 1.663018 -164.752940 
0.038000 -49.606170 -0.503560 0.970734 172.785606 1.670820 -164.736512 
0.039000 -49.429392 -0.501850 0.802304 173.272439 1.678641 -164.719184 
0.040000 -49.251755 -0.500127 0.633813 173.762846 1.686564 -164.698752 
0.041000 -49.073974 -0.498400 0.465425 174.253723 1.694507 -164.677206 
0.042000 -48.895332 -0.496661 0.296978 174.748175 1.702553 -164.652208 
0.043000 -48.716539 -0.494918 0.128642 175.243106 1.710620 -164.625471 
0.044000 -48.536885 -0.493162 -0.039751 175.741595 1.718790 -164.594180 
0.045000 -48.357073 -0.491402 -0.208023 176.240549 1.726983 -164.559644 
0.046000 -48.176399 -0.489630 -0.376345 176.743016 1.735279 -164.519853 
0.047000 -47.995559 -0.487853 -0.544536 177.245919 1.743598 -164.477713 
0.048000 -47.813855 -0.486063 -0.712772 177.752303 1.752021 -164.431576 
0.049000 -47.631980 -0.484269 -0.880869 178.259119 1.760467 -164.383870 
0.050000 -47.449240 -0.482462 -1.049007 178.769404 1.769018 -164.332558 
0.051000 -47.266321 -0.480651 -1.216998 179.280125 1.777594 -164.279849 
0.052000 -47.082536 -0.478826 -1.385029 179.794308 1.786274 -164.223603 
0.053000 -46.898565 -0.476997 -1.552905 180.308935 1.794982 -164.165968 
0.054000 -46.713728 -0.475155 -1.720818 180.827015 1.803795 -164.104780 
0.055000 -46.528697 -0.473307 -1.888569 181.345547 1.812635 -164.042162 
0.056000 -46.342799 -0.471447 -2.056353 181.867524 1.821582 -163.975948 
0.057000 -46.156701 -0.469581 -2.223970 182.389961 1.830558 -163.908245 
0.058000 -45.969734 -0.467703 -2.391615 182.915833 1.839642 -163.836890 
0.059000 -45.782560 -0.465819 -2.559086 183.442170 1.848755 -163.763977 
0.060000 -45.594517 -0.463921 -2.726582 183.971931 1.857977 -163.687350 
0.061000 -45.406260 -0.462018 -2.893896 184.502162 1.867230 -163.609093 
0.062000 -45.217132 -0.460102 -3.061232 185.035807 1.876592 -163.527056 
0.063000 -45.027783 -0.458180 -3.228378 185.569923 1.885987 -163.443312 
0.064000 -44.837563 -0.456245 -3.395543 186.107439 1.895491 -163.355719 
0.065000 -44.647114 -0.454303 -3.562510 186.645428 1.905030 -163.266340 
0.066000 -44.455794 -0.452348 -3.729492 187.186803 1.914679 -163.173041 
0.067000 -44.264238 -0.450386 -3.896268 187.728650 1.924363 -163.077875 
0.068000 -44.071809 -0.448412 -4.063056 188.273865 1.934159 -162.978715 
0.069000 -43.879138 -0.446430 -4.229628 188.819550 1.943992 -162.877603 
0.070000 -43.685593 -0.444435 -4.396209 189.368585 1.953937 -162.772423 
0.071000 -43.491799 -0.442434 -4.562567 189.918086 1.963919 -162.665205 
0.072000 -43.297130 -0.440418 -4.728929 190.470916 1.974015 -162.553842 
0.073000 -43.102205 -0.438396 -4.895059 191.024204 1.984149 -162.440353 
0.074000 -42.906404 -0.436360 -5.061188 191.580800 1.994398 -162.322639 
0.075000 -42.710341 -0.434317 -5.227077 192.137846 2.004687 -162.202709 
0.076000 -42.513401 -0.432260 -5.392962 192.698174 2.015091 -162.078476 
0.077000 -42.316191 -0.430195 -5.558597 193.258941 2.025536 -161.951933 
0.078000 -42.118104 -0.428117 -5.724222 193.822963 2.036097 -161.821004 
0.079000 -41.919741 -0.426030 -5.889589 194.387409 2.046701 -161.687671 
0.080000 -41.720499 -0.423930 -6.054942 194.955082 2.057421 -161.549871 
0.081000 -41.520975 -0.421822 -6.220027 195.523163 2.068185 -161.409569 
0.082000 -41.320572 -0.419700 -6.385093 196.094438 2.079066 -161.264715 
0.083000 -41.119879 -0.417569 -6.549882 196.666101 2.089992 -161.117260 
0.084000 -40.918306 -0.415425 -6.714646 197.240924 2.101037 -160.965167 
0.085000 -40.716437 -0.413272 -6.879124 197.816114 2.112127 -160.810374 
0.086000 -40.513688 -0.411105 -7.043572 198.394426 2.123337 -160.650855 
0.087000 -40.310637 -0.408929 -7.207723 198.973078 2.134593 -160.488532 
0.088000 -40.106704 -0.406739 -7.371839 199.554812 2.145970 -160.321396 
0.089000 -39.902462 -0.404539 -7.535649 200.136858 2.157395 -160.151351 
0.090000 -39.697339 -0.402326 -7.699416 200.721943 2.168940 -159.976402 
0.091000 -39.491901 -0.400103 -7.862868 201.307307 2.180534 -159.798440 
0.092000 -39.285580 -0.397866 -8.026272 201.895664 2.192250 -159.615482 
0.093000 -39.078939 -0.395619 -8.189350 202.484263 2.204016 -159.429402 
0.094000 -38.871414 -0.393357 -8.352373 203.075805 2.215905 -159.238235 
0.095000 -38.663562 -0.391086 -8.515059 203.667550 2.227844 -159.043835 
0.096000 -38.454827 -0.388801 -8.677685 204.262184 2.239906 -158.844256 
0.097000 -38.245760 -0.386505 -8.839963 204.856977 2.252020 -158.641333 
0.098000 -38.035808 -0.384194 -9.002173 205.454603 2.264258 -158.433136 
0.099000 -37.825518 -0.381873 -9.164026 206.052339 2.276549 -158.221483 
0.100000 -37.614343 -0.379538 -9.325804 206.652846 2.288963 -158.004460 
0.101000 -37.402825 -0.377191 -9.487212 207.253412 2.301432 -157.783868 
0.102000 -37.190422 -0.374830 -9.648539 207.856684 2.314024 -157.557810 
0.103000 -36.977670 -0.372458 -9.809485 208.459958 2.326672 -157.328067 
0.104000 -36.764033 -0.370071 -9.970341 209.065869 2.339444 -157.092763 
0.105000 -36.550041 -0.367673 -10.130806 209.671719 2.352273 -156.853657 
0.106000 -36.335165 -0.365260 -10.291173 210.280133 2.365226 -156.608893 
0.107000 -36.119929 -0.362835 -10.451138 210.888420 2.378235 -156.360210 
0.108000 -35.903809 -0.360395 -10.610996 211.499194 2.391370 -156.105772 
0.109000 -35.687324 -0.357944 -10.770441 212.109768 2.404562 -155.847298 
0.110000 -35.469955 -0.355477 -10.929770 212.722746 2.417880 -155.582970 
0.111000 -35.252215 -0.352998 -11.088674 213.335448 2.431255 -155.314488 
0.112000 -35.033593 -0.350504 -11.247454 213.950466 2.444756 -155.040055 
0.113000 -34.814596 -0.347998 -11.405796 214.565126 2.458315 -154.761350 
0.114000 -34.594716 -0.345476 -11.564007 215.182010 2.472000 -154.476596 
0.115000 -34.374457 -0.342941 -11.721767 215.798447 2.485744 -154.187451 
0.116000 -34.153317 -0.340391 -11.879386 216.417011 2.499613 -153.892161 
0.117000 -33.931793 -0.337829 -12.036541 217.035034 2.513542 -153.592362 
0.118000 -33.709388 -0.335250 -12.193547 217.655082 2.527596 -153.286321 
0.119000 -33.486596 -0.332659 -12.350077 218.274488 2.541710 -152.975652 
0.120000 -33.262924 -0.330051 -12.506447 218.895812 2.555949 -152.658647 
0.121000 -33.038861 -0.327431 -12.662329 219.516388 2.570247 -152.336896 
0.122000 -32.813920 -0.324794 -12.818041 220.138768 2.584671 -152.008715 
0.123000 -32.588584 -0.322144 -12.973251 220.760288 2.599154 -151.675672 
0.124000 -32.362372 -0.319478 -13.128282 221.383492 2.613762 -151.336106 
0.125000 -32.135761 -0.316798 -13.282798 222.005718 2.628429 -150.991563 
0.126000 -31.908276 -0.314101 -13.437124 222.629504 2.643220 -150.640406 
0.127000 -31.680389 -0.311391 -13.590921 223.252185 2.658071 -150.284158 
0.128000 -31.451630 -0.308665 -13.744519 223.876296 2.673046 -149.921208 
0.129000 -31.222467 -0.305924 -13.897574 224.499170 2.688079 -149.553055 
0.130000 -30.992434 -0.303166 -14.050418 225.123338 2.703235 -149.178113 
0.131000 -30.761994 -0.300394 -14.202706 225.746130 2.718450 -148.797860 
0.132000 -30.530688 -0.297606 -14.354773 226.370073 2.733786 -148.410733 
0.133000 -30.298971 -0.294803 -14.506269 226.992495 2.749181 -148.018189 
0.134000 -30.066392 -0.291983 -14.657533 227.615919 2.764696 -147.618691 
0.135000 -29.833400 -0.289148 -14.808212 228.237669 2.780268 -147.213673 
0.136000 -29.599549 -0.286296 -14.958647 228.860268 2.795960 -146.801623 
0.137000 -29.365284 -0.283429 -15.108484 229.481033 2.811709 -146.383953 
0.138000 -29.130163 -0.280545 -15.258065 230.102486 2.827575 -145.959178 
0.139000 -28.894626 -0.277645 -15.407032 230.721938 2.843497 -145.528688 
0.140000 -28.658238 -0.274729 -15.555733 231.341913 2.859536 -145.091025 
0.141000 -28.421434 -0.271796 -15.703805 231.959713 2.875628 -144.647554 
0.142000 -28.183782 -0.268847 -15.851598 232.577863 2.891836 -144.196846 
0.143000 -27.945714 -0.265881 -15.998748 233.193658 2.908096 -143.740245 
0.144000 -27.706802 -0.262898 -16.145608 233.809625 2.924470 -143.276347 
0.145000 -27.467474 -0.259899 -16.291809 234.423050 2.940894 -142.806475 
0.146000 -27.227308 -0.256883 -16.437708 235.036462 2.957430 -142.329254 
0.147000 -26.986724 -0.253850 -16.582933 235.647138 2.974015 -141.845984 
0.148000 -26.745309 -0.250800 -16.727843 236.257614 2.990709 -141.355317 
0.149000 -26.503477 -0.247733 -16.872065 236.865151 3.007450 -140.858534 
0.150000 -26.260820 -0.244648 -17.015959 237.472293 3.024298 -140.354312 
0.151000 -26.017746 -0.241547 -17.159149 238.076290 3.041191 -139.843913 
0.152000 -25.773853 -0.238428 -17.301999 238.679692 3.058188 -139.326042 
0.153000 -25.529545 -0.235292 -17.444130 239.279735 3.075228 -138.801940 
0.154000 -25.284424 -0.232138 -17.585908 239.878978 3.092369 -138.270339 
0.155000 -25.038890 -0.228966 -17.726951 240.474644 3.109550 -137.732462 
0.156000 -24.792551 -0.225777 -17.867629 241.069300 3.126829 -137.187068 
0.157000 -24.545801 -0.222571 -18.007557 241.660154 3.144146 -136.635361 
0.158000 -24.298254 -0.219346 -18.147106 242.249784 3.161558 -136.076126 
0.159000 -24.050298 -0.216104 -18.285890 242.835382 3.179004 -135.510551 
0.160000 -23.801552 -0.212844 -18.424283 243.419538 3.196543 -134.937446 
0.161000 -23.552401 -0.209566 -18.561895 243.999428 3.214112 -134.357983 
0.162000 -23.302470 -0.206270 -18.699102 244.577654 3.231770 -133.770999 
0.163000 -23.052136 -0.202955 -18.835513 245.151374 3.249455 -133.177648 
0.164000 -22.801031 -0.199623 -18.971507 245.723206 3.267225 -132.576793 
0.165000 -22.549528 -0.196272 -19.106689 246.290290 3.285018 -131.969575 
0.166000 -22.297263 -0.192904 -19.241440 246.855259 3.302893 -131.354880 
0.167000 -22.044604 -0.189517 -19.375365 247.415232 3.320788 -130.733834 
0.168000 -21.791194 -0.186111 -19.508847 247.972861 3.338759 -130.105350 
0.169000 -21.537395 -0.182687 -19.641486 248.525246 3.356746 -129.470541 
0.170000 -21.282855 -0.179245 -19.773669 249.075055 3.374806 -128.828341 
0.171000 -21.027930 -0.175785 -19.904995 249.619369 3.392877 -128.179853 
0.172000 -20.772277 -0.172306 -20.035851 250.160876 3.411016 -127.524034 
0.173000 -20.516245 -0.168808 -20.165835 250.696635 3.429162 -126.861976 
0.174000 -20.259496 -0.165291 -20.295338 251.229355 3.447372 -126.192658 
0.175000 -20.002375 -0.161756 -20.423953 251.756074 3.465584 -125.517162 
0.176000 -19.744548 -0.158203 -20.552073 252.279522 3.483855 -124.834488 
0.177000 -19.486356 -0.154630 -20.679293 252.796715 3.502122 -124.145711 
0.178000 -19.227471 -0.151040 -20.806004 253.310407 3.520444 -123.449850 
0.179000 -18.968229 -0.147430 -20.931800 253.817592 3.538758 -122.747972 
0.180000 -18.708307 -0.143801 -21.057076 254.321047 3.557120 -122.039115 
0.181000 -18.448034 -0.140154 -21.181422 254.817744 3.575469 -121.324343 
0.182000 -18.187096 -0.136488 -21.305236 255.310485 3.593863 -120.602709 
0.183000 -17.925816 -0.132803 -21.428105 255.796219 3.612236 -119.875273 
0.184000 -17.663885 -0.129099 -21.550431 256.277775 3.630649 -119.141104 
0.185000 -17.401619 -0.125376 -21.671799 256.752078 3.649037 -118.401259 
0.186000 -17.138718 -0.121636 -21.792612 257.221985 3.667458 -117.654822 
0.187000 -16.875491 -0.117875 -21.912453 257.684398 3.685849 -116.902850 
0.188000 -16.611644 -0.114096 -22.031728 258.142200 3.704267 -116.144438 
0.189000 -16.347481 -0.110298 -22.150018 258.592273 3.722649 -115.380642 
0.190000 -16.082713 -0.106482 -22.267731 259.037527 3.741053 -114.610572 
0.191000 -15.817639 -0.102646 -22.384445 259.474822 3.759414 -113.835283 
0.192000 -15.551977 -0.098792 -22.500572 259.907096 3.777792 -113.053894 
0.193000 -15.286019 -0.094919 -22.615689 260.331187 3.796122 -112.267465 
0.194000 -15.019489 -0.091028 -22.730207 260.750064 3.814462 -111.475122 
0.195000 -14.752674 -0.087117 -22.843703 261.160540 3.832748 -110.677929 
0.196000 -14.485305 -0.083188 -22.956590 261.565617 3.851038 -109.875018 
0.197000 -14.217662 -0.079240 -23.068444 261.962086 3.869268 -109.067460 
0.198000 -13.949481 -0.075274 -23.179679 262.352979 3.887497 -108.254390 
0.199000 -13.681038 -0.071288 -23.289870 262.735064 3.905658 -107.436887 
0.200000 -13.412076 -0.067285 -23.399433 263.111405 3.923813 -106.614088 
0.201000 -13.142864 -0.063262 -23.507941 263.478750 3.941895 -105.787080 
0.202000 -12.873151 -0.059222 -23.615813 263.840194 3.959964 -104.955001 
0.203000 -12.603199 -0.055163 -23.722618 264.192463 3.977954 -104.118948 
0.204000 -12.332765 -0.051086 -23.828780 264.538683 3.995925 -103.278056 
0.205000 -12.062105 -0.046989 -23.933866 264.875563 4.013811 -102.433436 
0.206000 -11.790982 -0.042876 -24.038300 265.206258 4.031673 -101.584217 
0.207000 -11.519646 -0.038743 -24.141649 265.527458 4.049442 -100.731523 
0.208000 -11.247866 -0.034593 -24.244339 265.842349 4.067183 -99.874479 
0.209000 -10.975885 -0.030424 -24.345934 266.147602 4.084825 -99.014220 
0.210000 -10.703481 -0.026238 -24.446865 266.446436 4.102432 -98.149866 
0.211000 -10.430889 -0.022032 -24.546692 266.735502 4.119935 -97.282566 
0.212000 -10.157894 -0.017811 -24.645849 267.018050 4.137398 -96.411428 
0.213000 -9.884724 -0.013570 -24.743895 267.290714 4.154751 -95.537621 
0.214000 -9.611171 -0.009312 -24.841264 267.556774 4.172058 -94.660240 
0.215000 -9.337457 -0.005036 -24.937515 267.812848 4.189249 -93.780469 
0.216000 -9.063380 -0.000744 -25.033085 268.062245 4.206390 -92.897393 
0.217000 -8.789156 0.003568 -25.127530 268.301568 4.223409 -92.012213 
0.218000 -8.514589 0.007895 -25.221289 268.534156 4.240372 -91.123997 
0.219000 -8.239889 0.012241 -25.313917 268.756595 4.257208 -90.233966 
0.220000 -7.964868 0.016603 -25.405855 268.972253 4.273984 -89.341171 
0.221000 -7.689727 0.020983 -25.496657 269.177703 4.290627 -88.446855 
0.222000 -7.414285 0.025379 -25.586767 269.376340 4.307206 -87.550046 
0.223000 -7.138738 0.029793 -25.675734 269.564724 4.323646 -86.652010 
0.224000 -6.862911 0.034223 -25.764007 269.746276 4.340018 -85.751756 
0.225000 -6.586993 0.038671 -25.851133 269.917546 4.356247 -84.850569 
0.226000 -6.310815 0.043133 -25.937562 270.081978 4.372402 -83.947435 
0.227000 -6.034560 0.047614 -26.022841 270.236112 4.388410 -83.043664 
0.228000 -5.758068 0.052109 -26.107422 270.383415 4.404341 -82.138217 
0.229000 -5.481511 0.056623 -26.190849 270.520419 4.420120 -81.232427 
0.230000 -5.204739 0.061150 -26.273577 270.650614 4.435817 -80.325230 
0.231000 -4.927916 0.065696 -26.355148 270.770522 4.451359 -79.417981 
0.232000 -4.650898 0.070255 -26.436020 270.883653 4.466816 -78.509590 
0.233000 -4.373844 0.074832 -26.515733 270.986524 4.482114 -77.601438 
0.234000 -4.096616 0.079423 -26.594748 271.082665 4.497323 -76.692403 
0.235000 -3.819365 0.084031 -26.672602 271.168585 4.512368 -75.783895 
0.236000 -3.541961 0.088653 -26.749758 271.247832 4.527323 -74.874760 
0.237000 -3.264548 0.093292 -26.825753 271.316911 4.542110 -73.966434 
0.238000 -2.987003 0.097943 -26.901051 271.379386 4.556804 -73.057731 
0.239000 -2.709462 0.102612 -26.975187 271.431759 4.571328 -72.150114 
0.240000 -2.431809 0.107293 -27.048629 271.477607 4.585755 -71.242366 
0.241000 -2.154175 0.111992 -27.120907 271.513430 4.600009 -70.335975 
0.242000 -1.876449 0.116702 -27.192495 271.542819 4.614165 -69.429690 
0.243000 -1.598755 0.121430 -27.262921 271.562271 4.628145 -68.525028 
0.244000 -1.320989 0.126169 -27.332658 271.575389 4.642024 -67.620702 
0.245000 -1.043268 0.130925 -27.401234 271.578671 4.655726 -66.718258 
0.246000 -0.765496 0.135692 -27.469125 271.575727 4.669325 -65.816374 
0.247000 -0.487780 0.140476 -27.535856 271.563057 4.682743 -64.916623 
0.248000 -0.210034 0.145270 -27.601907 271.544279 4.696058 -64.017646 
0.249000 0.067643 0.150081 -27.666799 271.515895 4.709191 -63.121044 
0.250000 0.345331 0.154902 -27.731017 271.481527 4.722219 -62.225424 
0.251000 0.622938 0.159740 -27.794077 271.437682 4.735064 -61.332414 
0.252000 0.900537 0.164588 -27.856468 271.387986 4.747802 -60.440584 
0.253000 1.178041 0.169451 -27.917703 271.328950 4.760355 -59.551590 
0.254000 1.455519 0.174325 -27.978276 271.264203 4.772802 -58.663964 
0.255000 1.732892 0.179214 -28.037696 271.190260 4.785063 -57.779392 
0.256000 2.010219 0.184112 -28.096459 271.110750 4.797216 -56.896368 
0.257000 2.287428 0.189026 -28.154073 271.022197 4.809182 -56.016605 
0.258000 2.564574 0.193949 -28.211037 270.928226 4.821041 -55.138561 
0.259000 2.841591 0.198887 -28.266855 270.825371 4.832713 -54.263977 
0.260000 3.118527 0.203834 -28.322030 270.717252 4.844276 -53.391273 
0.261000 3.395323 0.208796 -28.376063 270.600413 4.855652 -52.522218 
0.262000 3.672019 0.213766 -28.429460 270.478469 4.866920 -51.655194 
0.263000 3.948566 0.218751 -28.481720 270.347973 4.878000 -50.791999 
0.264000 4.224996 0.223743 -28.533351 270.212535 4.888973 -49.930976 
0.265000 4.501266 0.228751 -28.583850 270.068717 4.899758 -49.073953 
0.266000 4.777401 0.233765 -28.633728 269.920121 4.910437 -48.219235 
0.267000 5.053367 0.238795 -28.682478 269.763322 4.920927 -47.368676 
0.268000 5.329181 0.243831 -28.730617 269.601913 4.931312 -46.520546 
0.269000 5.604817 0.248881 -28.777633 269.432480 4.941509 -45.676726 
0.270000 5.880285 0.253938 -28.824046 269.258605 4.951601 -44.835448 
0.271000 6.155565 0.259009 -28.869340 269.076889 4.961506 -43.998621 
0.272000 6.430662 0.264087 -28.914041 268.890899 4.971307 -43.164442 
0.273000 6.705561 0.269178 -28.957630 268.697254 4.980922 -42.334845 
0.274000 6.980261 0.274275 -29.000634 268.499504 4.990434 -41.507993 
0.275000 7.254757 0.279385 -29.042531 268.294284 4.999761 -40.685844 
0.276000 7.529037 0.284501 -29.083854 268.085130 5.008986 -39.866528 
0.277000 7.803105 0.289631 -29.124075 267.868693 5.018027 -39.052029 
0.278000 8.076942 0.294765 -29.163732 267.648491 5.026968 -38.240441 
0.279000 8.350559 0.299913 -29.202293 267.421192 5.035726 -37.433774 
0.280000 8.623932 0.305066 -29.240300 267.190297 5.044385 -36.630089 
0.281000 8.897077 0.310231 -29.277217 266.952493 5.052863 -35.831421 
0.282000 9.169963 0.315401 -29.313590 266.711261 5.061244 -35.035798 
0.283000 9.442614 0.320583 -29.348880 266.463306 5.069445 -34.245279 
0.284000 9.714994 0.325770 -29.383636 266.212088 5.077550 -33.457860 
0.285000 9.987131 0.330969 -29.417316 265.954333 5.085477 -32.675623 
0.286000 10.258983 0.336172 -29.450472 265.693481 5.093311 -31.896535 
0.287000 10.530587 0.341387 -29.482558 265.426276 5.100967 -31.122701 
0.288000 10.801893 0.346606 -29.514131 265.156135 5.108532 -30.352054 
0.289000 11.072944 0.351836 -29.544641 264.879824 5.115922 -29.586726 
0.290000 11.343684 0.357070 -29.574649 264.600738 5.123222 -28.824619 
0.291000 11.614165 0.362315 -29.603599 264.315663 5.130350 -28.067886 
0.292000 11.884322 0.367564 -29.632059 264.027969 5.137389 -27.314403 
0.293000 12.154214 0.372824 -29.659469 263.734466 5.144258 -26.566342 
0.294000 12.423771 0.378086 -29.686399 263.438498 5.151040 -25.821552 
0.295000 12.693057 0.383360 -29.712285 263.136897 5.157653 -25.082227 
0.296000 12.961997 0.388635 -29.737702 262.832983 5.164183 -24.346188 
0.297000 13.230662 0.393923 -29.762083 262.523611 5.170546 -23.615649 
0.298000 13.498970 0.399211 -29.786007 262.212073 5.176827 -22.888407 
0.299000 13.766997 0.404511 -29.808900 261.895248 5.182943 -22.166694 
0.300000 14.034656 0.409813 -29.831347 261.576402 5.188980 -21.448283 
0.301000 14.302032 0.415125 -29.852770 261.252439 5.194854 -20.735424 
0.302000 14.569029 0.420438 -29.873760 260.926594 5.200651 -20.025867 
0.303000 14.835738 0.425763 -29.893732 260.595798 5.206287 -19.321881 
0.304000 15.102058 0.431087 -29.913281 260.263258 5.211848 -18.621191 
0.305000 15.368086 0.436423 -29.931820 259.925929 5.217252 -17.926084 
0.306000 15.633716 0.441759 -29.949947 259.586990 5.222581 -17.234266 
0.307000 15.899052 0.447105 -29.967071 259.243421 5.227756 -16.548038 
0.308000 16.163979 0.452452 -29.983795 258.898372 5.232859 -15.865084 
0.309000 16.428609 0.457809 -29.999522 258.548849 5.237809 -15.187725 
0.310000 16.692821 0.463165 -30.014861 258.197972 5.242689 -14.513623 
0.311000 16.956733 0.468532 -30.029209 257.842773 5.247420 -13.845114 
0.312000 17.220219 0.473899 -30.043180 257.486343 5.252083 -13.179842 
0.313000 17.483402 0.479275 -30.056167 257.125739 5.256597 -12.520156 
0.314000 17.746150 0.484651 -30.068789 256.764023 5.261047 -11.863684 
0.315000 18.008594 0.490036 -30.080433 256.398279 5.265351 -11.212789 
0.316000 18.270594 0.495420 -30.091724 256.031537 5.269592 -10.565081 
0.317000 18.532287 0.500815 -30.102044 255.660907 5.273689 -9.922937 
0.318000 18.793529 0.506207 -30.112020 255.289392 5.277726 -9.283950 
0.319000 19.054462 0.511610 -30.121033 254.914127 5.281621 -8.650510 
0.320000 19.314936 0.517010 -30.129714 254.538083 5.285458 -8.020196 
0.321000 19.575100 0.522421 -30.137438 254.158424 5.289156 -7.395409 
0.322000 19.834798 0.527829 -30.144841 253.778090 5.292797 -6.773713 
0.323000 20.094184 0.533247 -30.151293 253.394271 5.296302 -6.157521 
0.324000 20.353097 0.538662 -30.157436 253.009877 5.299753 -5.544385 
0.325000 20.611697 0.544087 -30.162634 252.622125 5.303069 -4.936727 
0.326000 20.869816 0.549509 -30.167533 252.233893 5.306332 -4.332086 
0.327000 21.127622 0.554941 -30.171495 251.842428 5.309464 -3.732895 
0.328000 21.384941 0.560369 -30.175169 251.450576 5.312545 -3.136681 
0.329000 21.641945 0.565807 -30.177910 251.055609 5.315497 -2.545887 
0.330000 21.898456 0.571242 -30.180376 250.660344 5.318400 -1.958029 
0.331000 22.154652 0.576686 -30.181915 250.262082 5.321176 -1.375557 
0.332000 22.410348 0.582126 -30.183190 249.863607 5.323905 -0.795979 
0.333000 22.665729 0.587575 -30.183544 249.462247 5.326509 -0.221752 
0.334000 22.920605 0.593021 -30.183643 249.060758 5.329068 0.349625 
0.335000 23.175164 0.598476 -30.182828 248.656492 5.331504 0.915687 
0.336000 23.429213 0.603926 -30.181770 248.252175 5.333898 1.478945 
0.337000 23.682945 0.609386 -30.179803 247.845188 5.336171 2.036926 
0.338000 23.936161 0.614841 -30.177604 247.438226 5.338402 2.592148 
0.339000 24.189061 0.620305 -30.174501 247.028696 5.340516 3.142133 
0.340000 24.441440 0.625764 -30.171177 246.619264 5.342590 3.689406 
0.341000 24.693502 0.631233 -30.166955 246.207363 5.344547 4.231483 
0.342000 24.945038 0.636696 -30.162522 245.795629 5.346468 4.770895 
0.343000 25.196259 0.642169 -30.157196 245.381523 5.348274 5.305153 
0.344000 25.446948 0.647636 -30.151671 244.967650 5.350044 5.836795 
0.345000 25.697321 0.653112 -30.145258 244.551498 5.351702 6.363325 
0.346000 25.947159 0.658582 -30.138655 244.135642 5.353326 6.887288 
0.347000 26.196682 0.664061 -30.131170 243.717598 5.354839 7.406184 
0.348000 26.445665 0.669535 -30.123506 243.299910 5.356321 7.922560 
0.349000 26.694334 0.675017 -30.114965 242.880120 5.357694 8.433915 
0.350000 26.942458 0.680494 -30.106255 242.460745 5.359036 8.942799 
0.351000 27.190269 0.685979 -30.096673 242.039353 5.360272 9.446707 
0.352000 27.437531 0.691458 -30.086933 241.618430 5.361479 9.948193 
0.353000 27.684481 0.696945 -30.076325 241.195570 5.362581 10.444750 
0.354000 27.930878 0.702427 -30.065569 240.773233 5.363656 10.938935 
0.355000 28.176965 0.707916 -30.053950 240.349038 5.364629 11.428237 
0.356000 28.422494 0.713400 -30.042193 239.925415 5.365575 11.915215 
0.357000 28.667714 0.718891 -30.029579 239.500009 5.366421 12.397358 
0.358000 28.912373 0.724376 -30.016835 239.075224 5.367242 12.877227 
0.359000 29.156724 0.729870 -30.003239 238.648729 5.367964 13.352308 
0.360000 29.400511 0.735356 -29.989524 238.222900 5.368663 13.825163 
0.361000 29.643991 0.740851 -29.974961 237.795432 5.369266 14.293280 
0.362000 29.886904 0.746338 -29.960288 237.368672 5.369846 14.759219 
0.363000 30.129511 0.751834 -29.944772 236.940342 5.370331 15.220467 
0.364000 30.371547 0.757323 -29.929156 236.512761 5.370796 15.679585 
0.365000 30.613280 0.762820 -29.912701 236.083675 5.371167 16.134062 
0.366000 30.854439 0.768309 -29.896155 235.655377 5.371519 16.586457 
0.367000 31.095295 0.773807 -29.878774 235.225637 5.371779 17.034259 
0.368000 31.335575 0.779297 -29.861313 234.796722 5.372021 17.480027 
0.369000 31.575554 0.784795 -29.843020 234.366426 5.372173 17.921250 
0.370000 31.814954 0.790285 -29.824656 233.936989 5.372309 18.360486 
0.371000 32.054054 0.795784 -29.805465 233.506232 5.372356 18.795226 
0.372000 32.292573 0.801274 -29.786212 233.076366 5.372387 19.228025 
0.373000 32.530794 0.806772 -29.766136 232.645235 5.372332 19.656377 
0.374000 32.768431 0.812263 -29.746006 232.215027 5.372262 20.082835 
0.375000 33.005773 0.817761 -29.725058 231.783610 5.372107 20.504894 
0.376000 33.242527 0.823251 -29.704065 231.353144 5.371939 20.925104 
0.377000 33.478988 0.828749 -29.682257 230.921522 5.371687 21.340964 
0.378000 33.714860 0.834238 -29.660414 230.490879 5.371422 21.755020 
0.379000 33.950440 0.839736 -29.637759 230.059131 5.371076 22.164774 
0.380000 34.185428 0.845224 -29.615077 229.628387 5.370719 22.572768 
0.381000 34.420127 0.850721 -29.591588 229.196587 5.370280 22.976508 
0.382000 34.654232 0.856209 -29.568081 228.765816 5.369832 23.378533 
0.383000 34.888050 0.861705 -29.543769 228.334036 5.369304 23.776351 
0.384000 35.121272 0.867191 -29.519448 227.903308 5.368768 24.172497 
0.385000 35.354209 0.872686 -29.494326 227.471616 5.368153 24.564485 
0.386000 35.586548 0.878172 -29.469203 227.040998 5.367531 24.954842 
0.387000 35.818605 0.883665 -29.443283 226.609460 5.366831 25.341088 
0.388000 36.050061 0.889149 -29.417370 226.179016 5.366125 25.725745 
0.389000 36.281237 0.894641 -29.390663 225.747693 5.365344 26.106339 
0.390000 36.511811 0.900124 -29.363971 225.317484 5.364556 26.485385 
0.391000 36.742106 0.905614 -29.336489 224.886437 5.363694 26.860414 
0.392000 36.971799 0.911095 -29.309030 224.456520 5.362827 27.233935 
0.393000 37.201215 0.916583 -29.280784 224.025805 5.361888 27.603486 
0.394000 37.430027 0.922062 -29.252569 223.596236 5.360943 27.971570 
0.395000 37.658565 0.927548 -29.223570 223.165907 5.359928 28.335728 
0.396000 37.886496 0.933025 -29.194611 222.736739 5.358909 28.698459 
0.397000 38.114156 0.938510 -29.164870 222.306847 5.357820 29.057309 
0.398000 38.341207 0.943984 -29.135176 221.878131 5.356728 29.414771 
0.399000 38.567991 0.949467 -29.104704 221.448725 5.355567 29.768397 
0.400000 38.794164 0.954939 -29.074287 221.020508 5.354404 30.120672 
0.401000 39.020071 0.960419 -29.043094 220.591634 5.353173 30.469156 
0.402000 39.245368 0.965888 -29.011965 220.163962 5.351941 30.816327 
0.403000 39.470400 0.971366 -28.980062 219.735665 5.350642 31.159750 
0.404000 39.694820 0.976832 -28.948230 219.308581 5.349343 31.501897 
0.405000 39.918979 0.982307 -28.915627 218.880903 5.347978 31.840340 
0.406000 40.142525 0.987771 -28.883103 218.454448 5.346614 32.177542 
0.407000 40.365811 0.993243 -28.849810 218.027429 5.345185 32.511084 
0.408000 40.588483 0.998705 -28.816604 217.601642 5.343756 32.843419 
0.409000 40.810899 1.004174 -28.782632 217.175320 5.342265 33.172137 
0.410000 41.032699 1.009632 -28.748753 216.750239 5.340775 33.499683 
0.411000 41.254245 1.015098 -28.714111 216.324650 5.339223 33.823654 
0.412000 41.475175 1.020553 -28.679569 215.900309 5.337672 34.146487 
0.413000 41.695853 1.026015 -28.644267 215.475487 5.336061 34.465787 
0.414000 41.915913 1.031467 -28.609072 215.051921 5.334452 34.783981 
0.415000 42.135725 1.036927 -28.573119 214.627898 5.332783 35.098683 
0.416000 42.354918 1.042375 -28.537280 214.205137 5.331118 35.412313 
0.417000 42.573866 1.047831 -28.500685 213.781945 5.329393 35.722491 
0.418000 42.792193 1.053276 -28.464213 213.360020 5.327671 36.031628 
0.419000 43.010277 1.058728 -28.426985 212.937686 5.325892 36.337355 
0.420000 43.227741 1.064170 -28.389887 212.516625 5.324117 36.642071 
0.421000 43.444964 1.069619 -28.352037 212.095178 5.322285 36.943416 
0.422000 43.661566 1.075056 -28.314323 211.675008 5.320458 37.243782 
0.423000 43.877929 1.080501 -28.275858 211.254474 5.318574 37.540816 
0.424000 44.093671 1.085935 -28.237536 210.835220 5.316695 37.836900 
0.425000 44.309177 1.091376 -28.198465 210.415623 5.314762 38.129691 
0.426000 44.524060 1.096806 -28.159544 209.997309 5.312834 38.421561 
0.427000 44.738710 1.102243 -28.119877 209.578671 5.310851 38.710177 
0.428000 44.952737 1.107669 -28.080365 209.161320 5.308875 38.997901 
0.429000 45.166534 1.113102 -28.040109 208.743665 5.306845 39.282407 
0.430000 45.379707 1.118523 -28.000016 208.327298 5.304822 39.566050 
0.431000 45.592652 1.123953 -27.959180 207.910645 5.302746 39.846512 
0.432000 45.804972 1.129370 -27.918513 207.495281 5.300677 40.126138 
0.433000 46.017068 1.134795 -27.877105 207.079650 5.298556 40.402622 
0.434000 46.228538 1.140207 -27.835873 206.665309 5.296443 40.678295 
0.435000 46.439786 1.145628 -27.793901 206.250717 5.294279 40.950861 
0.436000 46.650408 1.151037 -27.752111 205.837417 5.292122 41.222644 
0.437000 46.860811 1.156453 -27.709583 205.423882 5.289916 41.491355 
0.438000 47.070587 1.161857 -27.667243 205.011639 5.287717 41.759309 
0.439000 47.280147 1.167268 -27.624167 204.599176 5.285469 42.024227 
0.440000 47.489079 1.172668 -27.581286 204.188006 5.283230 42.288411 
0.441000 47.697798 1.178075 -27.537670 203.776630 5.280942 42.549595 
0.442000 47.905889 1.183469 -27.494254 203.366546 5.278663 42.810070 
0.443000 48.113769 1.188872 -27.450105 202.956272 5.276336 43.067579 
0.444000 48.321021 1.194262 -27.406163 202.547289 5.274018 43.324403 
0.445000 48.528064 1.199660 -27.361488 202.138129 5.271653 43.578294 
0.446000 48.734479 1.205045 -27.317027 201.730259 5.269298 43.831524 
0.447000 48.940688 1.210438 -27.271834 201.322225 5.266896 44.081855 
0.448000 49.146268 1.215818 -27.226860 200.915479 5.264504 44.331546 
0.449000 49.351645 1.221206 -27.181157 200.508583 5.262067 44.578372 
0.450000 49.556394 1.226581 -27.135679 200.102973 5.259639 44.824581 
0.451000 49.760941 1.231964 -27.089472 199.697224 5.257167 45.067957 
0.452000 49.964859 1.237334 -27.043496 199.292760 5.254705 45.310737 
0.453000 50.168579 1.242712 -26.996792 198.888168 5.252198 45.550717 
0.454000 50.371670 1.248077 -26.950325 198.484859 5.249702 45.790122 
0.455000 50.574565 1.253450 -26.903132 198.081433 5.247163 46.026759 
0.456000 50.776830 1.258810 -26.856181 197.679287 5.244635 46.262841 
0.457000 50.978903 1.264177 -26.808505 197.277035 5.242063 46.496186 
0.458000 51.180346 1.269532 -26.761076 196.876061 5.239503 46.728997 
0.459000 51.381598 1.274894 -26.712924 196.474990 5.236900 46.959101 
0.460000 51.582220 1.280243 -26.665025 196.075194 5.234309 47.188691 
0.461000 51.782655 1.285601 -26.616403 195.675311 5.231676 47.415605 
0.462000 51.982459 1.290944 -26.568040 195.276700 5.229054 47.642024 
0.463000 52.182078 1.296296 -26.518955 194.878012 5.226392 47.865797 
0.464000 52.381068 1.301635 -26.470134 194.480591 5.223741 48.089093 
0.465000 52.579874 1.306981 -26.420593 194.083102 5.221050 48.309772 
0.466000 52.778050 1.312314 -26.371320 193.686878 5.218371 48.529993 
0.467000 52.976046 1.317655 -26.321328 193.290593 5.215652 48.747628 
0.468000 53.173411 1.322982 -26.271611 192.895569 5.212945 48.964821 
0.469000 53.370599 1.328318 -26.221174 192.500493 5.210199 49.179456 
0.470000 53.567156 1.333639 -26.171018 192.106674 5.207465 49.393667 
0.471000 53.763539 1.338969 -26.120143 191.712811 5.204692 49.605349 
0.472000 53.959290 1.344285 -26.069554 191.320201 5.201932 49.816624 
0.473000 54.154870 1.349609 -26.018247 190.927553 5.199134 50.025398 
0.474000 54.349818 1.354919 -25.967231 190.536154 5.196349 50.233781 
0.475000 54.544597 1.360238 -25.915498 190.144725 5.193525 50.439690 
0.476000 54.738745 1.365542 -25.864060 189.754541 5.190715 50.645225 
0.477000 54.932725 1.370855 -25.811907 189.364333 5.187868 50.848313 
0.478000 55.126075 1.376154 -25.760054 188.975365 5.185034 51.051042 
0.479000 55.319260 1.381461 -25.707486 188.586379 5.182162 51.251352 
0.480000 55.511815 1.386753 -25.655223 188.198630 5.179305 51.451318 
0.481000 55.704206 1.392055 -25.602246 187.810869 5.176411 51.648891 
0.482000 55.895967 1.397341 -25.549579 187.424339 5.173530 51.846135 
0.483000 56.087569 1.402637 -25.496199 187.037803 5.170614 52.041012 
0.484000 56.278539 1.407918 -25.443133 186.652494 5.167712 52.235575 
0.485000 56.469352 1.413207 -25.389355 186.267184 5.164773 52.427796 
0.486000 56.659535 1.418482 -25.335896 185.883096 5.161849 52.619718 
0.487000 56.849562 1.423765 -25.281725 185.499013 5.158890 52.809323 
0.488000 57.038959 1.429034 -25.227879 185.116147 5.155945 52.998642 
0.489000 57.228203 1.434311 -25.173320 184.733290 5.152966 53.185671 
0.490000 57.416817 1.439574 -25.119091 184.351645 5.150001 53.372426 
0.491000 57.605280 1.444845 -25.064151 183.970014 5.147001 53.556915 
0.492000 57.793113 1.450102 -25.009545 183.589590 5.144016 53.741144 
0.493000 57.980799 1.455367 -24.954228 183.209185 5.140997 53.923132 
0.494000 58.167854 1.460617 -24.899249 182.829981 5.137993 54.104871 
0.495000 58.354764 1.465876 -24.843560 182.450800 5.134955 54.284394 
0.496000 58.541043 1.471120 -24.788214 182.072816 5.131932 54.463681 
0.497000 58.727180 1.476373 -24.732159 181.694858 5.128876 54.640775 
0.498000 58.912686 1.481611 -24.676451 181.318092 5.125835 54.817646 
0.499000 59.098052 1.486858 -24.620034 180.941356 5.122761 54.992346 
0.500000 59.282788 1.492089 -24.563968 180.565806 5.119702 55.166835 
0.501000 59.467386 1.497330 -24.507194 180.190290 5.116611 55.339177 
0.502000 59.651354 1.502555 -24.450776 179.815955 5.113535 55.511318 
0.503000 59.835186 1.507789 -24.393650 179.441656 5.110428 55.681336 
0.504000 60.018388 1.513008 -24.336884 179.068534 5.107335 55.851163 
0.505000 60.201457 1.518236 -24.279410 178.695451 5.104211 56.018890 
0.506000 60.383896 1.523448 -24.222302 178.323539 5.101102 56.186438 
0.507000 60.566205 1.528670 -24.164485 177.951669 5.097962 56.351907 
0.508000 60.747883 1.533876 -24.107038 177.580965 5.094837 56.517207 
0.509000 60.929433 1.539091 -24.048884 177.210306 5.091682 56.680450 
0.510000 61.110353 1.544290 -23.991102 176.840807 5.088542 56.843535 
0.511000 61.291147 1.549499 -23.932614 176.471355 5.085372 57.004584 
0.512000 61.471312 1.554692 -23.874504 176.103058 5.082217 57.165485 
0.513000 61.651353 1.559894 -23.815687 175.734811 5.079032 57.324372 
0.514000 61.830764 1.565081 -23.757251 175.367713 5.075863 57.483120 
0.515000 62.010054 1.570276 -23.698109 175.000667 5.072664 57.639875 
0.516000 62.188715 1.575457 -23.639353 174.634765 5.069481 57.796501 
0.517000 62.367256 1.580646 -23.579891 174.268917 5.066268 57.951154 
0.518000 62.545169 1.585819 -23.520819 173.904208 5.063071 58.105687 
0.519000 62.722964 1.591002 -23.461040 173.539554 5.059845 58.258268 
0.520000 62.900131 1.596169 -23.401656 173.176033 5.056635 58.410737 
0.521000 63.077183 1.601345 -23.341566 172.812570 5.053396 58.561276 
0.522000 63.253606 1.606505 -23.281873 172.450234 5.050173 58.711710 
0.523000 63.429917 1.611675 -23.221475 172.087957 5.046921 58.860234 
0.524000 63.605599 1.616828 -23.161479 171.726804 5.043686 59.008662 
0.525000 63.781171 1.621991 -23.100777 171.365709 5.040422 59.155200 
0.526000 63.956114 1.627138 -23.040481 171.005732 5.037174 59.301650 
0.527000 64.130950 1.632294 -22.979480 170.645816 5.033899 59.446228 
0.528000 64.305157 1.637434 -22.918889 170.287013 5.030639 59.590727 
0.529000 64.479259 1.642584 -22.857592 169.928271 5.027352 59.733374 
0.530000 64.652733 1.647718 -22.796709 169.570636 5.024081 59.875948 
0.531000 64.826103 1.652860 -22.735120 169.213064 5.020783 60.016690 
0.532000 64.998845 1.657987 -22.673949 168.856594 5.017501 60.157366 
0.533000 65.171487 1.663123 -22.612073 168.500187 5.014192 60.296229 
0.534000 65.343500 1.668243 -22.550618 168.144877 5.010899 60.435033 
0.535000 65.515414 1.673373 -22.488458 167.789631 5.007579 60.572042 
0.536000 65.686701 1.678486 -22.426722 167.435476 5.004276 60.709000 
0.537000 65.857891 1.683609 -22.364282 167.081386 5.000946 60.844181 
0.538000 66.028453 1.688715 -22.302270 166.728382 4.997633 60.979317 
0.539000 66.198921 1.693831 -22.239553 166.375443 4.994293 61.112695 
0.540000 66.368761 1.698930 -22.177268 166.023586 4.990970 61.246034 
0.541000 66.538510 1.704039 -22.114279 165.671793 4.987620 61.377633 
0.542000 66.707630 1.709132 -22.051725 165.321077 4.984287 61.509199 
0.543000 66.876662 1.714234 -21.988467 164.970425 4.980929 61.639043 
0.544000 67.045065 1.719320 -21.925647 164.620845 4.977586 61.768860 
0.545000 67.213381 1.724416 -21.862123 164.271330 4.974219 61.896972 
0.546000 67.381070 1.729495 -21.799042 163.922882 4.970868 62.025064 
0.547000 67.548673 1.734583 -21.735256 163.574498 4.967491 62.151467 
0.548000 67.715649 1.739655 -21.671915 163.227176 4.964131 62.277856 
0.549000 67.882542 1.744737 -21.607871 162.879918 4.960746 62.402574 
0.550000 68.048807 1.749802 -21.544276 162.533717 4.957378 62.527282 
0.551000 68.214992 1.754877 -21.479976 162.187580 4.953985 62.650337 
0.552000 68.380550 1.759935 -21.416129 161.842495 4.950608 62.773387 
0.553000 68.546029 1.765003 -21.351578 161.497474 4.947207 62.894800 
0.554000 68.710881 1.770054 -21.287483 161.153500 4.943822 63.016214 
0.555000 68.875656 1.775115 -21.222683 160.809590 4.940413 63.136007 
0.556000 69.039805 1.780160 -21.158343 160.466721 4.937021 63.255806 
0.557000 69.203879 1.785214 -21.093298 160.123916 4.933605 63.374000 
0.558000 69.367326 1.790251 -21.028716 159.782147 4.930205 63.492205 
0.559000 69.530701 1.795298 -20.963430 159.440441 4.926781 63.608822 
0.560000 69.693449 1.800328 -20.898609 159.099768 4.923374 63.725454 
0.561000 69.856127 1.805368 -20.833084 158.759156 4.919943 63.840513 
0.562000 70.018179 1.810392 -20.768028 158.419572 4.916529 63.955592 
0.563000 70.180163 1.815425 -20.702268 158.080049 4.913092 64.069114 
0.564000 70.341520 1.820441 -20.636980 157.741550 4.909671 64.182660 
0.565000 70.502811 1.825467 -20.570987 157.403110 4.906227 64.294664 
0.566000 70.663476 1.830476 -20.505470 157.065689 4.902799 64.406697 
0.567000 70.824077 1.835495 -20.439248 156.728327 4.899349 64.517204 
0.568000 70.984052 1.840498 -20.373505 156.391979 4.895915 64.627743 
0.569000 71.143965 1.845510 -20.307057 156.055689 4.892458 64.736771 
0.570000 71.303252 1.850505 -20.241090 155.720408 4.889018 64.845835 
0.571000 71.462479 1.855510 -20.174420 155.385185 4.885555 64.953402 
0.572000 71.621081 1.860498 -20.108233 155.050967 4.882109 65.061010 
0.573000 71.779624 1.865496 -20.041342 154.716805 4.878641 65.167137 
0.574000 71.937542 1.870477 -19.974939 154.383643 4.875189 65.273307 
0.575000 72.095404 1.875468 -19.907831 154.050536 4.871715 65.378010 
0.576000 72.252641 1.880441 -19.841213 153.718425 4.868257 65.482760 
0.577000 72.409824 1.885425 -19.773891 153.386368 4.864778 65.586058 
0.578000 72.566381 1.890392 -19.707062 153.055303 4.861315 65.689406 
0.579000 72.722887 1.895369 -19.639528 152.724290 4.857831 65.791316 
0.580000 72.878767 1.900328 -19.572490 152.394264 4.854362 65.893280 
0.581000 73.034598 1.905298 -19.504748 152.064289 4.850873 65.993819 
0.582000 73.189803 1.910250 -19.437505 151.735298 4.847400 66.094415 
0.583000 73.344961 1.915213 -19.369557 151.406356 4.843905 66.193602 
0.584000 73.499493 1.920158 -19.302111 151.078393 4.840427 66.292848 
0.585000 73.653980 1.925114 -19.233960 150.750479 4.836928 66.390697 
0.586000 73.807842 1.930052 -19.166314 150.423539 4.833445 66.488609 
0.587000 73.961660 1.935000 -19.097963 150.096646 4.829942 66.585139 
0.588000 74.114853 1.939931 -19.030119 149.770723 4.826454 66.681733 
0.589000 74.268005 1.944872 -18.961570 149.444846 4.822946 66.776959 
0.590000 74.420532 1.949796 -18.893532 149.119935 4.819454 66.872252 
0.591000 74.573019 1.954730 -18.824788 148.795068 4.815942 66.966190 
0.592000 74.724881 1.959647 -18.756558 148.471163 4.812446 67.060197 
0.593000 74.876705 1.964573 -18.687622 148.147300 4.808930 67.152863 
0.594000 75.027905 1.969483 -18.619201 147.824396 4.805429 67.245600 
0.595000 75.179069 1.974403 -18.550076 147.501532 4.801909 67.337009 
0.596000 75.329608 1.979305 -18.481469 147.179623 4.798405 67.428492 
0.597000 75.480113 1.984217 -18.412156 146.857752 4.794881 67.518659 
0.598000 75.629994 1.989112 -18.343364 146.536832 4.791373 67.608902 
0.599000 75.779843 1.994018 -18.273867 146.215948 4.787845 67.697843 
0.600000 75.929068 1.998906 -18.204894 145.896012 4.784334 67.786861 
0.601000 76.078263 2.003804 -18.135214 145.576110 4.780803 67.874589 
0.602000 76.226833 2.008684 -18.066061 145.257152 4.777287 67.962398 
0.603000 76.375375 2.013575 -17.996202 144.938226 4.773753 68.048929 
0.604000 76.523293 2.018449 -17.926872 144.620240 4.770234 68.135541 
0.605000 76.671185 2.023333 -17.856836 144.302286 4.766697 68.220889 
0.606000 76.818452 2.028199 -17.787332 143.985267 4.763175 68.306320 
0.607000 76.965696 2.033075 -17.717121 143.668277 4.759634 68.390498 
0.608000 77.112315 2.037934 -17.647444 143.352219 4.756109 68.474761 
0.609000 77.258912 2.042803 -17.577061 143.036188 4.752565 68.557784 
0.610000 77.404885 2.047655 -17.507214 142.721086 4.749037 68.640893 
0.611000 77.550837 2.052517 -17.436661 142.406010 4.745491 68.722774 
0.612000 77.696165 2.057362 -17.366647 142.091858 4.741960 68.804743 
0.613000 77.841475 2.062217 -17.295926 141.777729 4.738410 68.885495 
0.614000 77.986161 2.067054 -17.225747 141.464522 4.734877 68.966336 
0.615000 78.130830 2.071901 -17.154861 141.151336 4.731325 69.045973 
0.616000 78.274875 2.076731 -17.084519 140.839069 4.727788 69.125700 
0.617000 78.418906 2.081572 -17.013469 140.526819 4.724234 69.204234 
0.618000 78.562312 2.086394 -16.942967 140.215486 4.720695 69.282860 
0.619000 78.705706 2.091228 -16.871756 139.904168 4.717138 69.360305 
0.620000 78.848476 2.096043 -16.801095 139.593762 4.713597 69.437842 
0.621000 78.991235 2.100869 -16.729727 139.283371 4.710038 69.514209 
0.622000 79.133369 2.105677 -16.658909 138.973888 4.706494 69.590670 
0.623000 79.275495 2.110496 -16.587384 138.664417 4.702932 69.665973 
0.624000 79.416997 2.115296 -16.516413 138.355852 4.699386 69.741370 
0.625000 79.558492 2.120108 -16.444733 138.047296 4.695823 69.815619 
0.626000 79.699362 2.124901 -16.373610 137.739642 4.692275 69.889964 
0.627000 79.840228 2.129706 -16.301779 137.431996 4.688709 69.963173 
0.628000 79.980469 2.134492 -16.230506 137.125249 4.685159 70.036478 
0.629000 80.120707 2.139289 -16.158524 136.818507 4.681592 70.108658 
0.630000 80.260321 2.144068 -16.087104 136.512662 4.678040 70.180935 
0.631000 80.399933 2.148857 -16.014975 136.206818 4.674471 70.252097 
0.632000 80.538922 2.153629 -15.943409 135.901869 4.670917 70.323357 
0.633000 80.677910 2.158411 -15.871134 135.596919 4.667346 70.393514 
0.634000 80.816275 2.163176 -15.799424 135.292860 4.663790 70.463769 
0.635000 80.954642 2.167951 -15.727005 134.988798 4.660218 70.532930 
0.636000 81.092384 2.172708 -15.655154 134.685624 4.656660 70.602191 
0.637000 81.230131 2.177476 -15.582594 134.382445 4.653087 70.670369 
0.638000 81.367253 2.182225 -15.510603 134.080151 4.649528 70.738646 
0.639000 81.504382 2.186986 -15.437903 133.777850 4.645952 70.805851 
0.640000 81.640886 2.191728 -15.365775 133.476430 4.642392 70.873156 
0.641000 81.777398 2.196482 -15.292938 133.175001 4.638815 70.939400 
0.642000 81.913285 2.201217 -15.220674 132.874451 4.635253 71.005743 
0.643000 82.049182 2.205963 -15.147701 132.573889 4.631675 71.071035 
0.644000 82.184455 2.210690 -15.075304 132.274203 4.628112 71.136427 
0.645000 82.319739 2.215429 -15.002197 131.974503 4.624533 71.200778 
0.646000 82.454399 2.220149 -14.929668 131.675676 4.620968 71.265229 
0.647000 82.589072 2.224881 -14.856429 131.376832 4.617388 71.328649 
0.648000 82.723120 2.229594 -14.783771 131.078860 4.613822 71.392170 
0.649000 82.857184 2.234318 -14.710402 130.780867 4.610241 71.454669 
0.650000 82.990623 2.239024 -14.637615 130.483743 4.606674 71.517269 
0.651000 83.124078 2.243741 -14.564118 130.186597 4.603091 71.578858 
0.652000 83.256910 2.248439 -14.491206 129.890317 4.599524 71.640548 
0.653000 83.389759 2.253149 -14.417583 129.594011 4.595940 71.701236 
0.654000 83.521984 2.257840 -14.344547 129.298570 4.592372 71.762024 
0.655000 83.654230 2.262542 -14.270799 129.003101 4.588787 71.821822 
0.656000 83.785850 2.267226 -14.197641 128.708493 4.585218 71.881719 
0.657000 83.917493 2.271921 -14.123771 128.413854 4.581633 71.940634 
0.658000 84.048511 2.276597 -14.050492 128.120075 4.578063 71.999649 
0.659000 84.179553 2.281285 -13.976501 127.826262 4.574477 72.057693 
0.660000 84.309970 2.285954 -13.903103 127.533307 4.570906 72.115836 
0.661000 84.440413 2.290634 -13.828993 127.240315 4.567319 72.173016 
0.662000 84.570231 2.295296 -13.755479 126.948178 4.563748 72.230295 
0.663000 84.700076 2.299969 -13.681252 126.656002 4.560161 72.286622 
0.664000 84.829296 2.304623 -13.607622 126.364679 4.556588 72.343047 
0.665000 84.958545 2.309289 -13.533280 126.073314 4.553001 72.398529 
0.666000 85.087169 2.313936 -13.459536 125.782800 4.549428 72.454109 
0.667000 85.215824 2.318595 -13.385080 125.492241 4.545840 72.508754 
0.668000 85.343854 2.323234 -13.311225 125.202530 4.542266 72.563498 
0.669000 85.471916 2.327886 -13.236657 124.912773 4.538678 72.617316 
0.670000 85.599354 2.332518 -13.162692 124.623861 4.535104 72.671232 
0.671000 85.726825 2.337162 -13.088014 124.334900 4.531515 72.724231 
0.672000 85.853671 2.341787 -13.013940 124.046782 4.527941 72.777328 
0.673000 85.980553 2.346423 -12.939153 123.758612 4.524352 72.829517 
0.674000 86.106810 2.351041 -12.864973 123.471285 4.520777 72.881803 
0.675000 86.233105 2.355670 -12.790079 123.183901 4.517188 72.933190 
0.676000 86.358774 2.360281 -12.715793 122.897358 4.513613 72.984673 
0.677000 86.484482 2.364903 -12.640794 122.610757 4.510024 73.035266 
0.678000 86.609565 2.369506 -12.566405 122.324994 4.506449 73.085955 
0.679000 86.734688 2.374120 -12.491302 122.039169 4.502859 73.135763 
0.680000 86.859187 2.378716 -12.416811 121.754181 4.499284 73.185666 
0.681000 86.983727 2.383323 -12.341607 121.469129 4.495694 73.234696 
0.682000 87.107642 2.387911 -12.267015 121.184912 4.492119 73.283821 
0.683000 87.231602 2.392511 -12.191710 120.900628 4.488529 73.332081 
0.684000 87.354936 2.397092 -12.117020 120.617177 4.484954 73.380435 
0.685000 87.478315 2.401685 -12.041616 120.333655 4.481364 73.427934 
0.686000 87.601069 2.406259 -11.966829 120.050965 4.477788 73.475525 
0.687000 87.723870 2.410844 -11.891327 119.768202 4.474199 73.522269 
0.688000 87.846046 2.415410 -11.816445 119.486269 4.470623 73.569105 
0.689000 87.968270 2.419988 -11.740847 119.204260 4.467034 73.615103 
0.690000 88.089869 2.424547 -11.665871 118.923079 4.463458 73.661192 
0.691000 88.211519 2.429118 -11.590179 118.641819 4.459869 73.706450 
0.692000 88.332542 2.433670 -11.515110 118.361386 4.456293 73.751798 
0.693000 88.453618 2.438233 -11.439325 118.080871 4.452704 73.796325 
0.694000 88.574067 2.442777 -11.364165 117.801181 4.449129 73.840940 
0.695000 88.694571 2.447333 -11.288289 117.521406 4.445540 73.884742 
0.696000 88.814449 2.451870 -11.213039 117.242455 4.441965 73.928632 
0.697000 88.934382 2.456419 -11.137074 116.963415 4.438376 73.971716 
0.698000 89.053688 2.460949 -11.061736 116.685198 4.434802 74.014887 
0.699000 89.173053 2.465490 -10.985682 116.406890 4.431213 74.057261 
