0.000000 8.853080 0.288603 -2.073810 -13.248536 2.001552 43.466817 
0.001000 8.839531 0.290650 -2.029356 -13.294457 2.000469 43.442260 
0.002000 8.825887 0.292695 -1.984952 -13.340739 1.999372 43.417113 
0.003000 8.812243 0.294739 -1.940549 -13.387023 1.998275 43.391958 
0.004000 8.798505 0.296782 -1.896197 -13.433669 1.997163 43.366207 
0.005000 8.784766 0.298824 -1.851847 -13.480316 1.996050 43.340440 
0.006000 8.770932 0.300865 -1.807547 -13.527327 1.994923 43.314069 
0.007000 8.757097 0.302905 -1.763251 -13.574341 1.993796 43.287675 
0.008000 8.743167 0.304943 -1.719006 -13.621718 1.992653 43.260669 
0.009000 8.729234 0.306981 -1.674765 -13.669098 1.991510 43.233631 
0.010000 8.715208 0.309016 -1.630575 -13.716843 1.990352 43.205974 
0.011000 8.701178 0.311052 -1.586390 -13.764592 1.989194 43.178276 
0.012000 8.687053 0.313085 -1.542257 -13.812705 1.988020 43.149951 
0.013000 8.672925 0.315118 -1.498130 -13.860823 1.986845 43.121576 
0.014000 8.658702 0.317149 -1.454055 -13.909306 1.985655 43.092567 
0.015000 8.644474 0.319180 -1.409988 -13.957794 1.984464 43.063498 
0.016000 8.630153 0.321208 -1.365972 -14.006647 1.983257 43.033786 
0.017000 8.615825 0.323236 -1.321965 -14.055505 1.982050 43.004007 
0.018000 8.601403 0.325262 -1.278010 -14.104729 1.980827 42.973574 
0.019000 8.586975 0.327288 -1.234066 -14.153958 1.979602 42.943065 
0.020000 8.572452 0.329311 -1.190173 -14.203554 1.978362 42.911895 
0.021000 8.557922 0.331334 -1.146293 -14.253154 1.977120 42.880637 
0.022000 8.543299 0.333355 -1.102464 -14.303121 1.975863 42.848710 
0.023000 8.528666 0.335376 -1.058649 -14.353092 1.974604 42.816685 
0.024000 8.513940 0.337394 -1.014886 -14.403430 1.973328 42.783981 
0.025000 8.499205 0.339412 -0.971138 -14.453773 1.972052 42.751169 
0.026000 8.484376 0.341428 -0.927442 -14.504481 1.970759 42.717669 
0.027000 8.469537 0.343443 -0.883762 -14.555195 1.969464 42.684051 
0.028000 8.454605 0.345456 -0.840135 -14.606273 1.968153 42.649734 
0.029000 8.439661 0.347469 -0.796525 -14.657357 1.966839 42.615288 
0.030000 8.424624 0.349479 -0.752968 -14.708805 1.965510 42.580134 
0.031000 8.409576 0.351489 -0.709431 -14.760257 1.964178 42.544839 
0.032000 8.394433 0.353497 -0.665946 -14.812073 1.962829 42.508826 
0.033000 8.379279 0.355504 -0.622482 -14.863893 1.961479 42.472662 
0.034000 8.364030 0.357509 -0.579071 -14.916076 1.960111 42.435768 
0.035000 8.348769 0.359513 -0.535683 -14.968262 1.958741 42.398711 
0.036000 8.333414 0.361515 -0.492348 -15.020810 1.957354 42.360914 
0.037000 8.318045 0.363517 -0.449037 -15.073359 1.955964 42.322941 
0.038000 8.302582 0.365516 -0.405780 -15.126270 1.954558 42.284218 
0.039000 8.287105 0.367515 -0.362548 -15.179181 1.953148 42.245307 
0.040000 8.271535 0.369511 -0.319370 -15.232452 1.951721 42.205634 
0.041000 8.255949 0.371507 -0.276220 -15.285722 1.950291 42.165760 
0.042000 8.240269 0.373500 -0.233123 -15.339349 1.948844 42.125113 
0.043000 8.224573 0.375493 -0.190056 -15.392974 1.947394 42.084252 
0.044000 8.208784 0.377484 -0.147043 -15.446955 1.945926 42.042606 
0.045000 8.192978 0.379473 -0.104061 -15.500931 1.944455 42.000732 
0.046000 8.177078 0.381461 -0.061134 -15.555258 1.942966 41.958060 
0.047000 8.161160 0.383448 -0.018239 -15.609578 1.941473 41.915146 
0.048000 8.145149 0.385432 0.024600 -15.664246 1.939963 41.871422 
0.049000 8.129120 0.387416 0.067406 -15.718903 1.938449 41.827441 
0.050000 8.112998 0.389397 0.110155 -15.773906 1.936917 41.782637 
0.051000 8.096856 0.391377 0.152869 -15.828895 1.935381 41.737563 
0.052000 8.080621 0.393356 0.195526 -15.884227 1.933827 41.691652 
0.053000 8.064366 0.395333 0.238146 -15.939542 1.932268 41.645455 
0.054000 8.048018 0.397308 0.280709 -15.995197 1.930692 41.598409 
0.055000 8.031649 0.399282 0.323233 -16.050831 1.929111 41.551062 
0.056000 8.015187 0.401254 0.365699 -16.106802 1.927512 41.502853 
0.057000 7.998704 0.403225 0.408124 -16.162749 1.925908 41.454326 
0.058000 7.982127 0.405193 0.450490 -16.219029 1.924286 41.404924 
0.059000 7.965529 0.407161 0.492814 -16.275281 1.922659 41.355188 
0.060000 7.948837 0.409126 0.535079 -16.331862 1.921013 41.304562 
0.061000 7.932124 0.411090 0.577300 -16.388410 1.919363 41.253587 
0.062000 7.915316 0.413052 0.619460 -16.445283 1.917693 41.201708 
0.063000 7.898486 0.415012 0.661575 -16.502120 1.916019 41.149462 
0.064000 7.881562 0.416971 0.703628 -16.559275 1.914325 41.096298 
0.065000 7.864615 0.418928 0.745634 -16.616389 1.912626 41.042750 
0.066000 7.847575 0.420883 0.787578 -16.673818 1.910908 40.988268 
0.067000 7.830510 0.422837 0.829472 -16.731199 1.909185 40.933386 
0.068000 7.813352 0.424788 0.871304 -16.788890 1.907442 40.877555 
0.069000 7.796170 0.426738 0.913084 -16.846527 1.905694 40.821305 
0.070000 7.778894 0.428686 0.954801 -16.904468 1.903926 40.764090 
0.071000 7.761593 0.430632 0.996464 -16.962349 1.902152 40.706439 
0.072000 7.744199 0.432577 1.038063 -17.020527 1.900359 40.647807 
0.073000 7.726779 0.434519 1.079606 -17.078639 1.898560 40.588720 
0.074000 7.709266 0.436460 1.121084 -17.137041 1.896741 40.528636 
0.075000 7.691726 0.438399 1.162504 -17.195370 1.894916 40.468078 
0.076000 7.674094 0.440336 1.203859 -17.253981 1.893070 40.406507 
0.077000 7.656435 0.442271 1.245153 -17.312512 1.891219 40.344442 
0.078000 7.638682 0.444204 1.286380 -17.371317 1.889348 40.281348 
0.079000 7.620903 0.446136 1.327545 -17.430034 1.887470 40.217740 
0.080000 7.603031 0.448065 1.368643 -17.489017 1.885571 40.153085 
0.081000 7.585130 0.449993 1.409675 -17.547901 1.883666 40.087898 
0.082000 7.567138 0.451918 1.450639 -17.607044 1.881741 40.021646 
0.083000 7.549116 0.453842 1.491537 -17.666079 1.879809 39.954841 
0.084000 7.531003 0.455763 1.532364 -17.725362 1.877857 39.886954 
0.085000 7.512861 0.457683 1.573122 -17.784528 1.875897 39.818493 
0.086000 7.494626 0.459600 1.613810 -17.843933 1.873917 39.748932 
0.087000 7.476362 0.461515 1.654426 -17.903209 1.871930 39.678776 
0.088000 7.458007 0.463429 1.694970 -17.962713 1.869922 39.607502 
0.089000 7.439621 0.465340 1.735440 -18.022077 1.867906 39.535612 
0.090000 7.421144 0.467249 1.775837 -18.081658 1.865870 39.462586 
0.091000 7.402636 0.469157 1.816158 -18.141087 1.863827 39.388922 
0.092000 7.384037 0.471062 1.856404 -18.200721 1.861762 39.314103 
0.093000 7.365408 0.472965 1.896572 -18.260191 1.859690 39.238624 
0.094000 7.346688 0.474866 1.936663 -18.319852 1.857597 39.161972 
0.095000 7.327936 0.476764 1.976675 -18.379336 1.855496 39.084637 
0.096000 7.309094 0.478661 2.016608 -18.438998 1.853374 39.006111 
0.097000 7.290221 0.480555 2.056459 -18.498468 1.851244 38.926879 
0.098000 7.271257 0.482447 2.096230 -18.558102 1.849093 38.846436 
0.099000 7.252261 0.484338 2.135916 -18.617530 1.846934 38.765266 
0.100000 7.233176 0.486225 2.175521 -18.677106 1.844754 38.682865 
0.101000 7.214059 0.488111 2.215039 -18.736460 1.842565 38.599714 
0.102000 7.194852 0.489994 2.254474 -18.795947 1.840356 38.515313 
0.103000 7.175613 0.491875 2.293819 -18.855195 1.838138 38.430139 
0.104000 7.156285 0.493754 2.333080 -18.914560 1.835899 38.343695 
0.105000 7.136925 0.495630 2.372248 -18.973667 1.833651 38.256454 
0.106000 7.117476 0.497504 2.411331 -19.032874 1.831382 38.167924 
0.107000 7.097994 0.499376 2.450318 -19.091804 1.829105 38.078575 
0.108000 7.078425 0.501246 2.489218 -19.150816 1.826806 37.987917 
0.109000 7.058823 0.503113 2.528019 -19.209533 1.824499 37.896416 
0.110000 7.039134 0.504977 2.566732 -19.268311 1.822171 37.803586 
0.111000 7.019411 0.506840 2.605344 -19.326773 1.819834 37.709890 
0.112000 6.999602 0.508700 2.643865 -19.385277 1.817475 37.614846 
0.113000 6.979760 0.510558 2.682282 -19.443443 1.815108 37.518912 
0.114000 6.959832 0.512412 2.720607 -19.501630 1.812720 37.421610 
0.115000 6.939871 0.514265 2.758825 -19.559456 1.810323 37.323396 
0.116000 6.919825 0.516115 2.796949 -19.617281 1.807905 37.223794 
0.117000 6.899745 0.517963 2.834964 -19.674722 1.805479 37.123256 
0.118000 6.879581 0.519808 2.872882 -19.732138 1.803031 37.021311 
0.119000 6.859385 0.521651 2.910688 -19.789145 1.800574 36.918408 
0.120000 6.839104 0.523491 2.948396 -19.846104 1.798097 36.814079 
0.121000 6.818791 0.525329 2.985988 -19.902627 1.795611 36.708767 
0.122000 6.798395 0.527164 3.023481 -19.959076 1.793104 36.602012 
0.123000 6.777966 0.528997 3.060855 -20.015064 1.790588 36.494252 
0.124000 6.757456 0.530827 3.098127 -20.070951 1.788051 36.385029 
0.125000 6.736912 0.532654 3.135278 -20.126348 1.785507 36.274779 
0.126000 6.716289 0.534479 3.172324 -20.181617 1.782941 36.163048 
0.127000 6.695632 0.536301 3.209246 -20.236366 1.780367 36.050269 
0.128000 6.674897 0.538120 3.246062 -20.290959 1.777773 35.935991 
0.129000 6.654129 0.539937 3.282751 -20.345002 1.775170 35.820643 
0.130000 6.633283 0.541751 3.319331 -20.398859 1.772547 35.703780 
0.131000 6.612405 0.543563 3.355780 -20.452134 1.769916 35.585826 
0.132000 6.591449 0.545372 3.392119 -20.505193 1.767265 35.466340 
0.133000 6.570463 0.547178 3.428324 -20.557636 1.764606 35.345743 
0.134000 6.549400 0.548981 3.464416 -20.609831 1.761927 35.223597 
0.135000 6.528307 0.550782 3.500371 -20.661376 1.759240 35.100322 
0.136000 6.507139 0.552579 3.536211 -20.712640 1.756534 34.975483 
0.137000 6.485941 0.554374 3.571911 -20.763220 1.753821 34.849496 
0.138000 6.464669 0.556167 3.607493 -20.813483 1.751088 34.721931 
0.139000 6.443368 0.557956 3.642932 -20.863026 1.748348 34.593200 
0.140000 6.421996 0.559743 3.678251 -20.912217 1.745589 34.462877 
0.141000 6.400594 0.561527 3.713423 -20.960650 1.742824 34.331372 
0.142000 6.379122 0.563307 3.748473 -21.008695 1.740040 34.198263 
0.143000 6.357622 0.565086 3.783373 -21.055942 1.737249 34.063955 
0.144000 6.336054 0.566861 3.818148 -21.102764 1.734440 33.928033 
0.145000 6.314458 0.568633 3.852770 -21.148749 1.731626 33.790898 
0.146000 6.292796 0.570403 3.887265 -21.194270 1.728793 33.652137 
0.147000 6.271107 0.572169 3.921603 -21.238912 1.725955 33.512150 
0.148000 6.249353 0.573933 3.955811 -21.283051 1.723099 33.370529 
0.149000 6.227574 0.575694 3.989860 -21.326269 1.720239 33.227671 
0.150000 6.205732 0.577452 4.023776 -21.368943 1.717361 33.083171 
0.151000 6.183865 0.579207 4.057529 -21.410653 1.714479 32.937424 
0.152000 6.161938 0.580959 4.091147 -21.451777 1.711581 32.790027 
0.153000 6.139987 0.582708 4.124599 -21.491893 1.708678 32.641376 
0.154000 6.117978 0.584454 4.157913 -21.531381 1.705760 32.491071 
0.155000 6.095947 0.586197 4.191057 -21.569816 1.702838 32.339505 
0.156000 6.073859 0.587937 4.224061 -21.607579 1.699902 32.186281 
0.157000 6.051750 0.589674 4.256891 -21.644243 1.696962 32.031792 
0.158000 6.029587 0.591408 4.289579 -21.680192 1.694008 31.875644 
0.159000 6.007405 0.593139 4.322091 -21.714994 1.691052 31.718227 
0.160000 5.985170 0.594867 4.354456 -21.749037 1.688082 31.559152 
0.161000 5.962919 0.596591 4.386642 -21.781885 1.685111 31.398808 
0.162000 5.940617 0.598313 4.418680 -21.813929 1.682126 31.236807 
0.163000 5.918300 0.600032 4.450535 -21.844730 1.679141 31.073539 
0.164000 5.895936 0.601748 4.482239 -21.874680 1.676143 30.908619 
0.165000 5.873557 0.603461 4.513756 -21.903340 1.673146 30.742435 
0.166000 5.851134 0.605170 4.545120 -21.931102 1.670137 30.574606 
0.167000 5.828699 0.606877 4.576294 -21.957525 1.667129 30.405520 
0.168000 5.806221 0.608580 4.607312 -21.983003 1.664111 30.234796 
0.169000 5.783734 0.610280 4.638137 -22.007093 1.661094 30.062824 
0.170000 5.761208 0.611978 4.668804 -22.030192 1.658068 29.889225 
0.171000 5.738673 0.613672 4.699273 -22.051853 1.655044 29.714389 
0.172000 5.716102 0.615363 4.729582 -22.072475 1.652011 29.537939 
0.173000 5.693525 0.617051 4.759691 -22.091610 1.648983 29.360267 
0.174000 5.670916 0.618736 4.789636 -22.109659 1.645946 29.180996 
0.175000 5.648302 0.620418 4.819379 -22.126172 1.642914 29.000519 
0.176000 5.625658 0.622096 4.848955 -22.141552 1.639875 28.818462 
0.177000 5.603013 0.623772 4.878324 -22.155348 1.636842 28.635218 
0.178000 5.580341 0.625444 4.907526 -22.167963 1.633803 28.450413 
0.179000 5.557670 0.627114 4.936518 -22.178946 1.630771 28.264445 
0.180000 5.534976 0.628780 4.965339 -22.188702 1.627734 28.076938 
0.181000 5.512285 0.630443 4.993947 -22.196777 1.624705 27.888293 
0.182000 5.489574 0.632103 5.022382 -22.203581 1.621672 27.698136 
0.183000 5.466869 0.633760 5.050601 -22.208656 1.618649 27.506868 
0.184000 5.444148 0.635414 5.078645 -22.212414 1.615622 27.314115 
0.185000 5.421435 0.637065 5.106470 -22.214398 1.612607 27.120283 
0.186000 5.398710 0.638713 5.134118 -22.215020 1.609589 26.924997 
0.187000 5.375996 0.640357 5.161543 -22.213824 1.606584 26.728665 
0.188000 5.353273 0.641999 5.188789 -22.211223 1.603577 26.530912 
0.189000 5.330565 0.643637 5.215810 -22.206759 1.600584 26.332152 
0.190000 5.307851 0.645273 5.242650 -22.200848 1.597591 26.132004 
0.191000 5.285154 0.646905 5.269261 -22.193032 1.594613 25.930890 
0.192000 5.262457 0.648534 5.295689 -22.183729 1.591636 25.728426 
0.193000 5.239779 0.650160 5.321887 -22.172480 1.588675 25.525039 
0.194000 5.217105 0.651784 5.347899 -22.159704 1.585718 25.320342 
0.195000 5.194453 0.653404 5.373678 -22.144943 1.582776 25.114767 
0.196000 5.171809 0.655021 5.399269 -22.128619 1.579840 24.907926 
0.197000 5.149191 0.656635 5.424625 -22.110272 1.576921 24.700255 
0.198000 5.126584 0.658247 5.449792 -22.090325 1.574008 24.491363 
0.199000 5.104007 0.659855 5.474720 -22.068322 1.571114 24.281693 
0.200000 5.081445 0.661460 5.499458 -22.044685 1.568227 24.070848 
0.201000 5.058916 0.663062 5.523955 -22.018959 1.565361 23.859279 
0.202000 5.036407 0.664662 5.548260 -21.991567 1.562503 23.646584 
0.203000 5.013934 0.666258 5.572323 -21.962056 1.559666 23.433222 
0.204000 4.991485 0.667852 5.596191 -21.930849 1.556840 23.218785 
0.205000 4.969076 0.669443 5.619815 -21.897495 1.554036 23.003740 
0.206000 4.946695 0.671031 5.643244 -21.862418 1.551243 22.787673 
0.207000 4.924358 0.672616 5.666425 -21.825170 1.548475 22.571058 
0.208000 4.902054 0.674198 5.689411 -21.786174 1.545718 22.353477 
0.209000 4.879796 0.675777 5.712148 -21.744984 1.542988 22.135411 
0.210000 4.857576 0.677354 5.734687 -21.702023 1.540270 21.916434 
0.211000 4.835406 0.678928 5.756976 -21.656851 1.537580 21.697038 
0.212000 4.813278 0.680499 5.779067 -21.609887 1.534904 21.476788 
0.213000 4.791205 0.682067 5.800905 -21.560695 1.532256 21.256186 
0.214000 4.769178 0.683633 5.822545 -21.509694 1.529624 21.034789 
0.215000 4.747209 0.685196 5.843930 -21.456453 1.527021 20.813108 
0.216000 4.725290 0.686757 5.865117 -21.401388 1.524435 20.590692 
0.217000 4.703434 0.688314 5.886047 -21.344073 1.521880 20.368062 
0.218000 4.681632 0.689870 5.906778 -21.284923 1.519343 20.144757 
0.219000 4.659897 0.691422 5.927252 -21.223516 1.516837 19.921309 
0.220000 4.638221 0.692972 5.947525 -21.160265 1.514351 19.697248 
0.221000 4.616615 0.694520 5.967541 -21.094753 1.511898 19.473116 
0.222000 4.595074 0.696065 5.987356 -21.027391 1.509464 19.248431 
0.223000 4.573605 0.697607 6.006912 -20.957769 1.507065 19.023749 
0.224000 4.552206 0.699147 6.026268 -20.886293 1.504686 18.798576 
0.225000 4.530884 0.700685 6.045363 -20.812560 1.502343 18.573478 
0.226000 4.509636 0.702220 6.064259 -20.736972 1.500022 18.347952 
0.227000 4.488468 0.703753 6.082892 -20.659134 1.497737 18.122575 
0.228000 4.467379 0.705284 6.101327 -20.579443 1.495475 17.896831 
0.229000 4.446374 0.706812 6.119499 -20.497512 1.493251 17.671310 
0.230000 4.425453 0.708338 6.137472 -20.413733 1.491049 17.445483 
0.231000 4.404620 0.709862 6.155183 -20.327727 1.488887 17.219954 
0.232000 4.383874 0.711383 6.172694 -20.239880 1.486748 16.994179 
0.233000 4.363220 0.712903 6.189943 -20.149822 1.484649 16.768775 
0.234000 4.342659 0.714420 6.206994 -20.057933 1.482575 16.543185 
0.235000 4.322193 0.715935 6.223781 -19.963853 1.480541 16.318040 
0.236000 4.301824 0.717449 6.240371 -19.867955 1.478533 16.092768 
0.237000 4.281555 0.718959 6.256697 -19.769887 1.476566 15.868012 
0.238000 4.261387 0.720469 6.272828 -19.670016 1.474625 15.643189 
0.239000 4.241322 0.721976 6.288694 -19.568000 1.472726 15.418953 
0.240000 4.221362 0.723481 6.304366 -19.464198 1.470854 15.194706 
0.241000 4.201509 0.724984 6.319774 -19.358281 1.469025 14.971117 
0.242000 4.181766 0.726486 6.334988 -19.250596 1.467223 14.747573 
0.243000 4.162133 0.727985 6.349939 -19.140825 1.465463 14.524756 
0.244000 4.142615 0.729483 6.364698 -19.029309 1.463732 14.302038 
0.245000 4.123210 0.730979 6.379193 -18.915741 1.462045 14.080114 
0.246000 4.103924 0.732474 6.393497 -18.800449 1.460386 13.858342 
0.247000 4.084755 0.733966 6.407539 -18.683142 1.458770 13.637431 
0.248000 4.065709 0.735458 6.421392 -18.564136 1.457184 13.416722 
0.249000 4.046784 0.736947 6.434982 -18.443153 1.455642 13.196938 
0.250000 4.027985 0.738435 6.448385 -18.320497 1.454130 12.977406 
0.251000 4.009311 0.739921 6.461526 -18.195904 1.452662 12.758862 
0.252000 3.990767 0.741406 6.474482 -18.069667 1.451224 12.540616 
0.253000 3.972351 0.742890 6.487177 -17.941534 1.449830 12.323418 
0.254000 3.954069 0.744372 6.499689 -17.811787 1.448467 12.106564 
0.255000 3.935918 0.745852 6.511940 -17.680187 1.447149 11.890818 
0.256000 3.917905 0.747332 6.524011 -17.547004 1.445860 11.675458 
0.257000 3.900027 0.748810 6.535821 -17.412014 1.444618 11.461262 
0.258000 3.882290 0.750287 6.547454 -17.275472 1.443405 11.247493 
0.259000 3.864691 0.751762 6.558827 -17.137170 1.442238 11.034943 
0.260000 3.847237 0.753237 6.570025 -16.997349 1.441101 10.822859 
0.261000 3.829924 0.754710 6.580964 -16.855816 1.440010 10.612046 
0.262000 3.812760 0.756182 6.591731 -16.712797 1.438949 10.401734 
0.263000 3.795740 0.757653 6.602240 -16.568115 1.437934 10.192745 
0.264000 3.778871 0.759123 6.612580 -16.421982 1.436948 9.984290 
0.265000 3.762150 0.760592 6.622662 -16.274236 1.436009 9.777206 
0.266000 3.745584 0.762061 6.632578 -16.125073 1.435100 9.570689 
0.267000 3.729167 0.763528 6.642239 -15.974349 1.434236 9.365588 
0.268000 3.712909 0.764994 6.651735 -15.822242 1.433403 9.161083 
0.269000 3.696804 0.766459 6.660977 -15.668626 1.432615 8.958037 
0.270000 3.680860 0.767925 6.670058 -15.513662 1.431857 8.755614 
0.271000 3.665072 0.769388 6.678886 -15.357241 1.431144 8.554692 
0.272000 3.649448 0.770852 6.687556 -15.199508 1.430461 8.354419 
0.273000 3.633982 0.772314 6.695974 -15.040370 1.429823 8.155684 
0.274000 3.618684 0.773776 6.704238 -14.879956 1.429215 7.957621 
0.275000 3.603547 0.775237 6.712251 -14.718190 1.428652 7.761133 
0.276000 3.588579 0.776699 6.720112 -14.555182 1.428118 7.565337 
0.277000 3.573775 0.778159 6.727725 -14.390875 1.427629 7.371151 
0.278000 3.559144 0.779619 6.735190 -14.225362 1.427169 7.177675 
0.279000 3.544678 0.781078 6.742407 -14.058603 1.426753 6.985841 
0.280000 3.530388 0.782537 6.749479 -13.890672 1.426366 6.794734 
0.281000 3.516266 0.783995 6.756305 -13.721548 1.426023 6.605298 
0.282000 3.502322 0.785454 6.762989 -13.551286 1.425708 6.416604 
0.283000 3.488548 0.786911 6.769429 -13.379883 1.425437 6.229608 
0.284000 3.474954 0.788370 6.775731 -13.207377 1.425195 6.043367 
0.285000 3.461533 0.789827 6.781791 -13.033783 1.424995 5.858850 
0.286000 3.448294 0.791284 6.787715 -12.859117 1.424824 5.675097 
0.287000 3.435231 0.792741 6.793399 -12.683416 1.424695 5.493093 
0.288000 3.422351 0.794198 6.798951 -12.506675 1.424594 5.311862 
0.289000 3.409649 0.795655 6.804264 -12.328951 1.424535 5.132400 
0.290000 3.397134 0.797112 6.809449 -12.150219 1.424503 4.953720 
0.291000 3.384797 0.798569 6.814396 -11.970554 1.424513 4.776828 
0.292000 3.372649 0.800026 6.819220 -11.789912 1.424549 4.600722 
0.293000 3.360681 0.801482 6.823806 -11.608388 1.424627 4.426423 
0.294000 3.348905 0.802940 6.828273 -11.425916 1.424732 4.252914 
0.295000 3.337311 0.804397 6.832506 -11.242612 1.424877 4.081227 
0.296000 3.325909 0.805854 6.836621 -11.058390 1.425048 3.910333 
0.297000 3.314692 0.807311 6.840504 -10.873384 1.425260 3.741276 
0.298000 3.303668 0.808770 6.844274 -10.687489 1.425497 3.573012 
0.299000 3.292831 0.810227 6.847812 -10.500857 1.425774 3.406597 
0.300000 3.282189 0.811686 6.851242 -10.313363 1.426076 3.240976 
0.301000 3.271736 0.813144 6.854441 -10.125181 1.426417 3.077214 
0.302000 3.261479 0.814604 6.857536 -9.936162 1.426783 2.914245 
0.303000 3.251412 0.816062 6.860402 -9.746501 1.427187 2.753144 
0.304000 3.241543 0.817523 6.863167 -9.556029 1.427616 2.592833 
0.305000 3.231866 0.818982 6.865706 -9.364960 1.428083 2.434400 
0.306000 3.222388 0.820444 6.868147 -9.173103 1.428573 2.276751 
0.307000 3.213103 0.821905 6.870363 -8.980695 1.429101 2.120986 
0.308000 3.204019 0.823367 6.872485 -8.787522 1.429653 1.966001 
0.309000 3.195129 0.824829 6.874384 -8.593841 1.430241 1.812907 
0.310000 3.186441 0.826292 6.876193 -8.399418 1.430853 1.660586 
0.311000 3.177949 0.827755 6.877780 -8.204529 1.431501 1.510159 
0.312000 3.169659 0.829220 6.879282 -8.008918 1.432171 1.360499 
0.313000 3.161567 0.830685 6.880563 -7.812883 1.432877 1.212737 
0.314000 3.153678 0.832151 6.881763 -7.616147 1.433605 1.065733 
0.315000 3.145989 0.833617 6.882743 -7.419026 1.434369 0.920629 
0.316000 3.138503 0.835085 6.883646 -7.221223 1.435154 0.776276 
0.317000 3.131218 0.836553 6.884331 -7.023076 1.435974 0.633823 
0.318000 3.124138 0.838022 6.884942 -6.824263 1.436815 0.492111 
0.319000 3.117260 0.839492 6.885337 -6.625145 1.437690 0.352301 
0.320000 3.110587 0.840963 6.885663 -6.425378 1.438586 0.213221 
0.321000 3.104117 0.842434 6.885774 -6.225342 1.439515 0.076042 
0.322000 3.097853 0.843907 6.885818 -6.024674 1.440465 -0.060416 
0.323000 3.091794 0.845380 6.885650 -5.823774 1.441447 -0.194976 
0.324000 3.085941 0.846856 6.885419 -5.622256 1.442450 -0.328826 
0.325000 3.080294 0.848331 6.884977 -5.420541 1.443485 -0.460779 
0.326000 3.074854 0.849808 6.884477 -5.218221 1.444540 -0.592033 
0.327000 3.069621 0.851286 6.883767 -5.015739 1.445627 -0.721394 
0.328000 3.064595 0.852765 6.883001 -4.812666 1.446733 -0.850069 
0.329000 3.059777 0.854245 6.882028 -4.609463 1.447870 -0.976853 
0.330000 3.055166 0.855727 6.881003 -4.405679 1.449026 -1.102963 
0.331000 3.050765 0.857209 6.879772 -4.201800 1.450212 -1.227187 
0.332000 3.046572 0.858693 6.878493 -3.997350 1.451417 -1.350749 
0.333000 3.042589 0.860177 6.877009 -3.792835 1.452653 -1.472430 
0.334000 3.038814 0.861664 6.875481 -3.587760 1.453906 -1.593462 
0.335000 3.035251 0.863151 6.873750 -3.382650 1.455189 -1.712617 
0.336000 3.031895 0.864641 6.871978 -3.176989 1.456490 -1.831137 
0.337000 3.028752 0.866130 6.870004 -2.971322 1.457820 -1.947785 
0.338000 3.025817 0.867623 6.867994 -2.765113 1.459168 -2.063811 
0.339000 3.023096 0.869115 6.865783 -2.558926 1.460544 -2.177972 
0.340000 3.020583 0.870610 6.863539 -2.352203 1.461937 -2.291524 
0.341000 3.018285 0.872105 6.861096 -2.145530 1.463358 -2.403217 
0.342000 3.016195 0.873603 6.858624 -1.938327 1.464796 -2.514314 
0.343000 3.014320 0.875101 6.855953 -1.731202 1.466262 -2.623559 
0.344000 3.012654 0.876602 6.853258 -1.523552 1.467745 -2.732222 
0.345000 3.011204 0.878104 6.850364 -1.316004 1.469254 -2.839040 
0.346000 3.009962 0.879608 6.847451 -1.107937 1.470780 -2.945289 
0.347000 3.008938 0.881112 6.844340 -0.899997 1.472332 -3.049699 
0.348000 3.008121 0.882619 6.841213 -0.691542 1.473900 -3.153555 
0.349000 3.007523 0.884127 6.837889 -0.483238 1.475494 -3.255579 
0.350000 3.007133 0.885637 6.834554 -0.274421 1.477105 -3.357062 
0.351000 3.006962 0.887148 6.831023 -0.065779 1.478740 -3.456722 
0.352000 3.006998 0.888662 6.827483 0.143374 1.480392 -3.555853 
0.353000 3.007255 0.890176 6.823750 0.352330 1.482068 -3.653168 
0.354000 3.007719 0.891693 6.820011 0.561794 1.483760 -3.749969 
0.355000 3.008404 0.893211 6.816079 0.771040 1.485477 -3.844961 
0.356000 3.009296 0.894732 6.812146 0.980794 1.487208 -3.939453 
0.357000 3.010411 0.896253 6.808022 1.190308 1.488964 -4.032143 
0.358000 3.011730 0.897777 6.803899 1.400330 1.490735 -4.124346 
0.359000 3.013275 0.899302 6.799585 1.610092 1.492530 -4.214755 
0.360000 3.015024 0.900830 6.795278 1.820362 1.494339 -4.304690 
0.361000 3.016998 0.902359 6.790781 2.030352 1.496172 -4.392840 
0.362000 3.019177 0.903890 6.786293 2.240852 1.498019 -4.480528 
0.363000 3.021582 0.905423 6.781616 2.451054 1.499889 -4.566438 
0.364000 3.024190 0.906958 6.776952 2.661766 1.501774 -4.651900 
0.365000 3.027026 0.908495 6.772101 2.872163 1.503681 -4.735592 
0.366000 3.030065 0.910034 6.767266 3.083071 1.505602 -4.818848 
0.367000 3.033332 0.911574 6.762244 3.293647 1.507546 -4.900341 
0.368000 3.036802 0.913118 6.757243 3.504738 1.509504 -4.981411 
0.369000 3.040501 0.914662 6.752055 3.715479 1.511483 -5.060726 
0.370000 3.044402 0.916209 6.746891 3.926738 1.513477 -5.139630 
0.371000 3.048533 0.917757 6.741542 4.137631 1.515492 -5.216787 
0.372000 3.052865 0.919309 6.736221 4.349046 1.517520 -5.293545 
0.373000 3.057429 0.920861 6.730715 4.560080 1.519570 -5.368563 
0.374000 3.062192 0.922417 6.725240 4.771640 1.521634 -5.443193 
0.375000 3.067189 0.923974 6.719581 4.982803 1.523718 -5.516091 
0.376000 3.072384 0.925534 6.713957 5.194497 1.525816 -5.588613 
0.377000 3.077814 0.927095 6.708150 5.405780 1.527934 -5.659410 
0.378000 3.083441 0.928659 6.702381 5.617599 1.530066 -5.729842 
0.379000 3.089304 0.930224 6.696430 5.828994 1.532218 -5.798557 
0.380000 3.095364 0.931793 6.690521 6.040929 1.534383 -5.866917 
0.381000 3.101660 0.933363 6.684430 6.252428 1.536568 -5.933567 
0.382000 3.108153 0.934936 6.678384 6.464472 1.538767 -5.999873 
0.383000 3.114883 0.936510 6.672158 6.676067 1.540985 -6.064475 
0.384000 3.121808 0.938088 6.665980 6.888215 1.543216 -6.128745 
0.385000 3.128972 0.939667 6.659622 7.099900 1.545466 -6.191317 
0.386000 3.136330 0.941249 6.653316 7.312145 1.547730 -6.253566 
0.387000 3.143929 0.942833 6.646831 7.523916 1.550012 -6.314124 
0.388000 3.151720 0.944420 6.640401 7.736254 1.552308 -6.374370 
0.389000 3.159752 0.946008 6.633792 7.948106 1.554623 -6.432930 
0.390000 3.167977 0.947599 6.627243 8.160532 1.556950 -6.491187 
0.391000 3.176444 0.949192 6.620515 8.372462 1.559296 -6.547766 
0.392000 3.185103 0.950789 6.613850 8.584973 1.561655 -6.604050 
0.393000 3.194004 0.952387 6.607007 8.796978 1.564032 -6.658662 
0.394000 3.203096 0.953988 6.600230 9.009573 1.566423 -6.712988 
0.395000 3.212433 0.955591 6.593276 9.221651 1.568831 -6.765647 
0.396000 3.221958 0.957197 6.586391 9.434328 1.571252 -6.818029 
0.397000 3.231730 0.958804 6.579330 9.646478 1.573691 -6.868749 
0.398000 3.241689 0.960416 6.572342 9.859234 1.576143 -6.919201 
0.399000 3.251896 0.962028 6.565178 10.071456 1.578613 -6.967996 
0.400000 3.262290 0.963645 6.558089 10.284293 1.581096 -7.016530 
0.401000 3.272932 0.965262 6.550826 10.496585 1.583595 -7.063412 
0.402000 3.283760 0.966884 6.543642 10.709503 1.586109 -7.110042 
0.403000 3.294837 0.968507 6.536283 10.921868 1.588639 -7.155024 
0.404000 3.306100 0.970133 6.529007 11.134868 1.591182 -7.199761 
0.405000 3.317613 0.971761 6.521556 11.347306 1.593742 -7.242854 
0.406000 3.329310 0.973393 6.514192 11.560389 1.596315 -7.285709 
0.407000 3.341259 0.975026 6.506654 11.772903 1.598905 -7.326925 
0.408000 3.353390 0.976664 6.499205 11.986071 1.601509 -7.367909 
0.409000 3.365775 0.978302 6.491583 12.198663 1.604128 -7.407258 
0.410000 3.378342 0.979945 6.484054 12.411920 1.606762 -7.446381 
0.411000 3.391163 0.981589 6.476352 12.624593 1.609411 -7.483873 
0.412000 3.404164 0.983237 6.468746 12.837941 1.612074 -7.521144 
0.413000 3.417422 0.984886 6.460968 13.050699 1.614753 -7.556787 
0.414000 3.430859 0.986540 6.453290 13.264143 1.617446 -7.592216 
0.415000 3.444553 0.988194 6.445439 13.476990 1.620154 -7.626020 
0.416000 3.458425 0.989853 6.437691 13.690534 1.622876 -7.659615 
0.417000 3.472556 0.991514 6.429772 13.903474 1.625614 -7.691587 
0.418000 3.486863 0.993179 6.421959 14.117123 1.628366 -7.723354 
0.419000 3.501431 0.994845 6.413974 14.330162 1.631133 -7.753502 
0.420000 3.516175 0.996515 6.406099 14.543921 1.633914 -7.783449 
0.421000 3.531180 0.998187 6.398054 14.757065 1.636711 -7.811779 
0.422000 3.546359 0.999863 6.390121 14.970939 1.639522 -7.839912 
0.423000 3.561802 1.001540 6.382018 15.184193 1.642348 -7.866430 
0.424000 3.577417 1.003222 6.374031 15.398190 1.645188 -7.892756 
0.425000 3.593298 1.004905 6.365874 15.611561 1.648044 -7.917466 
0.426000 3.609349 1.006593 6.357836 15.825687 1.650914 -7.941988 
0.427000 3.625668 1.008282 6.349629 16.039182 1.653799 -7.964897 
0.428000 3.642156 1.009976 6.341545 16.253444 1.656698 -7.987620 
0.429000 3.658913 1.011671 6.333291 16.467070 1.659613 -8.008730 
0.430000 3.675838 1.013370 6.325163 16.681475 1.662542 -8.029657 
0.431000 3.693034 1.015071 6.316867 16.895240 1.665486 -8.048972 
0.432000 3.710396 1.016777 6.308700 17.109797 1.668445 -8.068106 
0.433000 3.728030 1.018484 6.300364 17.323709 1.671418 -8.085628 
0.434000 3.745831 1.020196 6.292161 17.538425 1.674407 -8.102972 
0.435000 3.763904 1.021909 6.283790 17.752492 1.677410 -8.118703 
0.436000 3.782142 1.023627 6.275555 17.967377 1.680429 -8.134256 
0.437000 3.800655 1.025346 6.267152 18.181609 1.683462 -8.148197 
0.438000 3.819331 1.027070 6.258889 18.396671 1.686511 -8.161962 
0.439000 3.838284 1.028796 6.250458 18.611077 1.689574 -8.174113 
0.440000 3.857399 1.030526 6.242169 18.826326 1.692653 -8.186089 
0.441000 3.876792 1.032258 6.233714 19.040914 1.695747 -8.196450 
0.442000 3.896345 1.033994 6.225404 19.256360 1.698856 -8.206636 
0.443000 3.916179 1.035733 6.216928 19.471141 1.701979 -8.215205 
0.444000 3.936172 1.037476 6.208600 19.686793 1.705119 -8.223599 
0.445000 3.956447 1.039220 6.200107 19.901778 1.708273 -8.230375 
0.446000 3.976880 1.040970 6.191766 20.117647 1.711444 -8.236976 
0.447000 3.997596 1.042721 6.183259 20.332846 1.714629 -8.241955 
0.448000 4.018469 1.044477 6.174907 20.548942 1.717830 -8.246758 
0.449000 4.039627 1.046235 6.166391 20.764365 1.721046 -8.249938 
0.450000 4.060941 1.047997 6.158033 20.980700 1.724279 -8.252940 
0.451000 4.082542 1.049762 6.149510 21.196359 1.727526 -8.254315 
0.452000 4.104297 1.051531 6.141149 21.412943 1.730790 -8.255511 
0.453000 4.126340 1.053302 6.132624 21.628849 1.734068 -8.255077 
0.454000 4.148537 1.055078 6.124264 21.845695 1.737364 -8.254462 
0.455000 4.171024 1.056855 6.115740 22.061860 1.740674 -8.252212 
0.456000 4.193663 1.058638 6.107385 22.278978 1.744001 -8.249779 
0.457000 4.216594 1.060423 6.098866 22.495414 1.747343 -8.245707 
0.458000 4.239675 1.062212 6.090519 22.712818 1.750703 -8.241449 
0.459000 4.263051 1.064004 6.082008 22.929537 1.754078 -8.235546 
0.460000 4.286576 1.065800 6.073674 23.147238 1.757470 -8.229455 
0.461000 4.310397 1.067598 6.065176 23.364253 1.760877 -8.221714 
0.462000 4.334366 1.069402 6.056857 23.582265 1.764302 -8.213780 
0.463000 4.358633 1.071207 6.048375 23.799587 1.767742 -8.204191 
0.464000 4.383046 1.073018 6.040076 24.017922 1.771200 -8.194406 
0.465000 4.407760 1.074830 6.031614 24.235566 1.774673 -8.182958 
0.466000 4.432618 1.076647 6.023338 24.454237 1.778165 -8.171309 
0.467000 4.457779 1.078467 6.014900 24.672215 1.781672 -8.157992 
0.468000 4.483083 1.080292 6.006651 24.891236 1.785198 -8.144469 
0.469000 4.508692 1.082119 5.998241 25.109562 1.788739 -8.129270 
0.470000 4.534443 1.083950 5.990024 25.328946 1.792299 -8.113859 
0.471000 4.560501 1.085785 5.981645 25.547634 1.795874 -8.096765 
0.472000 4.586699 1.087624 5.973462 25.767395 1.799469 -8.079454 
0.473000 4.613206 1.089465 5.965119 25.986458 1.803079 -8.060451 
0.474000 4.639852 1.091312 5.956975 26.206610 1.806709 -8.041223 
0.475000 4.666810 1.093161 5.948671 26.426063 1.810355 -8.020296 
0.476000 4.693904 1.095015 5.940570 26.646620 1.814020 -7.999138 
0.477000 4.721313 1.096871 5.932310 26.866478 1.817702 -7.976270 
0.478000 4.748858 1.098733 5.924256 27.087454 1.821403 -7.953164 
0.479000 4.776719 1.100597 5.916042 27.307730 1.825121 -7.928339 
0.480000 4.804714 1.102466 5.908039 27.529141 1.828859 -7.903268 
0.481000 4.833027 1.104338 5.899877 27.749850 1.832614 -7.876467 
0.482000 4.861474 1.106214 5.891928 27.971710 1.836389 -7.849411 
0.483000 4.890241 1.108094 5.883821 28.192867 1.840181 -7.820616 
0.484000 4.919140 1.109978 5.875932 28.415191 1.843994 -7.791556 
0.485000 4.948363 1.111865 5.867884 28.636811 1.847823 -7.760746 
0.486000 4.977715 1.113758 5.860058 28.859615 1.851675 -7.729661 
0.487000 5.007393 1.115653 5.852074 29.081713 1.855542 -7.696814 
0.488000 5.037199 1.117553 5.844314 29.305011 1.859433 -7.663683 
0.489000 5.067334 1.119456 5.836398 29.527603 1.863339 -7.628776 
0.490000 5.097596 1.121365 5.828710 29.751411 1.867269 -7.593575 
0.491000 5.128188 1.123276 5.820866 29.974512 1.871215 -7.556584 
0.492000 5.158906 1.125192 5.813254 30.198846 1.875184 -7.519289 
0.493000 5.189958 1.127111 5.805486 30.422471 1.879171 -7.480190 
0.494000 5.221133 1.129036 5.797954 30.647347 1.883181 -7.440775 
0.495000 5.252644 1.130963 5.790266 30.871513 1.887208 -7.399542 
0.496000 5.284278 1.132896 5.782818 31.096945 1.891259 -7.357979 
0.497000 5.316251 1.134831 5.775216 31.321667 1.895328 -7.314584 
0.498000 5.348345 1.136773 5.767857 31.547673 1.899421 -7.270847 
0.499000 5.380779 1.138717 5.760344 31.772967 1.903531 -7.225261 
0.500000 5.413334 1.140666 5.753078 31.999562 1.907667 -7.179319 
0.501000 5.446232 1.142619 5.745660 32.225444 1.911821 -7.131512 
0.502000 5.479248 1.144577 5.738491 32.452644 1.916000 -7.083335 
0.503000 5.512611 1.146538 5.731171 32.679131 1.920197 -7.033275 
0.504000 5.546091 1.148504 5.724105 32.906952 1.924420 -6.982830 
0.505000 5.579920 1.150474 5.716888 33.134058 1.928661 -6.930485 
0.506000 5.613864 1.152449 5.709929 33.362517 1.932929 -6.877740 
0.507000 5.648161 1.154428 5.702820 33.590260 1.937215 -6.823075 
0.508000 5.682571 1.156412 5.695973 33.819372 1.941529 -6.767994 
0.509000 5.717336 1.158399 5.688977 34.047767 1.945861 -6.710973 
0.510000 5.752213 1.160392 5.682247 34.277549 1.950221 -6.653519 
0.511000 5.787448 1.162388 5.675368 34.506613 1.954600 -6.594106 
0.512000 5.822794 1.164390 5.668759 34.737080 1.959007 -6.534242 
0.513000 5.858500 1.166395 5.662002 34.966828 1.963433 -6.472397 
0.514000 5.894316 1.168406 5.655520 35.197998 1.967888 -6.410082 
0.515000 5.930495 1.170420 5.648891 35.428446 1.972363 -6.345766 
0.516000 5.966782 1.172440 5.642540 35.660333 1.976867 -6.280960 
0.517000 6.003435 1.174464 5.636044 35.891497 1.981391 -6.214129 
0.518000 6.040195 1.176493 5.629830 36.124118 1.985945 -6.146790 
0.519000 6.077324 1.178526 5.623471 36.356014 1.990519 -6.077401 
0.520000 6.114559 1.180564 5.617399 36.589384 1.995123 -6.007483 
0.521000 6.152165 1.182606 5.611183 36.822027 1.999748 -5.935492 
0.522000 6.189875 1.184655 5.605258 37.056161 2.004404 -5.862950 
0.523000 6.227961 1.186706 5.599191 37.289566 2.009082 -5.788308 
0.524000 6.266148 1.188764 5.593419 37.524481 2.013790 -5.713094 
0.525000 6.304714 1.190825 5.587505 37.758663 2.018520 -5.635754 
0.526000 6.343381 1.192893 5.581891 37.994373 2.023283 -5.557817 
0.527000 6.382429 1.194964 5.576137 38.229347 2.028067 -5.477728 
0.528000 6.421576 1.197041 5.570687 38.465866 2.032884 -5.397017 
0.529000 6.461108 1.199122 5.565098 38.701646 2.037723 -5.314126 
0.530000 6.500737 1.201209 5.559817 38.938989 2.042595 -5.230589 
0.531000 6.540755 1.203300 5.554399 39.175590 2.047490 -5.144842 
0.532000 6.580868 1.205397 5.549294 39.413770 2.052419 -5.058423 
0.533000 6.621372 1.207498 5.544053 39.651204 2.057372 -4.969764 
0.534000 6.661971 1.209605 5.539129 39.890236 2.062358 -4.880406 
0.535000 6.702965 1.211716 5.534070 40.128516 2.067369 -4.788776 
0.536000 6.744051 1.213834 5.529334 40.368411 2.072414 -4.696419 
0.537000 6.785535 1.215955 5.524464 40.607551 2.077484 -4.601758 
0.538000 6.827111 1.218083 5.519921 40.848322 2.082590 -4.506343 
0.539000 6.869088 1.220215 5.515247 41.088332 2.087720 -4.408589 
0.540000 6.911154 1.222354 5.510904 41.329991 2.092886 -4.310051 
0.541000 6.953625 1.224496 5.506431 41.570883 2.098078 -4.209140 
0.542000 6.996184 1.226645 5.502294 41.813440 2.103307 -4.107414 
0.543000 7.039151 1.228798 5.498029 42.055224 2.108561 -4.003279 
0.544000 7.082205 1.230958 5.494106 42.298689 2.113853 -3.898298 
0.545000 7.125670 1.233122 5.490056 42.541374 2.119171 -3.790872 
0.546000 7.169220 1.235293 5.486352 42.785757 2.124529 -3.682566 
0.547000 7.213185 1.237467 5.482523 43.029351 2.129912 -3.571777 
0.548000 7.257233 1.239649 5.479046 43.274659 2.135335 -3.460075 
0.549000 7.301700 1.241835 5.475446 43.519169 2.140784 -3.345851 
0.550000 7.346249 1.244028 5.472202 43.765410 2.146274 -3.230679 
0.551000 7.391219 1.246225 5.468838 44.010843 2.151791 -3.112944 
0.552000 7.436269 1.248429 5.465835 44.258021 2.157349 -2.994226 
0.553000 7.481745 1.250638 5.462713 44.504382 2.162935 -2.872903 
0.554000 7.527300 1.252853 5.459959 44.752503 2.168563 -2.750561 
0.555000 7.573283 1.255073 5.457087 44.999794 2.174218 -2.625572 
0.556000 7.619343 1.257301 5.454588 45.248860 2.179917 -2.499525 
0.557000 7.665836 1.259532 5.451975 45.497083 2.185644 -2.370787 
0.558000 7.712404 1.261771 5.449739 45.747095 2.191415 -2.240953 
0.559000 7.759408 1.264015 5.447391 45.996251 2.197214 -2.108382 
0.560000 7.806486 1.266265 5.445426 46.247209 2.203058 -1.974676 
0.561000 7.854004 1.268521 5.443352 46.497297 2.208932 -1.838187 
0.562000 7.901593 1.270784 5.441667 46.749198 2.214851 -1.700521 
0.563000 7.949626 1.273051 5.439874 47.000212 2.220799 -1.560025 
0.564000 7.997728 1.275326 5.438476 47.253053 2.226794 -1.418311 
0.565000 8.046278 1.277606 5.436973 47.504988 2.232819 -1.273718 
0.566000 8.094896 1.279893 5.435870 47.758761 2.238891 -1.127864 
0.567000 8.143965 1.282185 5.434666 48.011610 2.244994 -0.979082 
0.568000 8.193100 1.284485 5.433868 48.266306 2.251144 -0.828994 
0.569000 8.242690 1.286790 5.432970 48.520057 2.257326 -0.675927 
0.570000 8.292344 1.289102 5.432485 48.775665 2.263557 -0.521511 
0.571000 8.342457 1.291420 5.431903 49.030306 2.269819 -0.364063 
0.572000 8.392632 1.293745 5.431741 49.286811 2.276130 -0.205220 
0.573000 8.443269 1.296076 5.431483 49.542324 2.282474 -0.043292 
0.574000 8.493967 1.298414 5.431652 49.799710 2.288868 0.120077 
0.575000 8.545131 1.300757 5.431729 50.056076 2.295294 0.286584 
0.576000 8.596353 1.303108 5.432238 50.314321 2.301771 0.454581 
0.577000 8.648045 1.305465 5.432659 50.571519 2.308282 0.625771 
0.578000 8.699793 1.307830 5.433518 50.830599 2.314844 0.798498 
0.579000 8.752015 1.310200 5.434292 51.088601 2.321439 0.974475 
0.580000 8.804291 1.312578 5.435511 51.348489 2.328087 1.152037 
0.581000 8.857045 1.314962 5.436649 51.607265 2.334769 1.332905 
0.582000 8.909850 1.317354 5.438238 51.867930 2.341504 1.515409 
0.583000 8.963137 1.319752 5.439748 52.127446 2.348273 1.701275 
0.584000 9.016473 1.322157 5.441718 52.388851 2.355097 1.888828 
0.585000 9.070294 1.324569 5.443612 52.649068 2.361954 2.079801 
0.586000 9.124162 1.326988 5.445972 52.911173 2.368867 2.272510 
0.587000 9.178520 1.329414 5.448260 53.172049 2.375814 2.468699 
0.588000 9.232922 1.331848 5.451021 53.434809 2.382817 2.666675 
0.589000 9.287817 1.334288 5.453714 53.696295 2.389854 2.868190 
0.590000 9.342753 1.336736 5.456888 53.959659 2.396948 3.071541 
0.591000 9.398187 1.339191 5.459997 54.221702 2.404077 3.278492 
0.592000 9.453660 1.341653 5.463594 54.485615 2.411263 3.487330 
0.593000 9.509633 1.344123 5.467130 54.748156 2.418483 3.699827 
0.594000 9.565643 1.346600 5.471161 55.012558 2.425762 3.914263 
0.595000 9.622157 1.349084 5.475136 55.275531 2.433075 4.132416 
0.596000 9.678705 1.351577 5.479614 55.540354 2.440447 4.352559 
0.597000 9.735761 1.354076 5.484039 55.803689 2.447854 4.576478 
0.598000 9.792847 1.356584 5.488975 56.068859 2.455320 4.802438 
0.599000 9.850446 1.359098 5.493862 56.332479 2.462821 5.032233 
0.600000 9.908071 1.361621 5.499268 56.597916 2.470381 5.264118 
0.601000 9.966212 1.364151 5.504630 56.861736 2.477976 5.499897 
0.602000 10.024377 1.366690 5.510517 57.127353 2.485630 5.737814 
0.603000 10.083062 1.369236 5.516366 57.391281 2.493320 5.979682 
0.604000 10.141767 1.371790 5.522748 57.656984 2.501069 6.223737 
0.605000 10.200995 1.374351 5.529096 57.920921 2.508853 6.471799 
0.606000 10.260240 1.376921 5.535986 58.186607 2.516697 6.722093 
0.607000 10.320011 1.379499 5.542846 58.450446 2.524575 6.976450 
0.608000 10.379796 1.382085 5.550256 58.716006 2.532514 7.233084 
0.609000 10.440110 1.384679 5.557640 58.979632 2.540487 7.493834 
0.610000 10.500434 1.387282 5.565584 59.244946 2.548520 7.756904 
0.611000 10.561292 1.389892 5.573506 59.508235 2.556586 8.024140 
0.612000 10.622154 1.392511 5.581997 59.773177 2.564713 8.293738 
0.613000 10.683553 1.395138 5.590471 60.035996 2.572872 8.567551 
0.614000 10.744953 1.397773 5.599521 60.300430 2.581092 8.843762 
0.615000 10.806893 1.400417 5.608560 60.562638 2.589343 9.124236 
0.616000 10.868829 1.403070 5.618184 60.826418 2.597655 9.407143 
0.617000 10.931309 1.405730 5.627802 61.087863 2.605997 9.694355 
0.618000 10.993780 1.408400 5.638013 61.350835 2.614400 9.984033 
0.619000 11.056797 1.411078 5.648223 61.611357 2.622832 10.278054 
0.620000 11.119801 1.413765 5.659036 61.873356 2.631324 10.574571 
0.621000 11.183355 1.416460 5.669853 62.132784 2.639844 10.875466 
0.622000 11.246889 1.419165 5.681281 62.393636 2.648424 11.178880 
0.623000 11.310976 1.421877 5.692718 62.651789 2.657030 11.486704 
0.624000 11.375038 1.424599 5.704776 62.911310 2.665696 11.797067 
0.625000 11.439656 1.427330 5.716848 63.167998 2.674386 12.111866 
0.626000 11.504244 1.430070 5.729550 63.425993 2.683135 12.429219 
0.627000 11.569389 1.432818 5.742271 63.681015 2.691906 12.751028 
0.628000 11.634498 1.435576 5.755631 63.937280 2.700736 13.075401 
0.629000 11.700168 1.438342 5.769016 64.190424 2.709586 13.404246 
0.630000 11.765795 1.441118 5.783049 64.444744 2.718493 13.735657 
0.631000 11.831985 1.443903 5.797111 64.695790 2.727418 14.071549 
0.632000 11.898125 1.446697 5.811831 64.947939 2.736400 14.410005 
0.633000 11.964831 1.449500 5.826586 65.196655 2.745397 14.752945 
0.634000 12.031480 1.452312 5.842007 65.446399 2.754449 15.098438 
0.635000 12.098697 1.455134 5.857468 65.692543 2.763515 15.448410 
0.636000 12.165849 1.457965 5.873605 65.939639 2.772633 15.800919 
0.637000 12.233571 1.460805 5.889788 66.182960 2.781762 16.157894 
0.638000 12.301222 1.463655 5.906655 66.427153 2.790943 16.517381 
0.639000 12.369443 1.466514 5.923573 66.667391 2.800131 16.881313 
0.640000 12.437585 1.469382 5.941185 66.908418 2.809369 17.247727 
0.641000 12.506299 1.472260 5.958852 67.145305 2.818612 17.618554 
0.642000 12.574925 1.475147 5.977222 67.382894 2.827902 17.991822 
0.643000 12.644126 1.478044 5.995653 67.616152 2.837193 18.369466 
0.644000 12.713229 1.480951 6.014795 67.850025 2.846530 18.749501 
0.645000 12.782908 1.483867 6.034004 68.079368 2.855864 19.133863 
0.646000 12.852480 1.486792 6.053932 68.309239 2.865241 19.520558 
0.647000 12.922629 1.489727 6.073931 68.534377 2.874611 19.911522 
0.648000 12.992662 1.492672 6.094660 68.759953 2.884023 20.304752 
0.649000 13.063273 1.495626 6.115463 68.980587 2.893423 20.702181 
0.650000 13.133757 1.498590 6.137005 69.201570 2.902862 21.101800 
0.651000 13.204819 1.501564 6.158625 69.417398 2.912286 21.505539 
0.652000 13.275745 1.504547 6.180993 69.633485 2.921745 21.911382 
0.653000 13.347249 1.507540 6.203443 69.844201 2.931184 22.321255 
0.654000 13.418606 1.510542 6.226649 70.055087 2.940657 22.733135 
0.655000 13.490542 1.513555 6.249942 70.260380 2.950104 23.148946 
0.656000 13.562318 1.516577 6.273998 70.465758 2.959581 23.566657 
0.657000 13.634674 1.519609 6.298146 70.665318 2.969028 23.988188 
0.658000 13.706859 1.522650 6.323064 70.864879 2.978502 24.411504 
0.659000 13.779623 1.525701 6.348078 71.058396 2.987941 24.838519 
0.660000 13.852203 1.528761 6.373870 71.251831 2.997404 25.267193 
0.661000 13.925363 1.531832 6.399760 71.438994 3.006825 25.699432 
0.662000 13.998326 1.534911 6.426436 71.626000 3.016268 26.133198 
0.663000 14.071869 1.538001 6.453214 71.806502 3.025664 26.570386 
0.664000 14.145201 1.541100 6.480784 71.986775 3.035077 27.008957 
0.665000 14.219112 1.544209 6.508458 72.160314 3.044438 27.450798 
0.666000 14.292800 1.547327 6.536932 72.333558 3.053813 27.893870 
0.667000 14.367065 1.550456 6.565513 72.499837 3.063129 28.340049 
0.668000 14.441092 1.553593 6.594900 72.665761 3.072456 28.787300 
0.669000 14.515697 1.556740 6.624395 72.824491 3.081719 29.237487 
0.670000 14.590049 1.559896 6.654703 72.982814 3.090989 29.688579 
0.671000 14.664978 1.563063 6.685121 73.133714 3.100189 30.142425 
0.672000 14.739639 1.566237 6.716357 73.284164 3.109392 30.597004 
0.673000 14.814875 1.569423 6.747705 73.426964 3.118519 31.054149 
0.674000 14.889828 1.572616 6.779876 73.569280 3.127646 31.511848 
0.675000 14.965356 1.575820 6.812160 73.703724 3.136690 31.971916 
0.676000 15.040584 1.579032 6.845272 73.837658 3.145732 32.432356 
0.677000 15.116385 1.582254 6.878498 73.963499 3.154683 32.894962 
0.678000 15.191870 1.585485 6.912556 74.088818 3.163630 33.357752 
0.679000 15.267928 1.588725 6.946729 74.205829 3.172480 33.822501 
0.680000 15.343653 1.591974 6.981737 74.322314 3.181322 34.287244 
0.681000 15.419949 1.595232 7.016861 74.430280 3.190061 34.753731 
0.682000 15.495894 1.598499 7.052823 74.537731 3.198789 35.220022 
0.683000 15.572410 1.601775 7.088901 74.636455 3.207408 35.687840 
0.684000 15.648557 1.605059 7.125820 74.734687 3.216013 36.155269 
0.685000 15.725274 1.608353 7.162854 74.823991 3.224503 36.624006 
0.686000 15.801604 1.611655 7.200732 74.912841 3.232977 37.092162 
0.687000 15.878503 1.614966 7.238723 74.992565 3.241328 37.561404 
0.688000 15.954996 1.618285 7.277561 75.071885 3.249662 38.029875 
0.689000 16.032057 1.621613 7.316510 75.141891 3.257867 38.499209 
0.690000 16.108693 1.624948 7.356308 75.211556 3.266052 38.967585 
0.691000 16.185896 1.628294 7.396215 75.271722 3.274103 39.436601 
0.692000 16.262656 1.631645 7.436973 75.331627 3.282132 39.904476 
0.693000 16.339981 1.635007 7.477837 75.381855 3.290021 40.372768 
0.694000 16.416843 1.638375 7.519552 75.431914 3.297887 40.839742 
0.695000 16.494271 1.641753 7.561371 75.472125 3.305606 41.306912 
0.696000 16.571216 1.645136 7.604042 75.512274 3.313301 41.772592 
0.697000 16.648726 1.648530 7.646814 75.542410 3.320844 42.238250 
0.698000 16.725732 1.651929 7.690437 75.572606 3.328363 42.702253 
0.699000 16.803304 1.655338 7.734158 75.592628 3.335723 43.166020 
