0.000000 8.853080 0.288603 -2.073810 -13.248536 2.001552 43.466817 
0.001000 8.839531 0.290650 -2.029356 -13.323284 2.000569 43.477705 
0.002000 8.825828 0.292695 -1.984879 -13.398760 1.999571 43.488264 
0.003000 8.812125 0.294740 -1.940404 -13.474242 1.998573 43.498817 
0.004000 8.798268 0.296783 -1.895906 -13.550455 1.997558 43.509036 
0.005000 8.784408 0.298826 -1.851409 -13.626680 1.996542 43.519242 
0.006000 8.770396 0.300866 -1.806890 -13.703638 1.995511 43.529107 
0.007000 8.756378 0.302907 -1.762374 -13.780615 1.994478 43.538955 
0.008000 8.742208 0.304946 -1.717835 -13.858329 1.993429 43.548454 
0.009000 8.728032 0.306985 -1.673299 -13.936067 1.992380 43.557929 
0.010000 8.713703 0.309021 -1.628740 -14.014544 1.991313 43.567049 
0.011000 8.699367 0.311058 -1.584186 -14.093051 1.990245 43.576139 
0.012000 8.684877 0.313092 -1.539609 -14.172301 1.989161 43.584867 
0.013000 8.670378 0.315126 -1.495036 -14.251587 1.988075 43.593558 
0.014000 8.655726 0.317159 -1.450441 -14.331617 1.986973 43.601879 
0.015000 8.641064 0.319191 -1.405852 -14.411691 1.985869 43.610157 
0.016000 8.626248 0.321221 -1.361240 -14.492512 1.984747 43.618057 
0.017000 8.611421 0.323250 -1.316634 -14.573382 1.983625 43.625906 
0.018000 8.596440 0.325278 -1.272007 -14.655002 1.982484 43.633371 
0.019000 8.581445 0.327305 -1.227386 -14.736677 1.981342 43.640777 
0.020000 8.566297 0.329331 -1.182743 -14.819105 1.980183 43.647791 
0.021000 8.551134 0.331356 -1.138107 -14.901595 1.979021 43.654738 
0.022000 8.535817 0.333379 -1.093450 -14.984840 1.977842 43.661285 
0.023000 8.520483 0.335401 -1.048801 -15.068152 1.976660 43.667757 
0.024000 8.504996 0.337422 -1.004131 -15.152223 1.975461 43.673821 
0.025000 8.489490 0.339442 -0.959470 -15.236367 1.974259 43.679801 
0.026000 8.473831 0.341460 -0.914787 -15.321272 1.973039 43.685364 
0.027000 8.458152 0.343477 -0.870115 -15.406258 1.971817 43.690836 
0.028000 8.442319 0.345493 -0.825421 -15.492006 1.970576 43.695882 
0.029000 8.426464 0.347508 -0.780738 -15.577840 1.969332 43.700827 
0.030000 8.410456 0.349521 -0.736034 -15.664440 1.968070 43.705337 
0.031000 8.394424 0.351534 -0.691342 -15.751133 1.966805 43.709737 
0.032000 8.378238 0.353544 -0.646629 -15.838593 1.965521 43.713693 
0.033000 8.362027 0.355554 -0.601929 -15.926152 1.964234 43.717530 
0.034000 8.345662 0.357562 -0.557209 -16.014481 1.962928 43.720913 
0.035000 8.329271 0.359569 -0.512501 -16.102915 1.961619 43.724166 
0.036000 8.312725 0.361574 -0.467774 -16.192121 1.960290 43.726955 
0.037000 8.296151 0.363579 -0.423061 -16.281438 1.958958 43.729605 
0.038000 8.279422 0.365581 -0.378328 -16.371530 1.957606 43.731781 
0.039000 8.262664 0.367583 -0.333611 -16.461738 1.956251 43.733807 
0.040000 8.245751 0.369582 -0.288874 -16.552723 1.954876 43.735349 
0.041000 8.228807 0.371581 -0.244154 -16.643831 1.953496 43.736729 
0.042000 8.211707 0.373578 -0.199414 -16.735717 1.952097 43.737615 
0.043000 8.194575 0.375574 -0.154692 -16.827732 1.950694 43.738328 
0.044000 8.177287 0.377568 -0.109951 -16.920527 1.949270 43.738535 
0.045000 8.159966 0.379561 -0.065228 -17.013456 1.947842 43.738558 
0.046000 8.142488 0.381552 -0.020487 -17.107167 1.946394 43.738064 
0.047000 8.124974 0.383542 0.024235 -17.201018 1.944941 43.737373 
0.048000 8.107304 0.385531 0.068975 -17.295653 1.943468 43.736153 
0.049000 8.089597 0.387518 0.113694 -17.390433 1.941989 43.734725 
0.050000 8.071734 0.389503 0.158431 -17.485998 1.940490 43.732756 
0.051000 8.053831 0.391487 0.203146 -17.581714 1.938985 43.730565 
0.052000 8.035771 0.393469 0.247878 -17.678216 1.937459 43.727821 
0.053000 8.017672 0.395450 0.292588 -17.774874 1.935928 43.724842 
0.054000 7.999414 0.397429 0.337314 -17.872320 1.934375 43.721298 
0.055000 7.981115 0.399406 0.382017 -17.969926 1.932817 43.717505 
0.056000 7.962658 0.401382 0.426735 -18.068321 1.931237 43.713134 
0.057000 7.944158 0.403357 0.471428 -18.166881 1.929651 43.708499 
0.058000 7.925499 0.405329 0.516138 -18.266230 1.928044 43.703274 
0.059000 7.906796 0.407300 0.560820 -18.365750 1.926430 43.697770 
0.060000 7.887933 0.409269 0.605518 -18.466059 1.924794 43.691662 
0.061000 7.869025 0.411237 0.650188 -18.566543 1.923152 43.685260 
0.062000 7.849957 0.413203 0.694873 -18.667817 1.921487 43.678240 
0.063000 7.830841 0.415167 0.739529 -18.769269 1.919816 43.670911 
0.064000 7.811566 0.417130 0.784198 -18.871512 1.918122 43.662949 
0.065000 7.792241 0.419091 0.828838 -18.973937 1.916420 43.654663 
0.066000 7.772756 0.421050 0.873491 -19.077152 1.914697 43.645729 
0.067000 7.753220 0.423007 0.918112 -19.180552 1.912965 43.636453 
0.068000 7.733524 0.424963 0.962746 -19.284743 1.911211 43.626516 
0.069000 7.713774 0.426916 1.007347 -19.389122 1.909449 43.616219 
0.070000 7.693865 0.428868 1.051959 -19.494290 1.907664 43.605245 
0.071000 7.673900 0.430818 1.096538 -19.599649 1.905871 43.593896 
0.072000 7.653775 0.432766 1.141127 -19.705797 1.904054 43.581852 
0.073000 7.633594 0.434713 1.185681 -19.812138 1.902229 43.569415 
0.074000 7.613251 0.436657 1.230245 -19.919266 1.900381 43.556267 
0.075000 7.592850 0.438600 1.274772 -20.026590 1.898523 43.542708 
0.076000 7.572288 0.440541 1.319309 -20.134699 1.896642 43.528422 
0.077000 7.551666 0.442480 1.363807 -20.243005 1.894752 43.513705 
0.078000 7.530883 0.444416 1.408313 -20.352094 1.892838 43.498244 
0.079000 7.510038 0.446351 1.452779 -20.461381 1.890914 43.482333 
0.080000 7.489030 0.448284 1.497253 -20.571448 1.888967 43.465661 
0.081000 7.467960 0.450215 1.541685 -20.681715 1.887009 43.448519 
0.082000 7.446727 0.452144 1.586123 -20.792758 1.885027 43.430597 
0.083000 7.425430 0.454071 1.630519 -20.904000 1.883035 43.412185 
0.084000 7.403970 0.455995 1.674920 -21.016016 1.881019 43.392976 
0.085000 7.382444 0.457918 1.719276 -21.128231 1.878991 43.373255 
0.086000 7.360754 0.459839 1.763636 -21.241214 1.876940 43.352718 
0.087000 7.338996 0.461757 1.807950 -21.354396 1.874877 43.331649 
0.088000 7.317075 0.463673 1.852268 -21.468342 1.872789 43.309744 
0.089000 7.295084 0.465588 1.896537 -21.582484 1.870690 43.287285 
0.090000 7.272930 0.467500 1.940809 -21.697385 1.868567 43.263971 
0.091000 7.250704 0.469410 1.985030 -21.812481 1.866431 43.240080 
0.092000 7.228314 0.471317 2.029253 -21.928329 1.864271 43.215315 
0.093000 7.205851 0.473223 2.073424 -22.044369 1.862098 43.189950 
0.094000 7.183224 0.475126 2.117595 -22.161154 1.859900 43.163690 
0.095000 7.160522 0.477027 2.161712 -22.278128 1.857690 43.136807 
0.096000 7.137655 0.478926 2.205828 -22.395840 1.855454 43.109010 
0.097000 7.114713 0.480823 2.249888 -22.513735 1.853206 43.080565 
0.098000 7.091605 0.482717 2.293946 -22.632361 1.850932 43.051184 
0.099000 7.068421 0.484609 2.337946 -22.751165 1.848645 43.021132 
0.100000 7.045070 0.486498 2.381942 -22.870691 1.846332 42.990124 
0.101000 7.021640 0.488385 2.425879 -22.990388 1.844006 42.958418 
0.102000 6.998044 0.490270 2.469811 -23.110798 1.841654 42.925735 
0.103000 6.974369 0.492152 2.513681 -23.231372 1.839288 42.892330 
0.104000 6.950526 0.494032 2.557544 -23.352648 1.836896 42.857926 
0.105000 6.926603 0.495909 2.601343 -23.474080 1.834490 42.822774 
0.106000 6.902512 0.497784 2.645134 -23.596203 1.832058 42.786601 
0.107000 6.878339 0.499657 2.688860 -23.718473 1.829612 42.749654 
0.108000 6.853998 0.501526 2.732576 -23.841420 1.827139 42.711664 
0.109000 6.829573 0.503394 2.776223 -23.964505 1.824652 42.672874 
0.110000 6.804980 0.505259 2.819860 -24.088255 1.822139 42.633018 
0.111000 6.780302 0.507121 2.863426 -24.212130 1.819611 42.592336 
0.112000 6.755456 0.508980 2.906979 -24.336656 1.817056 42.550565 
0.113000 6.730523 0.510838 2.950460 -24.461295 1.814486 42.507941 
0.114000 6.705422 0.512692 2.993926 -24.586568 1.811890 42.464205 
0.115000 6.680233 0.514544 3.037317 -24.711942 1.809278 42.419590 
0.116000 6.654876 0.516393 3.080692 -24.837933 1.806639 42.373840 
0.117000 6.629429 0.518239 3.123990 -24.964010 1.803986 42.327183 
0.118000 6.603814 0.520083 3.167269 -25.090687 1.801305 42.279369 
0.119000 6.578108 0.521923 3.210469 -25.217432 1.798609 42.230620 
0.120000 6.552234 0.523761 3.253648 -25.344759 1.795886 42.180691 
0.121000 6.526267 0.525597 3.296747 -25.472137 1.793147 42.129799 
0.122000 6.500132 0.527429 3.339822 -25.600077 1.790381 42.077705 
0.123000 6.473904 0.529259 3.382813 -25.728048 1.787599 42.024622 
0.124000 6.447507 0.531086 3.425780 -25.856559 1.784791 41.970312 
0.125000 6.421017 0.532910 3.468660 -25.985082 1.781966 41.914986 
0.126000 6.394357 0.534730 3.511514 -26.114122 1.779114 41.858411 
0.127000 6.367602 0.536549 3.554279 -26.243152 1.776247 41.800792 
0.128000 6.340679 0.538364 3.597014 -26.372674 1.773352 41.741902 
0.129000 6.313659 0.540176 3.639658 -26.502163 1.770442 41.681941 
0.130000 6.286470 0.541985 3.682272 -26.632119 1.767504 41.620687 
0.131000 6.259185 0.543791 3.724790 -26.762016 1.764551 41.558335 
0.132000 6.231731 0.545594 3.767276 -26.892354 1.761570 41.494668 
0.133000 6.204179 0.547394 3.809665 -27.022606 1.758574 41.429877 
0.134000 6.176458 0.549191 3.852018 -27.153271 1.755550 41.363750 
0.135000 6.148639 0.550985 3.894271 -27.283821 1.752511 41.296472 
0.136000 6.120651 0.552776 3.936486 -27.414755 1.749445 41.227838 
0.137000 6.092564 0.554564 3.978599 -27.545543 1.746363 41.158027 
0.138000 6.064309 0.556348 4.020672 -27.676684 1.743255 41.086840 
0.139000 6.035953 0.558129 4.062640 -27.807648 1.740131 41.014452 
0.140000 6.007430 0.559907 4.104564 -27.938931 1.736980 40.940668 
0.141000 5.978806 0.561682 4.146381 -28.070004 1.733814 40.865660 
0.142000 5.950015 0.563454 4.188152 -28.201362 1.730622 40.789236 
0.143000 5.921123 0.565222 4.229812 -28.332475 1.727414 40.711564 
0.144000 5.892063 0.566987 4.271424 -28.463837 1.724180 40.632461 
0.145000 5.862902 0.568749 4.312922 -28.594917 1.720932 40.552086 
0.146000 5.833574 0.570507 4.354370 -28.726209 1.717657 40.470263 
0.147000 5.804145 0.572262 4.395701 -28.857180 1.714368 40.387148 
0.148000 5.774549 0.574014 4.436979 -28.988324 1.711054 40.302569 
0.149000 5.744851 0.575762 4.478137 -29.119107 1.707725 40.216679 
0.150000 5.714988 0.577507 4.519239 -29.250023 1.704371 40.129310 
0.151000 5.685022 0.579248 4.560219 -29.380536 1.701003 40.040611 
0.152000 5.654893 0.580986 4.601139 -29.511140 1.697611 39.950420 
0.153000 5.624660 0.582720 4.641934 -29.641297 1.694204 39.858883 
0.154000 5.594264 0.584451 4.682668 -29.771503 1.690774 39.765842 
0.155000 5.563764 0.586179 4.723272 -29.901215 1.687331 39.671439 
0.156000 5.533103 0.587903 4.763813 -30.030933 1.683864 39.575524 
0.157000 5.502338 0.589623 4.804221 -30.160109 1.680384 39.478231 
0.158000 5.471413 0.591340 4.844562 -30.289246 1.676882 39.379419 
0.159000 5.440384 0.593053 4.884769 -30.417793 1.673367 39.279217 
0.160000 5.409195 0.594762 4.924905 -30.546253 1.669830 39.177490 
0.161000 5.377904 0.596468 4.964903 -30.674074 1.666282 39.074363 
0.162000 5.346454 0.598171 5.004829 -30.801759 1.662711 38.969706 
0.163000 5.314901 0.599869 5.044613 -30.928754 1.659130 38.863643 
0.164000 5.283192 0.601564 5.084321 -31.055564 1.655528 38.756046 
0.165000 5.251379 0.603255 5.123885 -31.181631 1.651916 38.647038 
0.166000 5.219412 0.604943 5.163371 -31.307465 1.648284 38.536496 
0.167000 5.187342 0.606627 5.202709 -31.432500 1.644642 38.424540 
0.168000 5.155119 0.608307 5.241965 -31.557251 1.640981 38.311052 
0.169000 5.122794 0.609983 5.281071 -31.681150 1.637312 38.196149 
0.170000 5.090318 0.611656 5.320093 -31.804712 1.633624 38.079720 
0.171000 5.057740 0.613325 5.358960 -31.927366 1.629928 37.961877 
0.172000 5.025013 0.614990 5.397741 -32.049632 1.626215 37.842515 
0.173000 4.992185 0.616651 5.436364 -32.170933 1.622495 37.721744 
0.174000 4.959209 0.618309 5.474898 -32.291794 1.618758 37.599464 
0.175000 4.926135 0.619962 5.513271 -32.411632 1.615016 37.475781 
0.176000 4.892914 0.621612 5.551552 -32.530977 1.611258 37.350602 
0.177000 4.859595 0.623258 5.589669 -32.649242 1.607495 37.224032 
0.178000 4.826132 0.624900 5.627691 -32.766960 1.603718 37.095979 
0.179000 4.792573 0.626538 5.665546 -32.883541 1.599937 36.966549 
0.180000 4.758872 0.628173 5.703303 -32.999522 1.596142 36.835654 
0.181000 4.725075 0.629803 5.740891 -33.114308 1.592345 36.703397 
0.182000 4.691139 0.631430 5.778377 -33.228442 1.588536 36.569698 
0.183000 4.657108 0.633052 5.815691 -33.341322 1.584726 36.434655 
0.184000 4.622942 0.634671 5.852901 -33.453497 1.580904 36.298193 
0.185000 4.588682 0.636286 5.889936 -33.564362 1.577082 36.160410 
0.186000 4.554288 0.637897 5.926865 -33.674471 1.573250 36.021234 
0.187000 4.519803 0.639504 5.963615 -33.783211 1.569420 35.880763 
0.188000 4.485187 0.641107 6.000256 -33.891145 1.565580 35.738928 
0.189000 4.450482 0.642706 6.036716 -33.997654 1.561743 35.595827 
0.190000 4.415648 0.644301 6.073065 -34.103306 1.557899 35.451393 
0.191000 4.380726 0.645893 6.109230 -34.207478 1.554058 35.305726 
0.192000 4.345679 0.647480 6.145280 -34.310745 1.550211 35.158760 
0.193000 4.310546 0.649064 6.181144 -34.412478 1.546369 35.010596 
0.194000 4.275291 0.650643 6.216891 -34.513258 1.542523 34.861171 
0.195000 4.239952 0.652219 6.252450 -34.612452 1.538683 34.710585 
0.196000 4.204494 0.653790 6.287889 -34.710647 1.534839 34.558778 
0.197000 4.168954 0.655358 6.323137 -34.807203 1.531003 34.405851 
0.198000 4.133298 0.656922 6.358264 -34.902718 1.527165 34.251746 
0.199000 4.097563 0.658482 6.393197 -34.996544 1.523336 34.096565 
0.200000 4.061715 0.660038 6.428006 -35.089287 1.519507 33.940251 
0.201000 4.025790 0.661590 6.462619 -35.180295 1.515688 33.782907 
0.202000 3.989757 0.663138 6.497106 -35.270178 1.511870 33.624477 
0.203000 3.953648 0.664682 6.531395 -35.358281 1.508064 33.465067 
0.204000 3.917434 0.666223 6.565556 -35.445223 1.504259 33.304621 
0.205000 3.881147 0.667759 6.599517 -35.530342 1.500469 33.143246 
0.206000 3.844759 0.669292 6.633348 -35.614264 1.496681 32.980885 
0.207000 3.808301 0.670820 6.666977 -35.696323 1.492909 32.817651 
0.208000 3.771745 0.672345 6.700474 -35.777153 1.489141 32.653484 
0.209000 3.735121 0.673866 6.733767 -35.856083 1.485389 32.488500 
0.210000 3.698404 0.675384 6.766927 -35.933753 1.481643 32.322638 
0.211000 3.661622 0.676897 6.799881 -36.009488 1.477916 32.156017 
0.212000 3.624750 0.678407 6.832700 -36.083938 1.474195 31.988575 
0.213000 3.587815 0.679912 6.865311 -36.156421 1.470493 31.820433 
0.214000 3.550794 0.681414 6.897786 -36.227594 1.466800 31.651529 
0.215000 3.513714 0.682912 6.930052 -36.296773 1.463128 31.481986 
0.216000 3.476552 0.684407 6.962180 -36.364621 1.459465 31.311740 
0.217000 3.439333 0.685898 6.994098 -36.430448 1.455824 31.140918 
0.218000 3.402036 0.687385 7.025877 -36.494927 1.452194 30.969452 
0.219000 3.364685 0.688868 7.057443 -36.557364 1.448587 30.797474 
0.220000 3.327261 0.690348 7.088870 -36.618438 1.444993 30.624914 
0.221000 3.289785 0.691824 7.120084 -36.677452 1.441422 30.451905 
0.222000 3.252240 0.693296 7.151158 -36.735091 1.437865 30.278375 
0.223000 3.214646 0.694765 7.182017 -36.790654 1.434334 30.104463 
0.224000 3.176988 0.696230 7.212734 -36.844835 1.430817 29.930090 
0.225000 3.139283 0.697691 7.243236 -36.896927 1.427326 29.755401 
0.226000 3.101518 0.699150 7.273596 -36.947633 1.423851 29.580312 
0.227000 3.063709 0.700604 7.303741 -36.996242 1.420404 29.404972 
0.228000 3.025845 0.702055 7.333742 -37.043462 1.416974 29.229294 
0.229000 2.987940 0.703502 7.363527 -37.088580 1.413572 29.053432 
0.230000 2.949983 0.704946 7.393169 -37.132311 1.410187 28.877292 
0.231000 2.911988 0.706386 7.422593 -37.173938 1.406833 28.701032 
0.232000 2.873946 0.707824 7.451874 -37.214182 1.403497 28.524555 
0.233000 2.835869 0.709257 7.480938 -37.252324 1.400192 28.348024 
0.234000 2.797750 0.710688 7.509858 -37.289090 1.396905 28.171333 
0.235000 2.759597 0.712114 7.538560 -37.323759 1.393651 27.994654 
0.236000 2.721407 0.713538 7.567119 -37.357062 1.390416 27.817873 
0.237000 2.683186 0.714958 7.595460 -37.388276 1.387214 27.641167 
0.238000 2.644932 0.716376 7.623657 -37.418137 1.384032 27.464416 
0.239000 2.606650 0.717789 7.651636 -37.445919 1.380885 27.287802 
0.240000 2.568339 0.719200 7.679472 -37.472364 1.377757 27.111200 
0.241000 2.530004 0.720607 7.707090 -37.496745 1.374665 26.934795 
0.242000 2.491642 0.722012 7.734565 -37.519807 1.371593 26.758456 
0.243000 2.453260 0.723413 7.761822 -37.540820 1.368557 26.582374 
0.244000 2.414855 0.724811 7.788937 -37.560535 1.365542 26.406410 
0.245000 2.376432 0.726206 7.815835 -37.578221 1.362564 26.230761 
0.246000 2.337992 0.727598 7.842590 -37.594631 1.359607 26.055281 
0.247000 2.299535 0.728987 7.869129 -37.609033 1.356687 25.880173 
0.248000 2.261065 0.730373 7.895526 -37.622185 1.353789 25.705282 
0.249000 2.222582 0.731756 7.921707 -37.633353 1.350929 25.530818 
0.250000 2.184089 0.733137 7.947748 -37.643297 1.348091 25.356617 
0.251000 2.145586 0.734514 7.973572 -37.651284 1.345290 25.182896 
0.252000 2.107076 0.735888 7.999257 -37.658075 1.342512 25.009483 
0.253000 2.068559 0.737260 8.024727 -37.662937 1.339772 24.836601 
0.254000 2.030040 0.738629 8.050059 -37.666633 1.337056 24.664069 
0.255000 1.991515 0.739994 8.075176 -37.668430 1.334377 24.492116 
0.256000 1.952992 0.741358 8.100156 -37.669093 1.331721 24.320554 
0.257000 1.914465 0.742718 8.124921 -37.667888 1.329104 24.149618 
0.258000 1.875945 0.744077 8.149552 -37.665583 1.326510 23.979110 
0.259000 1.837423 0.745432 8.173969 -37.661443 1.323955 23.809272 
0.260000 1.798911 0.746785 8.198252 -37.656235 1.321423 23.639900 
0.261000 1.760400 0.748134 8.222322 -37.649228 1.318929 23.471238 
0.262000 1.721903 0.749482 8.246261 -37.641189 1.316459 23.303076 
0.263000 1.683408 0.750827 8.269987 -37.631385 1.314027 23.135664 
0.264000 1.644931 0.752170 8.293583 -37.620585 1.311619 22.968783 
0.265000 1.606458 0.753510 8.316968 -37.608057 1.309250 22.802690 
0.266000 1.568006 0.754848 8.340224 -37.594569 1.306903 22.637156 
0.267000 1.529561 0.756183 8.363271 -37.579391 1.304595 22.472446 
0.268000 1.491140 0.757517 8.386190 -37.563291 1.302311 22.308323 
0.269000 1.452728 0.758847 8.408901 -37.545538 1.300064 22.145055 
0.270000 1.414344 0.760176 8.431486 -37.526899 1.297841 21.982399 
0.271000 1.375970 0.761502 8.453864 -37.506648 1.295656 21.820630 
0.272000 1.337627 0.762826 8.476118 -37.485548 1.293494 21.659494 
0.273000 1.299296 0.764147 8.498167 -37.462875 1.291369 21.499274 
0.274000 1.260999 0.765467 8.520093 -37.439391 1.289268 21.339708 
0.275000 1.222717 0.766784 8.541816 -37.414373 1.287204 21.181083 
0.276000 1.184471 0.768100 8.563418 -37.388583 1.285162 21.023132 
0.277000 1.146241 0.769413 8.584817 -37.361298 1.283158 20.866146 
0.278000 1.108051 0.770725 8.606098 -37.333278 1.281176 20.709849 
0.279000 1.069879 0.772034 8.627177 -37.303804 1.279232 20.554539 
0.280000 1.031749 0.773341 8.648140 -37.273632 1.277308 20.399934 
0.281000 0.993638 0.774646 8.668904 -37.242045 1.275422 20.246336 
0.282000 0.955573 0.775950 8.689553 -37.209798 1.273558 20.093455 
0.283000 0.917528 0.777251 8.710003 -37.176176 1.271729 19.941598 
0.284000 0.879532 0.778551 8.730342 -37.141930 1.269922 19.790470 
0.285000 0.841557 0.779849 8.750483 -37.106349 1.268151 19.640382 
0.286000 0.803634 0.781145 8.770515 -37.070181 1.266400 19.491032 
0.287000 0.765733 0.782439 8.790351 -37.032716 1.264686 19.342737 
0.288000 0.727886 0.783732 8.810079 -36.994699 1.262991 19.195187 
0.289000 0.690063 0.785023 8.829613 -36.955425 1.261332 19.048705 
0.290000 0.652297 0.786312 8.849042 -36.915635 1.259693 18.902973 
0.291000 0.614555 0.787599 8.868278 -36.874626 1.258088 18.758320 
0.292000 0.576873 0.788885 8.887410 -36.833135 1.256503 18.614422 
0.293000 0.539216 0.790169 8.906352 -36.790462 1.254952 18.471612 
0.294000 0.501621 0.791452 8.925193 -36.747342 1.253420 18.329560 
0.295000 0.464052 0.792733 8.943844 -36.703078 1.251922 18.188604 
0.296000 0.426547 0.794013 8.962396 -36.658399 1.250443 18.048408 
0.297000 0.389070 0.795291 8.980760 -36.612612 1.248997 17.909313 
0.298000 0.351659 0.796568 8.999028 -36.566443 1.247569 17.770980 
0.299000 0.314276 0.797842 9.017110 -36.519202 1.246174 17.633752 
0.300000 0.276962 0.799117 9.035097 -36.471611 1.244796 17.497285 
0.301000 0.239676 0.800389 9.052899 -36.422984 1.243451 17.361927 
0.302000 0.202461 0.801660 9.070609 -36.374036 1.242123 17.227329 
0.303000 0.165276 0.802929 9.088136 -36.324087 1.240827 17.093841 
0.304000 0.128163 0.804198 9.105573 -36.273848 1.239547 16.961111 
0.305000 0.091080 0.805465 9.122829 -36.222640 1.238299 16.829492 
0.306000 0.054072 0.806731 9.139997 -36.171172 1.237067 16.698627 
0.307000 0.017095 0.807995 9.156985 -36.118768 1.235866 16.568873 
0.308000 -0.019806 0.809259 9.173887 -36.066132 1.234680 16.439868 
0.309000 -0.056676 0.810520 9.190611 -36.012592 1.233525 16.311974 
0.310000 -0.093467 0.811782 9.207252 -35.958847 1.232384 16.184824 
0.311000 -0.130227 0.813041 9.223716 -35.904231 1.231274 16.058782 
0.312000 -0.166906 0.814300 9.240099 -35.849435 1.230178 15.933477 
0.313000 -0.203554 0.815557 9.256307 -35.793798 1.229112 15.809278 
0.314000 -0.240120 0.816814 9.272436 -35.738008 1.228060 15.685809 
0.315000 -0.276653 0.818069 9.288391 -35.681406 1.227037 15.563443 
0.316000 -0.313103 0.819324 9.304270 -35.624675 1.226027 15.441799 
0.317000 -0.349521 0.820577 9.319976 -35.567161 1.225045 15.321253 
0.318000 -0.385853 0.821830 9.335608 -35.509542 1.224077 15.201422 
0.319000 -0.422153 0.823081 9.351069 -35.451168 1.223137 15.082682 
0.320000 -0.458366 0.824332 9.366459 -35.392712 1.222208 14.964650 
0.321000 -0.494546 0.825581 9.381678 -35.333529 1.221308 14.847703 
0.322000 -0.530638 0.826830 9.396828 -35.274285 1.220420 14.731454 
0.323000 -0.566697 0.828077 9.411810 -35.214340 1.219558 14.616284 
0.324000 -0.602666 0.829324 9.426725 -35.154355 1.218708 14.501803 
0.325000 -0.638603 0.830570 9.441473 -35.093695 1.217885 14.388394 
0.326000 -0.674448 0.831816 9.456155 -35.033016 1.217072 14.275663 
0.327000 -0.710260 0.833059 9.470672 -34.971686 1.216286 14.163997 
0.328000 -0.745980 0.834303 9.485127 -34.910356 1.215510 14.053000 
0.329000 -0.781667 0.835545 9.499417 -34.848399 1.214760 13.943058 
0.330000 -0.817260 0.836788 9.513646 -34.786461 1.214020 13.833775 
0.331000 -0.852820 0.838029 9.527713 -34.723920 1.213305 13.725540 
0.332000 -0.888285 0.839270 9.541721 -34.661415 1.212599 13.617952 
0.333000 -0.923717 0.840509 9.555567 -34.598329 1.211919 13.511403 
0.334000 -0.959053 0.841749 9.569357 -34.535296 1.211247 13.405491 
0.335000 -0.994356 0.842986 9.582987 -34.471704 1.210600 13.300608 
0.336000 -1.029562 0.844225 9.596563 -34.408182 1.209961 13.196351 
0.337000 -1.064736 0.845461 9.609979 -34.344121 1.209346 13.093114 
0.338000 -1.099811 0.846699 9.623344 -34.280145 1.208740 12.990492 
0.339000 -1.134853 0.847934 9.636550 -34.215651 1.208157 12.888879 
0.340000 -1.169796 0.849170 9.649707 -34.151257 1.207581 12.787870 
0.341000 -1.204707 0.850404 9.662707 -34.086364 1.207029 12.687861 
0.342000 -1.239517 0.851639 9.675659 -34.021585 1.206484 12.588444 
0.343000 -1.274295 0.852872 9.688456 -33.956326 1.205961 12.490016 
0.344000 -1.308972 0.854105 9.701206 -33.891195 1.205446 12.392169 
0.345000 -1.343617 0.855337 9.713803 -33.825601 1.204953 12.295302 
0.346000 -1.378160 0.856570 9.726355 -33.760148 1.204466 12.199003 
0.347000 -1.412671 0.857801 9.738755 -33.694249 1.204001 12.103673 
0.348000 -1.447079 0.859033 9.751113 -33.628505 1.203542 12.008900 
0.349000 -1.481456 0.860263 9.763318 -33.562331 1.203105 11.915086 
0.350000 -1.515728 0.861493 9.775484 -33.496322 1.202673 11.821817 
0.351000 -1.549970 0.862723 9.787499 -33.429900 1.202262 11.729495 
0.352000 -1.584106 0.863953 9.799476 -33.363655 1.201857 11.637708 
0.353000 -1.618213 0.865181 9.811303 -33.297011 1.201473 11.546857 
0.354000 -1.652213 0.866410 9.823094 -33.230555 1.201093 11.456529 
0.355000 -1.686183 0.867638 9.834737 -33.163715 1.200734 11.367126 
0.356000 -1.720047 0.868866 9.846345 -33.097073 1.200379 11.278235 
0.357000 -1.753881 0.870093 9.857805 -33.030062 1.200044 11.190258 
0.358000 -1.787607 0.871321 9.869233 -32.963257 1.199714 11.102782 
0.359000 -1.821305 0.872547 9.880515 -32.896097 1.199403 11.016208 
0.360000 -1.854894 0.873774 9.891766 -32.829152 1.199096 10.930124 
0.361000 -1.888454 0.874999 9.902872 -32.761865 1.198809 10.844931 
0.362000 -1.921906 0.876226 9.913949 -32.694802 1.198525 10.760217 
0.363000 -1.955329 0.877451 9.924881 -32.627409 1.198260 10.676383 
0.364000 -1.988643 0.878677 9.935786 -32.560249 1.197998 10.593017 
0.365000 -2.021929 0.879901 9.946548 -32.492771 1.197755 10.510520 
0.366000 -2.055104 0.881127 9.957285 -32.425532 1.197515 10.428479 
0.367000 -2.088252 0.882351 9.967879 -32.357987 1.197293 10.347297 
0.368000 -2.121290 0.883576 9.978449 -32.290689 1.197074 10.266561 
0.369000 -2.154301 0.884799 9.988878 -32.223096 1.196872 10.186672 
0.370000 -2.187200 0.886024 9.999286 -32.155757 1.196674 10.107217 
0.371000 -2.220073 0.887247 10.009552 -32.088133 1.196492 10.028600 
0.372000 -2.252834 0.888471 10.019798 -32.020769 1.196313 9.950407 
0.373000 -2.285569 0.889694 10.029905 -31.953130 1.196152 9.873040 
0.374000 -2.318191 0.890918 10.039993 -31.885758 1.195992 9.796086 
0.375000 -2.350789 0.892140 10.049942 -31.818121 1.195849 9.719947 
0.376000 -2.383273 0.893364 10.059874 -31.750755 1.195708 9.644212 
0.377000 -2.415733 0.894586 10.069668 -31.683135 1.195583 9.569282 
0.378000 -2.448078 0.895810 10.079448 -31.615791 1.195460 9.494744 
0.379000 -2.480400 0.897031 10.089089 -31.548200 1.195353 9.421001 
0.380000 -2.512608 0.898255 10.098717 -31.480892 1.195248 9.347641 
0.381000 -2.544792 0.899476 10.108209 -31.413346 1.195159 9.275064 
0.382000 -2.576862 0.900699 10.117689 -31.346085 1.195070 9.202861 
0.383000 -2.608908 0.901920 10.127033 -31.278596 1.194998 9.131430 
0.384000 -2.640840 0.903143 10.136367 -31.211397 1.194926 9.060364 
0.385000 -2.672749 0.904365 10.145565 -31.143977 1.194869 8.990060 
0.386000 -2.704542 0.905587 10.154755 -31.076851 1.194814 8.920110 
0.387000 -2.736314 0.906809 10.163811 -31.009510 1.194773 8.850913 
0.388000 -2.767970 0.908031 10.172859 -30.942469 1.194733 8.782061 
0.389000 -2.799604 0.909252 10.181774 -30.875220 1.194708 8.713951 
0.390000 -2.831123 0.910475 10.190683 -30.808273 1.194683 8.646177 
0.391000 -2.862620 0.911696 10.199459 -30.741126 1.194673 8.579136 
0.392000 -2.894001 0.912919 10.208231 -30.674284 1.194662 8.512421 
0.393000 -2.925362 0.914139 10.216870 -30.607248 1.194666 8.446429 
0.394000 -2.956606 0.915362 10.225507 -30.540521 1.194671 8.380754 
0.395000 -2.987831 0.916583 10.234012 -30.473606 1.194689 8.315793 
0.396000 -3.018938 0.917806 10.242516 -30.407002 1.194707 8.251141 
0.397000 -3.050026 0.919027 10.250890 -30.340217 1.194738 8.187191 
0.398000 -3.080996 0.920250 10.259263 -30.273744 1.194770 8.123543 
0.399000 -3.111949 0.921471 10.267506 -30.207097 1.194814 8.060589 
0.400000 -3.142783 0.922693 10.275750 -30.140765 1.194859 7.997927 
0.401000 -3.173599 0.923915 10.283865 -30.074263 1.194917 7.935948 
0.402000 -3.204297 0.925138 10.291982 -30.008078 1.194974 7.874255 
0.403000 -3.234978 0.926359 10.299971 -29.941730 1.195044 7.813236 
0.404000 -3.265541 0.927582 10.307964 -29.875700 1.195113 7.752494 
0.405000 -3.296087 0.928803 10.315828 -29.809511 1.195195 7.692418 
0.406000 -3.326514 0.930027 10.323698 -29.743642 1.195277 7.632610 
0.407000 -3.356925 0.931248 10.331440 -29.677620 1.195371 7.573459 
0.408000 -3.387217 0.932472 10.339189 -29.611919 1.195464 7.514569 
0.409000 -3.417494 0.933693 10.346811 -29.546069 1.195569 7.456327 
0.410000 -3.447651 0.934917 10.354440 -29.480542 1.195673 7.398338 
0.411000 -3.477795 0.936139 10.361943 -29.414870 1.195789 7.340988 
0.412000 -3.507817 0.937363 10.369456 -29.349523 1.195904 7.283885 
0.413000 -3.537827 0.938585 10.376842 -29.284034 1.196031 7.227412 
0.414000 -3.567716 0.939809 10.384239 -29.218872 1.196157 7.171178 
0.415000 -3.597592 0.941032 10.391510 -29.153572 1.196294 7.115566 
0.416000 -3.627347 0.942256 10.398793 -29.088599 1.196430 7.060186 
0.417000 -3.657090 0.943479 10.405951 -29.023492 1.196577 7.005419 
0.418000 -3.686712 0.944704 10.413122 -28.958714 1.196723 6.950878 
0.419000 -3.716323 0.945927 10.420169 -28.893805 1.196880 6.896942 
0.420000 -3.745812 0.947152 10.427230 -28.829225 1.197036 6.843225 
0.421000 -3.775291 0.948375 10.434166 -28.764518 1.197202 6.790104 
0.422000 -3.804648 0.949601 10.441118 -28.700140 1.197367 6.737196 
0.423000 -3.833995 0.950824 10.447946 -28.635638 1.197543 6.684876 
0.424000 -3.863220 0.952050 10.454792 -28.571467 1.197717 6.632763 
0.425000 -3.892436 0.953274 10.461513 -28.507175 1.197902 6.581230 
0.426000 -3.921529 0.954500 10.468253 -28.443213 1.198084 6.529897 
0.427000 -3.950614 0.955725 10.474870 -28.379134 1.198278 6.479137 
0.428000 -3.979577 0.956951 10.481506 -28.315384 1.198469 6.428571 
0.429000 -4.008531 0.958176 10.488019 -28.251521 1.198671 6.378570 
0.430000 -4.037363 0.959403 10.494552 -28.187988 1.198870 6.328757 
0.431000 -4.066188 0.960628 10.500964 -28.124342 1.199080 6.279501 
0.432000 -4.094889 0.961856 10.507397 -28.061028 1.199288 6.230428 
0.433000 -4.123584 0.963081 10.513708 -27.997603 1.199506 6.181904 
0.434000 -4.152156 0.964309 10.520041 -27.934510 1.199721 6.133558 
0.435000 -4.180722 0.965535 10.526253 -27.871309 1.199947 6.085754 
0.436000 -4.209165 0.966764 10.532489 -27.808439 1.200170 6.038121 
0.437000 -4.237602 0.967990 10.538604 -27.745464 1.200403 5.991024 
0.438000 -4.265916 0.969219 10.544743 -27.682819 1.200633 5.944092 
0.439000 -4.294225 0.970446 10.550762 -27.620072 1.200873 5.897689 
0.440000 -4.322411 0.971675 10.556807 -27.557655 1.201111 5.851447 
0.441000 -4.350593 0.972903 10.562731 -27.495137 1.201358 5.805725 
0.442000 -4.378650 0.974133 10.568682 -27.432949 1.201602 5.760160 
0.443000 -4.406705 0.975361 10.574513 -27.370662 1.201856 5.715108 
0.444000 -4.434635 0.976591 10.580372 -27.308705 1.202107 5.670207 
0.445000 -4.462562 0.977819 10.586111 -27.246651 1.202368 5.625814 
0.446000 -4.490366 0.979050 10.591879 -27.184926 1.202625 5.581567 
0.447000 -4.518167 0.980279 10.597527 -27.123105 1.202892 5.537820 
0.448000 -4.545844 0.981511 10.603206 -27.061614 1.203156 5.494215 
0.449000 -4.573520 0.982740 10.608765 -27.000029 1.203429 5.451103 
0.450000 -4.601071 0.983972 10.614356 -26.938771 1.203700 5.408129 
0.451000 -4.628621 0.985202 10.619827 -26.877422 1.203979 5.365642 
0.452000 -4.656046 0.986435 10.625331 -26.816401 1.204255 5.323287 
0.453000 -4.683472 0.987666 10.630716 -26.755289 1.204540 5.281413 
0.454000 -4.710772 0.988899 10.636134 -26.694503 1.204822 5.239667 
0.455000 -4.738073 0.990130 10.641433 -26.633629 1.205112 5.198396 
0.456000 -4.765249 0.991364 10.646767 -26.573081 1.205400 5.157249 
0.457000 -4.792427 0.992596 10.651982 -26.512444 1.205696 5.116571 
0.458000 -4.819478 0.993830 10.657232 -26.452134 1.205989 5.076012 
0.459000 -4.846532 0.995062 10.662364 -26.391737 1.206290 5.035915 
0.460000 -4.873461 0.996297 10.667533 -26.331664 1.206588 4.995935 
0.461000 -4.900392 0.997530 10.672583 -26.271506 1.206895 4.956410 
0.462000 -4.927197 0.998766 10.677671 -26.211672 1.207198 4.916998 
0.463000 -4.954006 0.999999 10.682640 -26.151754 1.207509 4.878036 
0.464000 -4.980689 1.001236 10.687648 -26.092158 1.207818 4.839182 
0.465000 -5.007375 1.002470 10.692539 -26.032479 1.208134 4.800772 
0.466000 -5.033936 1.003707 10.697468 -25.973123 1.208447 4.762467 
0.467000 -5.060501 1.004942 10.702280 -25.913684 1.208768 4.724601 
0.468000 -5.086941 1.006179 10.707132 -25.854566 1.209086 4.686836 
0.469000 -5.113385 1.007415 10.711866 -25.795367 1.209412 4.649504 
0.470000 -5.139703 1.008653 10.716642 -25.736489 1.209734 4.612269 
0.471000 -5.166027 1.009889 10.721301 -25.677529 1.210064 4.575462 
0.472000 -5.192224 1.011128 10.726001 -25.618889 1.210391 4.538748 
0.473000 -5.218429 1.012365 10.730584 -25.560170 1.210725 4.502458 
0.474000 -5.244506 1.013605 10.735210 -25.501768 1.211056 4.466257 
0.475000 -5.270590 1.014842 10.739720 -25.443288 1.211394 4.430474 
0.476000 -5.296548 1.016082 10.744272 -25.385125 1.211729 4.394777 
0.477000 -5.322514 1.017321 10.748709 -25.326884 1.212072 4.359493 
0.478000 -5.348352 1.018562 10.753189 -25.268959 1.212411 4.324292 
0.479000 -5.374200 1.019801 10.757554 -25.210956 1.212757 4.289498 
0.480000 -5.399920 1.021042 10.761963 -25.153269 1.213100 4.254784 
0.481000 -5.425649 1.022282 10.766257 -25.095504 1.213451 4.220473 
0.482000 -5.451250 1.023524 10.770596 -25.038054 1.213797 4.186239 
0.483000 -5.476862 1.024765 10.774819 -24.980527 1.214151 4.152402 
0.484000 -5.502346 1.026008 10.779089 -24.923314 1.214501 4.118639 
0.485000 -5.527841 1.027249 10.783244 -24.866024 1.214859 4.085268 
0.486000 -5.553208 1.028493 10.787445 -24.809047 1.215213 4.051969 
0.487000 -5.578586 1.029734 10.791532 -24.751993 1.215574 4.019057 
0.488000 -5.603836 1.030979 10.795666 -24.695252 1.215931 3.986214 
0.489000 -5.629098 1.032221 10.799685 -24.638434 1.216295 3.953753 
0.490000 -5.654232 1.033467 10.803753 -24.581927 1.216656 3.921359 
0.491000 -5.679379 1.034710 10.807706 -24.525344 1.217024 3.889342 
0.492000 -5.704397 1.035956 10.811709 -24.469071 1.217387 3.857388 
0.493000 -5.729428 1.037200 10.815596 -24.412723 1.217758 3.825808 
0.494000 -5.754331 1.038447 10.819534 -24.356683 1.218125 3.794289 
0.495000 -5.779248 1.039692 10.823357 -24.300568 1.218499 3.763138 
0.496000 -5.804036 1.040939 10.827231 -24.244761 1.218869 3.732045 
0.497000 -5.828839 1.042185 10.830991 -24.188879 1.219246 3.701317 
0.498000 -5.853513 1.043433 10.834802 -24.133303 1.219618 3.670644 
0.499000 -5.878202 1.044679 10.838499 -24.077652 1.219998 3.640331 
0.500000 -5.902762 1.045929 10.842248 -24.022307 1.220374 3.610072 
0.501000 -5.927338 1.047176 10.845883 -23.966887 1.220756 3.580168 
0.502000 -5.951784 1.048426 10.849571 -23.911772 1.221135 3.550316 
0.503000 -5.976247 1.049673 10.853145 -23.856582 1.221520 3.520814 
0.504000 -6.000581 1.050924 10.856772 -23.801695 1.221901 3.491362 
0.505000 -6.024932 1.052173 10.860286 -23.746734 1.222289 3.462256 
0.506000 -6.049153 1.053424 10.863854 -23.692075 1.222672 3.433197 
0.507000 -6.073392 1.054674 10.867308 -23.637342 1.223063 3.404481 
0.508000 -6.097502 1.055926 10.870818 -23.582910 1.223449 3.375810 
0.509000 -6.121629 1.057176 10.874213 -23.528403 1.223842 3.347477 
0.510000 -6.145627 1.058429 10.877665 -23.474197 1.224230 3.319188 
0.511000 -6.169644 1.059680 10.881002 -23.419916 1.224625 3.291232 
0.512000 -6.193531 1.060934 10.884397 -23.365934 1.225016 3.263318 
0.513000 -6.217437 1.062186 10.887677 -23.311877 1.225414 3.235734 
0.514000 -6.241214 1.063440 10.891015 -23.258119 1.225807 3.208189 
0.515000 -6.265010 1.064693 10.894239 -23.204286 1.226207 3.180970 
0.516000 -6.288676 1.065949 10.897522 -23.150750 1.226602 3.153789 
0.517000 -6.312363 1.067202 10.900690 -23.097139 1.227004 3.126930 
0.518000 -6.335920 1.068458 10.903918 -23.043824 1.227401 3.100107 
0.519000 -6.359497 1.069713 10.907031 -22.990435 1.227805 3.073603 
0.520000 -6.382945 1.070970 10.910204 -22.937340 1.228205 3.047132 
0.521000 -6.406414 1.072225 10.913264 -22.884170 1.228611 3.020976 
0.522000 -6.429753 1.073483 10.916384 -22.831294 1.229012 2.994852 
0.523000 -6.453114 1.074739 10.919390 -22.778343 1.229420 2.969040 
0.524000 -6.476344 1.075997 10.922457 -22.725685 1.229824 2.943257 
0.525000 -6.499597 1.077254 10.925410 -22.672951 1.230234 2.917783 
0.526000 -6.522720 1.078514 10.928425 -22.620509 1.230639 2.892337 
0.527000 -6.545866 1.079771 10.931326 -22.567992 1.231051 2.867195 
0.528000 -6.568881 1.081032 10.934289 -22.515765 1.231458 2.842081 
0.529000 -6.591920 1.082290 10.937139 -22.463463 1.231871 2.817267 
0.530000 -6.614828 1.083552 10.940052 -22.411450 1.232280 2.792478 
0.531000 -6.637761 1.084811 10.942851 -22.359362 1.232695 2.767987 
0.532000 -6.660563 1.086073 10.945714 -22.307562 1.233106 2.743520 
0.533000 -6.683390 1.087333 10.948463 -22.255686 1.233523 2.719347 
0.534000 -6.706085 1.088596 10.951276 -22.204097 1.233935 2.695196 
0.535000 -6.728806 1.089857 10.953975 -22.152432 1.234353 2.671336 
0.536000 -6.751396 1.091121 10.956740 -22.101054 1.234767 2.647496 
0.537000 -6.774012 1.092382 10.959391 -22.049599 1.235187 2.623944 
0.538000 -6.796497 1.093647 10.962107 -21.998430 1.235603 2.600412 
0.539000 -6.819008 1.094910 10.964710 -21.947183 1.236024 2.577164 
0.540000 -6.841388 1.096175 10.967378 -21.896221 1.236441 2.553934 
0.541000 -6.863796 1.097439 10.969933 -21.845182 1.236864 2.530985 
0.542000 -6.886071 1.098705 10.972555 -21.794427 1.237282 2.508053 
0.543000 -6.908374 1.099970 10.975064 -21.743594 1.237706 2.485398 
0.544000 -6.930546 1.101237 10.977639 -21.693043 1.238126 2.462759 
0.545000 -6.952746 1.102502 10.980101 -21.642415 1.238552 2.440395 
0.546000 -6.974814 1.103770 10.982631 -21.592068 1.238973 2.418046 
0.547000 -6.996911 1.105036 10.985047 -21.541643 1.239400 2.395967 
0.548000 -7.018875 1.106305 10.987531 -21.491499 1.239822 2.373903 
0.549000 -7.040870 1.107572 10.989902 -21.441276 1.240250 2.352106 
0.550000 -7.062732 1.108842 10.992342 -21.391333 1.240674 2.330322 
0.551000 -7.084624 1.110110 10.994669 -21.341311 1.241104 2.308803 
0.552000 -7.106384 1.111381 10.997065 -21.291567 1.241529 2.287296 
0.553000 -7.128175 1.112649 10.999347 -21.241744 1.241959 2.266051 
0.554000 -7.149832 1.113921 11.001700 -21.192199 1.242385 2.244816 
0.555000 -7.171522 1.115191 11.003939 -21.142575 1.242817 2.223840 
0.556000 -7.193078 1.116463 11.006249 -21.093227 1.243244 2.202874 
0.557000 -7.214666 1.117734 11.008445 -21.043799 1.243677 2.182164 
0.558000 -7.236121 1.119007 11.010712 -20.994647 1.244105 2.161463 
0.559000 -7.257609 1.120278 11.012866 -20.945414 1.244539 2.141015 
0.560000 -7.278964 1.121553 11.015091 -20.896457 1.244968 2.120575 
0.561000 -7.300351 1.122825 11.017203 -20.847418 1.245403 2.100385 
0.562000 -7.321605 1.124100 11.019387 -20.798654 1.245833 2.080202 
0.563000 -7.342893 1.125373 11.021458 -20.749808 1.246269 2.060266 
0.564000 -7.364048 1.126649 11.023602 -20.701236 1.246701 2.040336 
0.565000 -7.385236 1.127923 11.025632 -20.652582 1.247137 2.020652 
0.566000 -7.406291 1.129200 11.027735 -20.604200 1.247570 2.000972 
0.567000 -7.427381 1.130475 11.029725 -20.555735 1.248007 1.981534 
0.568000 -7.448336 1.131753 11.031788 -20.507543 1.248440 1.962101 
0.569000 -7.469327 1.133029 11.033738 -20.459267 1.248879 1.942907 
0.570000 -7.490184 1.134307 11.035762 -20.411263 1.249313 1.923717 
0.571000 -7.511077 1.135584 11.037673 -20.363175 1.249752 1.904764 
0.572000 -7.531835 1.136864 11.039658 -20.315357 1.250187 1.885813 
0.573000 -7.552630 1.138141 11.041530 -20.267455 1.250627 1.867096 
0.574000 -7.573291 1.139422 11.043477 -20.219822 1.251063 1.848382 
0.575000 -7.593989 1.140700 11.045311 -20.172105 1.251504 1.829899 
0.576000 -7.614551 1.141982 11.047220 -20.124656 1.251941 1.811417 
0.577000 -7.635152 1.143261 11.049016 -20.077123 1.252382 1.793165 
0.578000 -7.655618 1.144543 11.050888 -20.029856 1.252820 1.774913 
0.579000 -7.676122 1.145823 11.052646 -19.982505 1.253262 1.756888 
0.580000 -7.696490 1.147107 11.054481 -19.935420 1.253700 1.738862 
0.581000 -7.716898 1.148388 11.056203 -19.888250 1.254143 1.721061 
0.582000 -7.737170 1.149672 11.058001 -19.841345 1.254582 1.703259 
0.583000 -7.757482 1.150954 11.059687 -19.794355 1.255026 1.685678 
0.584000 -7.777658 1.152239 11.061449 -19.747629 1.255465 1.668097 
0.585000 -7.797874 1.153522 11.063099 -19.700816 1.255909 1.650734 
0.586000 -7.817955 1.154808 11.064826 -19.654268 1.256349 1.633370 
0.587000 -7.838076 1.156092 11.066440 -19.607633 1.256794 1.616223 
0.588000 -7.858061 1.157379 11.068132 -19.561260 1.257235 1.599073 
0.589000 -7.878087 1.158663 11.069711 -19.514801 1.257681 1.582137 
0.590000 -7.897977 1.159951 11.071368 -19.468603 1.258122 1.565199 
0.591000 -7.917908 1.161237 11.072912 -19.422318 1.258568 1.548473 
0.592000 -7.937704 1.162525 11.074535 -19.376295 1.259010 1.531743 
0.593000 -7.957541 1.163812 11.076045 -19.330183 1.259456 1.515223 
0.594000 -7.977242 1.165101 11.077634 -19.284332 1.259899 1.498699 
0.595000 -7.996986 1.166389 11.079111 -19.238391 1.260346 1.482383 
0.596000 -8.016593 1.167679 11.080666 -19.192712 1.260789 1.466062 
0.597000 -8.036243 1.168968 11.082109 -19.146942 1.261236 1.449946 
0.598000 -8.055756 1.170259 11.083632 -19.101432 1.261680 1.433826 
0.599000 -8.075313 1.171548 11.085042 -19.055832 1.262128 1.417909 
0.600000 -8.094733 1.172841 11.086532 -19.010491 1.262572 1.401986 
0.601000 -8.114198 1.174131 11.087910 -18.965059 1.263020 1.386264 
0.602000 -8.133525 1.175424 11.089368 -18.919885 1.263465 1.370537 
0.603000 -8.152897 1.176715 11.090713 -18.874620 1.263914 1.355008 
0.604000 -8.172132 1.178009 11.092140 -18.829612 1.264358 1.339473 
0.605000 -8.191412 1.179301 11.093453 -18.784512 1.264808 1.324135 
0.606000 -8.210554 1.180596 11.094848 -18.739670 1.265253 1.308790 
0.607000 -8.229742 1.181889 11.096130 -18.694735 1.265703 1.293640 
0.608000 -8.248793 1.183185 11.097494 -18.650055 1.266148 1.278482 
0.609000 -8.267889 1.184479 11.098745 -18.605284 1.266598 1.263517 
0.610000 -8.286848 1.185776 11.100078 -18.560767 1.267044 1.248545 
0.611000 -8.305854 1.187071 11.101299 -18.516157 1.267495 1.233763 
0.612000 -8.324722 1.188369 11.102602 -18.471802 1.267941 1.218974 
0.613000 -8.343637 1.189664 11.103792 -18.427353 1.268392 1.204373 
0.614000 -8.362414 1.190963 11.105065 -18.383158 1.268839 1.189764 
0.615000 -8.381238 1.192259 11.106226 -18.338868 1.269290 1.175341 
0.616000 -8.399924 1.193559 11.107470 -18.294832 1.269737 1.160911 
0.617000 -8.418659 1.194857 11.108600 -18.250701 1.270188 1.146664 
0.618000 -8.437255 1.196157 11.109815 -18.206823 1.270635 1.132409 
0.619000 -8.455900 1.197456 11.110916 -18.162849 1.271087 1.118336 
0.620000 -8.474405 1.198757 11.112102 -18.119127 1.271535 1.104255 
0.621000 -8.492961 1.200056 11.113175 -18.075309 1.271987 1.090354 
0.622000 -8.511377 1.201359 11.114333 -18.031742 1.272434 1.076444 
0.623000 -8.529843 1.202659 11.115377 -17.988079 1.272887 1.062712 
0.624000 -8.548170 1.203963 11.116506 -17.944667 1.273335 1.048971 
0.625000 -8.566548 1.205264 11.117523 -17.901157 1.273787 1.035407 
0.626000 -8.584786 1.206568 11.118624 -17.857898 1.274235 1.021833 
0.627000 -8.603075 1.207870 11.119613 -17.814541 1.274688 1.008434 
0.628000 -8.621224 1.209175 11.120687 -17.771434 1.275137 0.995025 
0.629000 -8.639425 1.210478 11.121648 -17.728228 1.275590 0.981789 
0.630000 -8.657486 1.211784 11.122695 -17.685272 1.276038 0.968543 
0.631000 -8.675599 1.213088 11.123629 -17.642216 1.276491 0.955469 
0.632000 -8.693572 1.214395 11.124649 -17.599409 1.276940 0.942384 
0.633000 -8.711597 1.215700 11.125556 -17.556503 1.277394 0.929468 
0.634000 -8.729482 1.217008 11.126551 -17.513844 1.277843 0.916542 
0.635000 -8.747420 1.218314 11.127431 -17.471086 1.278296 0.903784 
0.636000 -8.765218 1.219623 11.128399 -17.428575 1.278745 0.891015 
0.637000 -8.783069 1.220929 11.129254 -17.385963 1.279199 0.878411 
0.638000 -8.800780 1.222239 11.130196 -17.343598 1.279648 0.865798 
0.639000 -8.818544 1.223547 11.131025 -17.301132 1.280102 0.853348 
0.640000 -8.836168 1.224858 11.131941 -17.258913 1.280552 0.840887 
0.641000 -8.853846 1.226166 11.132745 -17.216592 1.281006 0.828588 
0.642000 -8.871383 1.227478 11.133636 -17.174516 1.281455 0.816279 
0.643000 -8.888975 1.228787 11.134414 -17.132338 1.281909 0.804130 
0.644000 -8.906426 1.230100 11.135281 -17.090406 1.282359 0.791970 
0.645000 -8.923932 1.231410 11.136034 -17.048370 1.282813 0.779969 
0.646000 -8.941297 1.232724 11.136876 -17.006580 1.283263 0.767957 
0.647000 -8.958718 1.234035 11.137605 -16.964685 1.283717 0.756102 
0.648000 -8.975997 1.235350 11.138423 -16.923036 1.284167 0.744236 
0.649000 -8.993333 1.236662 11.139127 -16.881282 1.284622 0.732524 
0.650000 -9.010526 1.237977 11.139921 -16.839772 1.285072 0.720803 
0.651000 -9.027777 1.239290 11.140602 -16.798157 1.285526 0.709234 
0.652000 -9.044886 1.240607 11.141372 -16.756786 1.285976 0.697655 
0.653000 -9.062052 1.241921 11.142029 -16.715309 1.286431 0.686227 
0.654000 -9.079076 1.243238 11.142775 -16.674076 1.286881 0.674788 
0.655000 -9.096158 1.244553 11.143409 -16.632736 1.287335 0.663500 
0.656000 -9.113097 1.245871 11.144133 -16.591639 1.287786 0.652200 
0.657000 -9.130094 1.247187 11.144743 -16.550436 1.288240 0.641049 
0.658000 -9.146949 1.248506 11.145444 -16.509474 1.288691 0.629887 
0.659000 -9.163863 1.249823 11.146031 -16.468406 1.289145 0.618872 
0.660000 -9.180634 1.251143 11.146710 -16.427579 1.289596 0.607846 
0.661000 -9.197465 1.252461 11.147275 -16.386644 1.290050 0.596965 
0.662000 -9.214152 1.253782 11.147931 -16.345951 1.290501 0.586073 
0.663000 -9.230899 1.255100 11.148473 -16.305150 1.290955 0.575325 
0.664000 -9.247503 1.256422 11.149108 -16.264589 1.291406 0.564565 
0.665000 -9.264167 1.257742 11.149628 -16.223919 1.291860 0.553948 
0.666000 -9.280688 1.259065 11.150241 -16.183490 1.292311 0.543320 
0.667000 -9.297269 1.260385 11.150739 -16.142951 1.292765 0.532833 
0.668000 -9.313707 1.261709 11.151330 -16.102652 1.293216 0.522335 
0.669000 -9.330206 1.263030 11.151808 -16.062244 1.293670 0.511976 
0.670000 -9.346561 1.264355 11.152378 -16.022074 1.294121 0.501606 
0.671000 -9.362978 1.265677 11.152834 -15.981795 1.294575 0.491373 
0.672000 -9.379250 1.267003 11.153383 -15.941754 1.295026 0.481130 
0.673000 -9.395586 1.268326 11.153818 -15.901602 1.295480 0.471023 
0.674000 -9.411776 1.269653 11.154346 -15.861689 1.295931 0.460905 
0.675000 -9.428029 1.270977 11.154761 -15.821664 1.296385 0.450921 
0.676000 -9.444138 1.272304 11.155268 -15.781878 1.296836 0.440927 
0.677000 -9.460310 1.273629 11.155663 -15.741979 1.297290 0.431066 
0.678000 -9.476337 1.274958 11.156150 -15.702318 1.297741 0.421195 
0.679000 -9.492428 1.276284 11.156524 -15.662544 1.298195 0.411455 
0.680000 -9.508374 1.277613 11.156992 -15.623008 1.298646 0.401704 
0.681000 -9.524384 1.278940 11.157346 -15.583358 1.299100 0.392084 
0.682000 -9.540248 1.280271 11.157794 -15.543946 1.299550 0.382453 
0.683000 -9.556178 1.281598 11.158128 -15.504419 1.300005 0.372951 
0.684000 -9.571961 1.282930 11.158557 -15.465130 1.300455 0.363439 
0.685000 -9.587810 1.284258 11.158871 -15.425725 1.300909 0.354054 
0.686000 -9.603513 1.285590 11.159281 -15.386558 1.301360 0.344659 
0.687000 -9.619282 1.286920 11.159576 -15.347275 1.301814 0.335390 
0.688000 -9.634905 1.288253 11.159967 -15.308228 1.302264 0.326110 
0.689000 -9.650594 1.289584 11.160243 -15.269065 1.302718 0.316956 
0.690000 -9.666137 1.290918 11.160615 -15.230139 1.303168 0.307791 
0.691000 -9.681746 1.292249 11.160873 -15.191096 1.303622 0.298749 
0.692000 -9.697209 1.293584 11.161226 -15.152288 1.304072 0.289698 
0.693000 -9.712739 1.294917 11.161465 -15.113363 1.304526 0.280768 
0.694000 -9.728122 1.296253 11.161801 -15.074674 1.304976 0.271829 
0.695000 -9.743573 1.297586 11.162021 -15.035867 1.305430 0.263010 
0.696000 -9.758877 1.298923 11.162338 -14.997296 1.305880 0.254181 
0.697000 -9.774249 1.300257 11.162541 -14.958605 1.306334 0.245472 
0.698000 -9.789474 1.301595 11.162841 -14.920150 1.306784 0.236753 
0.699000 -9.804767 1.302930 11.163026 -14.881575 1.307237 0.228152 
