0.000000 -55.979958 -0.563243 7.369992 155.678040 1.412967 -164.243730 
0.001000 -55.820744 -0.561798 7.202017 156.093834 1.418837 -164.281243 
0.002000 -55.660680 -0.560341 7.033967 156.513009 1.424793 -164.316585 
0.003000 -55.500609 -0.558884 6.865920 156.932205 1.430750 -164.351897 
0.004000 -55.339687 -0.557415 6.697797 157.354793 1.436793 -164.385006 
0.005000 -55.178751 -0.555945 6.529683 157.777423 1.442839 -164.418054 
0.006000 -55.016965 -0.554464 6.361493 158.203455 1.448972 -164.448864 
0.007000 -54.855158 -0.552981 6.193316 158.629550 1.455107 -164.479581 
0.008000 -54.692500 -0.551487 6.025062 159.059057 1.461331 -164.508025 
0.009000 -54.529815 -0.549992 5.856827 159.488649 1.467558 -164.536344 
0.010000 -54.366278 -0.548486 5.688515 159.921662 1.473874 -164.562353 
0.011000 -54.202707 -0.546978 5.520227 160.354783 1.480194 -164.588203 
0.012000 -54.038285 -0.545458 5.351863 160.791333 1.486604 -164.611706 
0.013000 -53.873821 -0.543937 5.183526 161.228011 1.493019 -164.635016 
0.014000 -53.708505 -0.542404 5.015114 161.668129 1.499525 -164.655941 
0.015000 -53.543141 -0.540870 4.846735 162.108397 1.506036 -164.676636 
0.016000 -53.376925 -0.539324 4.678281 162.552113 1.512639 -164.694907 
0.017000 -53.210653 -0.537776 4.509864 162.996001 1.519248 -164.712911 
0.018000 -53.043529 -0.536216 4.341373 163.443345 1.525950 -164.728451 
0.019000 -52.876342 -0.534655 4.172924 163.890882 1.532659 -164.743686 
0.020000 -52.708302 -0.533081 4.004402 164.341885 1.539461 -164.756416 
0.021000 -52.540193 -0.531506 3.835928 164.793101 1.546272 -164.768801 
0.022000 -52.371231 -0.529918 3.667380 165.247792 1.553176 -164.778639 
0.023000 -52.202191 -0.528329 3.498885 165.702717 1.560090 -164.788090 
0.024000 -52.032298 -0.526727 3.330318 166.161125 1.567099 -164.794952 
0.025000 -51.862321 -0.525124 3.161810 166.619787 1.574118 -164.801384 
0.026000 -51.691490 -0.523508 2.993230 167.081940 1.581232 -164.805182 
0.027000 -51.520568 -0.521889 2.824713 167.544368 1.588357 -164.808506 
0.028000 -51.348791 -0.520259 2.656126 168.010294 1.595579 -164.809150 
0.029000 -51.176915 -0.518626 2.487609 168.476516 1.602814 -164.809273 
0.030000 -51.004185 -0.516980 2.319021 168.946242 1.610145 -164.806668 
0.031000 -50.831348 -0.515332 2.150509 169.416284 1.617490 -164.803494 
0.032000 -50.657656 -0.513672 1.981928 169.889838 1.624932 -164.797540 
0.033000 -50.483852 -0.512008 1.813428 170.363727 1.632389 -164.790965 
0.034000 -50.309190 -0.510333 1.644861 170.841133 1.639945 -164.781555 
0.035000 -50.134409 -0.508654 1.476380 171.318894 1.647516 -164.771466 
0.036000 -49.958771 -0.506963 1.307833 171.800177 1.655187 -164.758479 
0.037000 -49.783005 -0.505269 1.139379 172.281833 1.662875 -164.744743 
0.038000 -49.606381 -0.503562 0.970860 172.767017 1.670663 -164.728029 
0.039000 -49.429623 -0.501851 0.802440 173.252591 1.678468 -164.710468 
0.040000 -49.252006 -0.500129 0.633958 173.741695 1.686375 -164.689802 
0.041000 -49.074247 -0.498402 0.465580 174.231203 1.694301 -164.668105 
0.042000 -48.895629 -0.496663 0.297141 174.724241 1.702329 -164.643015 
0.043000 -48.716862 -0.494920 0.128815 175.217692 1.710376 -164.616391 
0.044000 -48.537235 -0.493165 -0.039569 175.714661 1.718526 -164.585475 
0.045000 -48.357451 -0.491405 -0.207832 176.212030 1.726697 -164.551632 
0.046000 -48.176806 -0.489633 -0.376147 176.712876 1.734971 -164.512361 
0.047000 -47.995998 -0.487856 -0.544330 177.214088 1.743265 -164.470532 
0.048000 -47.814328 -0.486067 -0.712559 177.718740 1.751663 -164.424530 
0.049000 -47.632488 -0.484273 -0.880648 178.223748 1.760083 -164.376926 
0.050000 -47.449785 -0.482467 -1.048779 178.732179 1.768606 -164.325662 
0.051000 -47.266905 -0.480656 -1.216764 179.240969 1.777152 -164.273036 
0.052000 -47.083161 -0.478832 -1.384787 179.753172 1.785802 -164.216857 
0.053000 -46.899233 -0.477003 -1.552657 180.265738 1.794477 -164.159347 
0.054000 -46.714441 -0.475161 -1.720563 180.781708 1.803256 -164.098281 
0.055000 -46.529458 -0.473315 -1.888307 181.298046 1.812061 -164.035857 
0.056000 -46.343610 -0.471455 -2.056086 181.817778 1.820971 -163.969838 
0.057000 -46.157564 -0.469590 -2.223695 182.337883 1.829907 -163.902411 
0.058000 -45.970652 -0.467712 -2.391336 182.861373 1.838951 -163.831340 
0.059000 -45.783535 -0.465828 -2.558800 183.385238 1.848021 -163.758799 
0.060000 -45.595551 -0.463932 -2.726292 183.912477 1.857199 -163.682556 
0.061000 -45.407355 -0.462030 -2.893600 184.440092 1.866405 -163.604780 
0.062000 -45.218293 -0.460114 -3.060933 184.971070 1.875719 -163.523239 
0.063000 -45.029011 -0.458193 -3.228075 185.502425 1.885063 -163.440095 
0.064000 -44.838862 -0.456259 -3.395238 186.037127 1.894515 -163.353123 
0.065000 -44.648486 -0.454318 -3.562201 186.572207 1.903998 -163.264475 
0.066000 -44.457242 -0.452364 -3.729183 187.110619 1.913591 -163.171934 
0.067000 -44.265766 -0.450404 -3.895957 187.649406 1.923216 -163.077643 
0.068000 -44.073420 -0.448430 -4.062746 188.191508 1.932951 -162.979390 
0.069000 -43.880834 -0.446450 -4.229319 188.733981 1.942719 -162.879312 
0.070000 -43.687379 -0.444457 -4.395903 189.279751 1.952598 -162.775202 
0.071000 -43.493677 -0.442456 -4.562263 189.825886 1.962511 -162.669189 
0.072000 -43.299104 -0.440443 -4.728631 190.375298 1.972536 -162.559073 
0.073000 -43.104278 -0.438422 -4.894765 190.925067 1.982596 -162.446973 
0.074000 -42.908581 -0.436387 -5.060904 191.478091 1.992769 -162.330698 
0.075000 -42.712625 -0.434345 -5.226801 192.031462 2.002978 -162.212358 
0.076000 -42.515795 -0.432290 -5.392697 192.588066 2.013301 -162.089770 
0.077000 -42.318700 -0.430227 -5.558343 193.145004 2.023660 -161.965033 
0.078000 -42.120732 -0.428151 -5.723984 193.705149 2.034134 -161.835972 
0.079000 -41.922491 -0.426067 -5.889366 194.265614 2.044646 -161.704677 
0.080000 -41.723376 -0.423969 -6.054739 194.829258 2.055274 -161.568983 
0.081000 -41.523983 -0.421863 -6.219843 195.393206 2.065940 -161.430968 
0.082000 -41.323714 -0.419743 -6.384933 195.960304 2.076723 -161.288477 
0.083000 -41.123161 -0.417615 -6.549747 196.527686 2.087545 -161.143575 
0.084000 -40.921732 -0.415473 -6.714540 197.098185 2.098484 -160.994119 
0.085000 -40.720011 -0.413323 -6.879048 197.668949 2.109464 -160.842163 
0.086000 -40.517415 -0.411159 -7.043531 198.242794 2.120562 -160.685573 
0.087000 -40.314520 -0.408985 -7.207718 198.816879 2.131702 -160.526391 
0.088000 -40.110750 -0.406798 -7.371875 199.394010 2.142959 -160.362495 
0.089000 -39.906675 -0.404602 -7.535728 199.971353 2.154260 -160.195914 
0.090000 -39.701724 -0.402392 -7.699544 200.551702 2.165680 -160.024536 
0.091000 -39.496462 -0.400172 -7.863046 201.132235 2.177143 -159.850379 
0.092000 -39.290323 -0.397939 -8.026506 201.715730 2.188726 -159.671343 
0.093000 -39.083868 -0.395695 -8.189641 202.299377 2.200354 -159.489432 
0.094000 -38.876535 -0.393438 -8.352730 202.885941 2.212101 -159.302559 
0.095000 -38.668880 -0.391171 -8.515483 203.472620 2.223895 -159.112713 
0.096000 -38.460347 -0.388889 -8.678183 204.062168 2.235809 -158.917821 
0.097000 -38.251486 -0.386598 -8.840537 204.651793 2.247770 -158.719858 
0.098000 -38.041747 -0.384292 -9.002832 205.244236 2.259851 -158.516763 
0.099000 -37.831674 -0.381975 -9.164771 205.836712 2.271981 -158.310497 
0.100000 -37.620724 -0.379644 -9.326644 206.431952 2.284231 -158.099014 
0.101000 -37.409433 -0.377303 -9.488151 207.027180 2.296531 -157.884260 
0.102000 -37.197265 -0.374947 -9.649584 207.625114 2.308952 -157.664202 
0.103000 -36.984752 -0.372580 -9.810641 208.222985 2.321422 -157.440771 
0.104000 -36.771361 -0.370199 -9.971618 208.823503 2.334014 -157.211950 
0.105000 -36.557619 -0.367806 -10.132206 209.423904 2.346657 -156.979652 
0.106000 -36.343000 -0.365399 -10.292708 210.026886 2.359422 -156.741878 
0.107000 -36.128025 -0.362980 -10.452810 210.629694 2.372237 -156.500524 
0.108000 -35.912173 -0.360547 -10.612818 211.235016 2.385175 -156.253606 
0.109000 -35.695960 -0.358101 -10.772415 211.840101 2.398165 -156.003004 
0.110000 -35.478870 -0.355641 -10.931910 212.447629 2.411278 -155.746750 
0.111000 -35.261414 -0.353169 -11.090983 213.054855 2.424442 -155.486708 
0.112000 -35.043083 -0.350682 -11.249946 213.664447 2.437730 -155.220927 
0.113000 -34.824380 -0.348183 -11.408475 214.273667 2.451070 -154.951253 
0.114000 -34.604802 -0.345669 -11.566887 214.885174 2.464533 -154.675752 
0.115000 -34.384849 -0.343142 -11.724853 215.496234 2.478050 -154.396253 
0.116000 -34.164021 -0.340600 -11.882693 216.109497 2.491689 -154.110840 
0.117000 -33.942813 -0.338046 -12.040075 216.722234 2.505382 -153.821323 
0.118000 -33.720732 -0.335476 -12.197323 217.337087 2.519198 -153.525807 
0.119000 -33.498266 -0.332893 -12.354100 217.951329 2.533068 -153.226082 
0.120000 -33.274929 -0.330294 -12.510735 218.567596 2.547060 -152.920271 
0.121000 -33.051203 -0.327683 -12.666887 219.183163 2.561107 -152.610147 
0.122000 -32.826607 -0.325056 -12.822888 219.800658 2.575276 -152.293851 
0.123000 -32.601617 -0.322415 -12.978393 220.417359 2.589500 -151.973139 
0.124000 -32.375760 -0.319759 -13.133737 221.035889 2.603846 -151.646171 
0.125000 -32.149505 -0.317089 -13.288574 221.653525 2.618246 -151.314682 
0.126000 -31.922384 -0.314404 -13.443240 222.272885 2.632769 -150.976856 
0.127000 -31.694863 -0.311704 -13.597385 222.891247 2.647345 -150.634406 
0.128000 -31.466477 -0.308989 -13.751351 223.511223 2.662044 -150.285537 
0.129000 -31.237687 -0.306259 -13.904783 224.130091 2.676796 -149.931944 
0.130000 -31.008036 -0.303514 -14.058026 224.750461 2.691670 -149.571852 
0.131000 -30.777977 -0.300754 -14.210721 225.369607 2.706597 -149.206936 
0.132000 -30.547059 -0.297978 -14.363217 225.990136 2.721645 -148.835443 
0.133000 -30.315732 -0.295187 -14.515153 226.609322 2.736746 -148.459028 
0.134000 -30.083547 -0.292380 -14.666879 227.229767 2.751967 -148.075961 
0.135000 -29.850950 -0.289558 -14.818031 227.848743 2.767241 -147.687876 
0.136000 -29.617500 -0.286720 -14.968963 228.468851 2.782635 -147.293065 
0.137000 -29.383635 -0.283866 -15.119308 229.087358 2.798080 -146.893144 
0.138000 -29.148919 -0.280996 -15.269422 229.706864 2.813644 -146.486426 
0.139000 -28.913787 -0.278111 -15.418934 230.324633 2.829259 -146.074507 
0.140000 -28.677807 -0.275209 -15.568207 230.943263 2.844991 -145.655723 
0.141000 -28.441410 -0.272292 -15.716862 231.560014 2.860774 -145.231650 
0.142000 -28.204169 -0.269358 -15.865267 232.177485 2.876673 -144.800648 
0.143000 -27.966508 -0.266408 -16.013041 232.792928 2.892622 -144.364273 
0.144000 -27.728008 -0.263441 -16.160553 233.408945 2.908685 -143.920907 
0.145000 -27.489088 -0.260458 -16.307420 234.022781 2.924797 -143.472087 
0.146000 -27.249332 -0.257459 -16.454014 234.637039 2.941022 -143.016220 
0.147000 -27.009156 -0.254443 -16.599949 235.248957 2.957295 -142.554822 
0.148000 -26.768149 -0.251410 -16.745600 235.861143 2.973679 -142.086323 
0.149000 -26.526719 -0.248360 -16.890576 236.470824 2.990109 -141.612222 
0.150000 -26.284465 -0.245294 -17.035257 237.080612 3.006649 -141.130970 
0.151000 -26.041789 -0.242210 -17.179249 237.687727 3.023233 -140.644049 
0.152000 -25.798293 -0.239110 -17.322933 238.294784 3.039926 -140.149932 
0.153000 -25.554375 -0.235993 -17.465915 238.898993 3.056661 -139.650084 
0.154000 -25.309643 -0.232858 -17.608577 239.502977 3.073503 -139.143001 
0.155000 -25.064490 -0.229706 -17.750521 240.103933 3.090385 -138.630129 
0.156000 -24.818529 -0.226537 -17.892135 240.704490 3.107371 -138.109989 
0.157000 -24.572147 -0.223350 -18.033015 241.301835 3.124396 -137.584009 
0.158000 -24.324964 -0.220146 -18.173552 241.898606 3.141523 -137.050732 
0.159000 -24.077362 -0.216924 -18.313342 242.491975 3.158687 -136.511570 
0.160000 -23.828965 -0.213685 -18.452776 243.084590 3.175950 -135.965089 
0.161000 -23.580151 -0.210428 -18.591448 243.673610 3.193247 -135.412684 
0.162000 -23.330549 -0.207154 -18.729753 244.261693 3.210641 -134.852944 
0.163000 -23.080532 -0.203861 -18.867279 244.845982 3.228067 -134.287248 
0.164000 -22.829735 -0.200551 -19.004427 245.429148 3.245587 -133.714208 
0.165000 -22.578525 -0.197222 -19.140782 246.008318 3.263136 -133.135187 
0.166000 -22.326544 -0.193876 -19.276745 246.586176 3.280777 -132.548818 
0.167000 -22.074152 -0.190512 -19.411900 247.159834 3.298444 -131.956452 
0.168000 -21.820997 -0.187130 -19.546652 247.731987 3.316199 -131.356743 
0.169000 -21.567435 -0.183729 -19.680581 248.299730 3.333977 -130.751027 
0.170000 -21.313119 -0.180310 -19.814093 248.865776 3.351841 -130.137980 
0.171000 -21.058399 -0.176873 -19.946768 249.427200 3.369724 -129.518925 
0.172000 -20.802934 -0.173418 -20.079015 249.986730 3.387690 -128.892556 
0.173000 -20.547070 -0.169944 -20.210408 250.541425 3.405672 -128.260189 
0.174000 -20.290471 -0.166452 -20.341361 251.094029 3.423733 -127.620535 
0.175000 -20.033476 -0.162941 -20.471446 251.641581 3.441807 -126.974897 
0.176000 -19.775757 -0.159412 -20.601079 252.186843 3.459956 -126.322008 
0.177000 -19.517647 -0.155863 -20.729828 252.726836 3.478114 -125.663161 
0.178000 -19.258823 -0.152297 -20.858113 253.264339 3.496344 -124.997105 
0.179000 -18.999614 -0.148712 -20.985500 253.796354 3.514580 -124.325126 
0.180000 -18.739702 -0.145109 -21.112411 254.325680 3.532883 -123.645989 
0.181000 -18.479410 -0.141486 -21.238409 254.849297 3.551187 -122.960973 
0.182000 -18.218427 -0.137845 -21.363918 255.370027 3.569556 -122.268858 
0.183000 -17.957070 -0.134184 -21.488501 255.884826 3.587921 -121.570918 
0.184000 -17.695034 -0.130506 -21.612582 256.396541 3.606347 -120.865947 
0.185000 -17.432630 -0.126808 -21.735723 256.902105 3.624765 -120.155214 
0.186000 -17.169560 -0.123092 -21.858351 257.404386 3.643239 -119.437528 
0.187000 -16.906129 -0.119356 -21.980023 257.900297 3.661702 -118.714151 
0.188000 -16.642045 -0.115602 -22.101171 258.392731 3.680216 -117.983907 
0.189000 -16.377606 -0.111828 -22.221350 258.878576 3.698714 -117.248056 
0.190000 -16.112528 -0.108037 -22.340993 259.360750 3.717259 -116.505432 
0.191000 -15.847103 -0.104225 -22.459653 259.836119 3.735783 -115.757293 
0.192000 -15.581053 -0.100396 -22.577766 260.307626 3.754351 -115.002483 
0.193000 -15.314664 -0.096546 -22.694882 260.772115 3.772892 -114.242262 
0.194000 -15.047664 -0.092678 -22.811440 261.232553 3.791472 -113.475480 
0.195000 -14.780332 -0.088791 -22.926988 261.685763 3.810021 -112.703400 
0.196000 -14.512405 -0.084885 -23.041966 262.134739 3.828604 -111.924879 
0.197000 -14.244155 -0.080959 -23.155922 262.576279 3.847151 -111.141181 
0.198000 -13.975325 -0.077016 -23.269297 263.013405 3.865728 -110.351171 
0.199000 -13.706181 -0.073052 -23.381637 263.442892 3.884263 -109.556116 
0.200000 -13.436473 -0.069071 -23.493386 263.867790 3.902824 -108.754884 
0.201000 -13.166460 -0.065069 -23.604086 264.284850 3.921338 -107.948749 
0.202000 -12.895898 -0.061050 -23.714187 264.697152 3.939872 -107.136580 
0.203000 -12.625042 -0.057011 -23.823226 265.101424 3.958355 -106.319659 
0.204000 -12.353653 -0.052954 -23.931656 265.500772 3.976853 -105.496856 
0.205000 -12.081980 -0.048876 -24.039012 265.891903 3.995294 -104.669460 
0.206000 -11.809791 -0.044782 -24.145749 266.277952 4.013746 -103.836340 
0.207000 -11.537329 -0.040667 -24.251401 266.655603 4.032136 -102.998797 
0.208000 -11.264368 -0.036534 -24.356426 267.028021 4.050532 -102.155694 
0.209000 -10.991143 -0.032382 -24.460353 267.391868 4.068860 -101.308345 
0.210000 -10.717438 -0.028212 -24.563644 267.750336 4.087189 -100.455608 
0.211000 -10.443480 -0.024022 -24.665828 268.100066 4.105446 -99.598810 
0.212000 -10.169059 -0.019814 -24.767366 268.444280 4.123699 -98.736803 
0.213000 -9.894397 -0.015587 -24.867786 268.779598 4.141874 -97.870927 
0.214000 -9.619291 -0.011343 -24.967553 269.109271 4.160041 -97.000025 
0.215000 -9.343955 -0.007078 -25.066192 269.429896 4.178124 -96.125454 
0.216000 -9.068193 -0.002797 -25.164171 269.744755 4.196194 -95.246047 
0.217000 -8.792212 0.001505 -25.261011 270.050424 4.214176 -94.363178 
0.218000 -8.515825 0.005823 -25.357184 270.350214 4.232139 -93.475665 
0.219000 -8.239231 0.010162 -25.452208 270.640682 4.250009 -92.584903 
0.220000 -7.962250 0.014516 -25.546559 270.925165 4.267857 -91.689697 
0.221000 -7.685075 0.018891 -25.639753 271.200203 4.285605 -90.791459 
0.222000 -7.407530 0.023282 -25.732266 271.469161 4.303327 -89.888980 
0.223000 -7.129805 0.027693 -25.823614 271.728559 4.320945 -88.983692 
0.224000 -6.851730 0.032120 -25.914275 271.981791 4.338531 -88.074367 
0.225000 -6.573487 0.036568 -26.003763 272.225360 4.356008 -87.162463 
0.226000 -6.294914 0.041030 -26.092560 272.462684 4.373450 -86.246730 
0.227000 -6.016185 0.045513 -26.180174 272.690251 4.390778 -85.328651 
0.228000 -5.737146 0.050011 -26.267093 272.911506 4.408065 -84.406952 
0.229000 -5.457965 0.054530 -26.352822 273.122919 4.425234 -83.483142 
0.230000 -5.178494 0.059063 -26.437851 273.327962 4.442359 -82.555925 
0.231000 -4.898893 0.063616 -26.521684 273.523091 4.459361 -81.626835 
0.232000 -4.619023 0.068184 -26.604813 273.711799 4.476314 -80.694551 
0.233000 -4.339037 0.072772 -26.686739 273.890529 4.493140 -79.760636 
0.234000 -4.058801 0.077374 -26.767957 274.062800 4.509914 -78.823740 
0.235000 -3.778462 0.081997 -26.847967 274.225040 4.526555 -77.885455 
0.236000 -3.497894 0.086633 -26.927266 274.380790 4.543141 -76.944403 
0.237000 -3.217237 0.091289 -27.005351 274.526467 4.559590 -76.002205 
0.238000 -2.936371 0.095959 -27.082723 274.665633 4.575980 -75.057453 
0.239000 -2.655429 0.100649 -27.158875 274.794695 4.592229 -74.111800 
0.240000 -2.374300 0.105352 -27.234313 274.917233 4.608415 -73.163804 
0.241000 -2.093107 0.110075 -27.308526 275.029646 4.624457 -72.215152 
0.242000 -1.811747 0.114811 -27.382024 275.135531 4.640433 -71.264366 
0.243000 -1.530338 0.119567 -27.454292 275.231281 4.656260 -70.313168 
0.244000 -1.248783 0.124335 -27.525844 275.320508 4.672019 -69.360045 
0.245000 -0.967190 0.129123 -27.596163 275.399599 4.687625 -68.406752 
0.246000 -0.685473 0.133924 -27.665765 275.472182 4.703159 -67.451738 
0.247000 -0.403733 0.138743 -27.734130 275.534637 4.718538 -66.496796 
0.248000 -0.121888 0.143575 -27.801779 275.590607 4.733841 -65.540335 
0.249000 0.159967 0.148426 -27.868188 275.636467 4.748986 -64.584185 
0.250000 0.441905 0.153289 -27.933881 275.675872 4.764054 -63.626715 
0.251000 0.723841 0.158170 -27.998332 275.705195 4.778960 -62.669792 
0.252000 1.005839 0.163064 -28.062067 275.728102 4.793786 -61.711744 
0.253000 1.287822 0.167976 -28.124558 275.740964 4.808447 -60.754476 
0.254000 1.569847 0.172899 -28.186336 275.747455 4.823026 -59.796274 
0.255000 1.851842 0.177841 -28.246867 275.743947 4.837438 -58.839081 
0.256000 2.133860 0.182794 -28.306687 275.734120 4.851765 -57.881140 
0.257000 2.415836 0.187765 -28.365259 275.714348 4.865922 -56.924434 
0.258000 2.697813 0.192747 -28.423121 275.688317 4.879994 -55.967162 
0.259000 2.979735 0.197746 -28.479735 275.652404 4.893893 -55.011345 
0.260000 3.261639 0.202757 -28.535643 275.610297 4.907704 -54.055139 
0.261000 3.543475 0.207785 -28.590301 275.558378 4.921341 -53.100605 
0.262000 3.825273 0.212823 -28.644256 275.500337 4.934888 -52.145851 
0.263000 4.106990 0.217879 -28.696961 275.432561 4.948259 -51.192982 
0.264000 4.388649 0.222944 -28.748968 275.358739 4.961539 -50.240059 
0.265000 4.670216 0.228027 -28.799724 275.275267 4.974641 -49.289227 
0.266000 4.951704 0.233119 -28.849785 275.185833 4.987652 -48.338500 
0.267000 5.233088 0.238229 -28.898596 275.086839 5.000481 -47.390065 
0.268000 5.514373 0.243348 -28.946718 274.981969 5.013219 -46.441888 
0.269000 5.795542 0.248483 -28.993590 274.867637 5.025775 -45.496199 
0.270000 6.076594 0.253627 -29.039777 274.747520 5.038237 -44.550915 
0.271000 6.357518 0.258789 -29.084715 274.618044 5.050516 -43.608308 
0.272000 6.638305 0.263958 -29.128974 274.482879 5.062701 -42.666248 
0.273000 6.918952 0.269144 -29.171986 274.338463 5.074702 -41.727049 
0.274000 7.199443 0.274338 -29.214324 274.188457 5.086609 -40.788530 
0.275000 7.479783 0.279548 -29.255416 274.029313 5.098330 -39.853051 
0.276000 7.759950 0.284766 -29.295840 273.864681 5.109956 -38.918380 
0.277000 8.039953 0.290000 -29.335020 273.691030 5.121397 -37.986919 
0.278000 8.319764 0.295241 -29.373540 273.511995 5.132742 -37.056389 
0.279000 8.599401 0.300499 -29.410816 273.324063 5.143900 -36.129234 
0.280000 8.878828 0.305763 -29.447439 273.130854 5.154963 -35.203125 
0.281000 9.158070 0.311043 -29.482822 272.928874 5.165839 -34.280550 
0.282000 9.437083 0.316329 -29.517557 272.721727 5.176620 -33.359130 
0.283000 9.715901 0.321631 -29.551055 272.505939 5.187213 -32.441397 
0.284000 9.994473 0.326939 -29.583914 272.285094 5.197711 -31.524920 
0.285000 10.272840 0.332263 -29.615537 272.055740 5.208022 -30.612277 
0.286000 10.550943 0.337592 -29.646529 271.821442 5.218237 -29.700987 
0.287000 10.828830 0.342936 -29.676288 271.578770 5.228265 -28.793670 
0.288000 11.106436 0.348286 -29.705424 271.331268 5.238198 -27.887796 
0.289000 11.383817 0.353651 -29.733331 271.075529 5.247944 -26.986028 
0.290000 11.660901 0.359020 -29.760622 270.815074 5.257595 -26.085787 
0.291000 11.937749 0.364405 -29.786687 270.546522 5.267059 -25.189781 
0.292000 12.214283 0.369794 -29.812146 270.273369 5.276429 -24.295378 
0.293000 12.490573 0.375197 -29.836381 269.992260 5.285613 -23.405332 
0.294000 12.766532 0.380605 -29.860020 269.706664 5.294703 -22.516960 
0.295000 13.042238 0.386027 -29.882438 269.413256 5.303607 -21.633060 
0.296000 13.317596 0.391453 -29.904269 269.115476 5.312418 -20.750902 
0.297000 13.592693 0.396893 -29.924883 268.810027 5.321044 -19.873323 
0.298000 13.867427 0.402337 -29.944918 268.500320 5.329577 -18.997547 
0.299000 14.141890 0.407795 -29.963741 268.183089 5.337926 -18.126454 
0.300000 14.415975 0.413255 -29.981994 267.861714 5.346184 -17.257218 
0.301000 14.689781 0.418730 -29.999039 267.532962 5.354257 -16.392763 
0.302000 14.963194 0.424207 -30.015524 267.200177 5.362241 -15.530215 
0.303000 15.236319 0.429698 -30.030805 266.860161 5.370040 -14.672539 
0.304000 15.509036 0.435191 -30.045536 266.516225 5.377751 -13.816814 
0.305000 15.781457 0.440698 -30.059066 266.165203 5.385280 -12.966048 
0.306000 16.053457 0.446206 -30.072057 265.810372 5.392720 -12.117273 
0.307000 16.325152 0.451728 -30.083851 265.448601 5.399979 -11.273538 
0.308000 16.596412 0.457251 -30.095116 265.083130 5.407151 -10.431828 
0.309000 16.867360 0.462788 -30.105189 264.710866 5.414143 -9.595234 
0.310000 17.137858 0.468325 -30.114742 264.335010 5.421049 -8.760694 
0.311000 17.408037 0.473876 -30.123108 263.952505 5.427775 -7.931342 
0.312000 17.677753 0.479428 -30.130965 263.566514 5.434418 -7.104070 
0.313000 17.947142 0.484992 -30.137639 263.174020 5.440882 -6.282052 
0.314000 18.216055 0.490557 -30.143815 262.778145 5.447263 -5.462134 
0.315000 18.484635 0.496134 -30.148811 262.375910 5.453467 -4.647531 
0.316000 18.752725 0.501711 -30.153321 261.970397 5.459589 -3.835046 
0.317000 19.020476 0.507301 -30.156655 261.558667 5.465536 -3.027932 
0.318000 19.287724 0.512891 -30.159514 261.143760 5.471402 -2.222950 
0.319000 19.554626 0.518492 -30.161202 260.722778 5.477094 -1.423391 
0.320000 19.821012 0.524093 -30.162426 260.298717 5.482707 -0.625973 
0.321000 20.087047 0.529707 -30.162483 259.868723 5.488147 0.165974 
0.322000 20.352554 0.535319 -30.162086 259.435746 5.493509 0.955774 
0.323000 20.617703 0.540943 -30.160528 258.996976 5.498700 1.740058 
0.324000 20.882313 0.546566 -30.158527 258.555317 5.503814 2.522194 
0.325000 21.146559 0.552201 -30.155369 258.108004 5.508759 3.298774 
0.326000 21.410253 0.557834 -30.151780 257.657894 5.513629 4.073207 
0.327000 21.673578 0.563479 -30.147037 257.202268 5.518330 4.842047 
0.328000 21.936341 0.569121 -30.141876 256.743934 5.522958 5.608744 
0.329000 22.198729 0.574776 -30.135565 256.280220 5.527419 6.369815 
0.330000 22.460543 0.580427 -30.128847 255.813886 5.531808 7.128750 
0.331000 22.721976 0.586090 -30.120984 255.342306 5.536031 7.882030 
0.332000 22.982826 0.591751 -30.112725 254.868190 5.540184 8.633184 
0.333000 23.243290 0.597423 -30.103325 254.388962 5.544174 9.378657 
0.334000 23.503160 0.603091 -30.093541 253.907281 5.548094 10.122016 
0.335000 23.762638 0.608771 -30.082621 253.420620 5.551852 10.859671 
0.336000 24.021512 0.614447 -30.071329 252.931585 5.555543 11.595228 
0.337000 24.279991 0.620134 -30.058904 252.437701 5.559073 12.325059 
0.338000 24.537855 0.625818 -30.046119 251.941520 5.562537 13.052811 
0.339000 24.795318 0.631512 -30.032206 251.440619 5.565842 13.774819 
0.340000 25.052157 0.637202 -30.017943 250.937497 5.569083 14.494768 
0.341000 25.308592 0.642903 -30.002558 250.429781 5.572166 15.208959 
0.342000 25.564393 0.648599 -29.986835 249.919918 5.575186 15.921111 
0.343000 25.819784 0.654307 -29.969992 249.405587 5.578051 16.627494 
0.344000 26.074533 0.660009 -29.952824 248.889179 5.580854 17.331863 
0.345000 26.328868 0.665722 -29.934541 248.368427 5.583504 18.030453 
0.346000 26.582552 0.671430 -29.915944 247.845666 5.586093 18.727054 
0.347000 26.835817 0.677148 -29.896236 247.318684 5.588530 19.417869 
0.348000 27.088423 0.682860 -29.876227 246.789760 5.590908 20.106723 
0.349000 27.340607 0.688584 -29.855110 246.256735 5.593136 20.789785 
0.350000 27.592123 0.694301 -29.833703 245.721832 5.595307 21.470916 
0.351000 27.843213 0.700028 -29.811193 245.182949 5.597329 22.146253 
0.352000 28.093626 0.705750 -29.788404 244.642250 5.599295 22.819689 
0.353000 28.343610 0.711481 -29.764517 244.097688 5.601114 23.487329 
0.354000 28.592909 0.717206 -29.740363 243.551369 5.602879 24.153101 
0.355000 28.841776 0.722942 -29.715113 243.001306 5.604499 24.813079 
0.356000 29.089950 0.728670 -29.689609 242.449543 5.606065 25.471223 
0.357000 29.337688 0.734408 -29.663014 241.894151 5.607489 26.123575 
0.358000 29.584726 0.740140 -29.636176 241.337115 5.608860 26.774128 
0.359000 29.831325 0.745881 -29.608249 240.776565 5.610091 27.418894 
0.360000 30.077217 0.751615 -29.580092 240.214425 5.611270 28.061898 
0.361000 30.322665 0.757358 -29.550851 239.648883 5.612311 28.699121 
0.362000 30.567400 0.763094 -29.521391 239.081803 5.613302 29.334620 
0.363000 30.811689 0.768840 -29.490849 238.511435 5.614155 29.964346 
0.364000 31.055257 0.774578 -29.460101 237.939579 5.614961 30.592386 
0.365000 31.298376 0.780325 -29.428275 237.364545 5.615631 31.214663 
0.366000 31.540768 0.786064 -29.396253 236.788071 5.616254 31.835295 
0.367000 31.782708 0.791812 -29.363158 236.208530 5.616744 32.450174 
0.368000 32.023915 0.797553 -29.329879 235.627596 5.617188 33.063450 
0.369000 32.264667 0.803302 -29.295529 235.043706 5.617500 33.670985 
0.370000 32.504679 0.809043 -29.261008 234.458466 5.617768 34.276959 
0.371000 32.744234 0.814793 -29.225418 233.870379 5.617906 34.877207 
0.372000 32.983043 0.820534 -29.189669 233.280988 5.618001 35.475937 
0.373000 33.221392 0.826284 -29.152855 232.688857 5.617969 36.068956 
0.374000 33.458991 0.832025 -29.115893 232.095463 5.617894 36.660502 
0.375000 33.696126 0.837775 -29.077869 231.499438 5.617694 37.246354 
0.376000 33.932505 0.843515 -29.039708 230.902193 5.617453 37.830778 
0.377000 34.168419 0.849265 -29.000489 230.302423 5.617088 38.409526 
0.378000 34.403572 0.855005 -28.961144 229.701472 5.616684 38.986893 
0.379000 34.638256 0.860753 -28.920744 229.098104 5.616158 39.558604 
0.380000 34.872174 0.866492 -28.880230 228.493595 5.615594 40.128982 
0.381000 35.105622 0.872240 -28.838663 227.886776 5.614910 40.693723 
0.382000 35.338300 0.877977 -28.796994 227.278853 5.614190 41.257182 
0.383000 35.570504 0.883723 -28.754275 226.668728 5.613351 41.815026 
0.384000 35.801933 0.889459 -28.711465 226.057537 5.612477 42.371638 
0.385000 36.032888 0.895203 -28.667607 225.444251 5.611486 42.922659 
0.386000 36.263063 0.900937 -28.623670 224.829936 5.610462 43.472499 
0.387000 36.492760 0.906679 -28.578687 224.213634 5.609324 44.016773 
0.388000 36.721675 0.912410 -28.533637 223.596339 5.608154 44.559920 
0.389000 36.950110 0.918150 -28.487543 222.977166 5.606871 45.097528 
0.390000 37.177757 0.923878 -28.441393 222.357036 5.605557 45.634062 
0.391000 37.404924 0.929616 -28.394202 221.735137 5.604133 46.165087 
0.392000 37.631300 0.935341 -28.346966 221.112318 5.602679 46.695094 
0.393000 37.857193 0.941075 -28.298691 220.487840 5.601117 47.219621 
0.394000 38.082291 0.946798 -28.250382 219.862477 5.599527 47.743189 
0.395000 38.306905 0.952529 -28.201036 219.235567 5.597831 48.261308 
0.396000 38.530721 0.958248 -28.151667 218.607810 5.596109 48.778529 
0.397000 38.754051 0.963975 -28.101263 217.978619 5.594283 49.290335 
0.398000 38.976580 0.969691 -28.050847 217.348617 5.592431 49.801304 
0.399000 39.198621 0.975414 -27.999398 216.717295 5.590478 50.306895 
0.400000 39.419858 0.981125 -27.947948 216.085201 5.588502 50.811713 
0.401000 39.640607 0.986845 -27.895467 215.451905 5.586427 51.311193 
0.402000 39.860549 0.992552 -27.842995 214.817875 5.584329 51.809966 
0.403000 40.080000 0.998267 -27.789493 214.182762 5.582135 52.303442 
0.404000 40.298644 1.003970 -27.736012 213.546956 5.579921 52.796281 
0.405000 40.516794 1.009681 -27.681502 212.910188 5.577612 53.283867 
0.406000 40.734135 1.015379 -27.627024 212.272771 5.575285 53.770891 
0.407000 40.950982 1.021084 -27.571518 211.634517 5.572866 54.252709 
0.408000 41.167018 1.026777 -27.516054 210.995657 5.570431 54.734041 
0.409000 41.382558 1.032478 -27.459564 210.356090 5.567907 55.210219 
0.410000 41.597285 1.038166 -27.403126 209.715964 5.565368 55.685992 
0.411000 41.811516 1.043862 -27.345662 209.075264 5.562744 56.156667 
0.412000 42.024933 1.049544 -27.288262 208.434054 5.560106 56.627022 
0.413000 42.237852 1.055235 -27.229836 207.792408 5.557386 57.092340 
0.414000 42.449956 1.060912 -27.171484 207.150305 5.554655 57.557429 
0.415000 42.661563 1.066596 -27.112107 206.507910 5.551844 58.017546 
0.416000 42.872353 1.072267 -27.052813 205.865115 5.549025 58.477533 
0.417000 43.082644 1.077946 -26.992495 205.222176 5.546130 58.932618 
0.418000 43.292119 1.083612 -26.932271 204.578898 5.543229 59.387677 
0.419000 43.501095 1.089285 -26.871022 203.935632 5.540255 59.837913 
0.420000 43.709254 1.094944 -26.809877 203.292093 5.537279 60.288235 
0.421000 43.916913 1.100611 -26.747707 202.648729 5.534233 60.733821 
0.422000 44.123757 1.106264 -26.685651 202.005165 5.531187 61.179613 
0.423000 44.330100 1.111924 -26.622569 201.361945 5.528076 61.620763 
0.424000 44.535627 1.117571 -26.559610 200.718602 5.524968 62.062250 
0.425000 44.740654 1.123225 -26.495625 200.075784 5.521800 62.499200 
0.426000 44.944867 1.128865 -26.431773 199.432927 5.518637 62.936629 
0.427000 45.148579 1.134513 -26.366893 198.790782 5.515419 63.369637 
0.428000 45.351479 1.140147 -26.302155 198.148691 5.512211 63.803278 
0.429000 45.553877 1.145788 -26.236388 197.507509 5.508952 64.232626 
0.430000 45.755465 1.151415 -26.170772 196.866479 5.505707 64.662777 
0.431000 45.956553 1.157050 -26.104126 196.226567 5.502417 65.088775 
0.432000 46.156832 1.162670 -26.037638 195.586912 5.499145 65.515759 
0.433000 46.356611 1.168298 -25.970118 194.948592 5.495833 65.938747 
0.434000 46.555585 1.173911 -25.902765 194.310642 5.492544 66.362923 
0.435000 46.754059 1.179532 -25.834378 193.674253 5.489221 66.783273 
0.436000 46.951731 1.185139 -25.766165 193.038352 5.485927 67.205029 
0.437000 47.148904 1.190753 -25.696915 192.404246 5.482605 67.623146 
0.438000 47.345279 1.196353 -25.627847 191.770749 5.479317 68.042906 
0.439000 47.541157 1.201961 -25.557738 191.139288 5.476008 68.459230 
0.440000 47.736240 1.207554 -25.487819 190.508557 5.472738 68.877450 
0.441000 47.930828 1.213155 -25.416855 189.880105 5.469455 69.292451 
0.442000 48.124625 1.218741 -25.346086 189.252500 5.466217 69.709618 
0.443000 48.317929 1.224336 -25.274269 188.627416 5.462972 70.123795 
0.444000 48.510448 1.229915 -25.202653 188.003285 5.459778 70.540419 
0.445000 48.702476 1.235503 -25.129984 187.381909 5.456585 70.954291 
0.446000 48.893724 1.241076 -25.057522 186.761578 5.453449 71.370899 
0.447000 49.084482 1.246658 -24.984000 186.144221 5.450321 71.784992 
0.448000 49.274468 1.252224 -24.910691 185.527976 5.447255 72.202113 
0.449000 49.463966 1.257800 -24.836316 184.914902 5.444202 72.616949 
0.450000 49.652697 1.263360 -24.762159 184.302975 5.441217 73.035097 
0.451000 49.840944 1.268929 -24.686928 183.694388 5.438252 73.451174 
0.452000 50.028430 1.274484 -24.611920 183.086942 5.435358 73.870831 
0.453000 50.215434 1.280047 -24.535831 182.482973 5.432489 74.288606 
0.454000 50.401685 1.285595 -24.459968 181.880093 5.429693 74.710203 
0.455000 50.587456 1.291153 -24.383017 181.280788 5.426927 75.130073 
0.456000 50.772482 1.296696 -24.306295 180.682473 5.424236 75.553976 
0.457000 50.957028 1.302248 -24.228477 180.087796 5.421576 75.976263 
0.458000 51.140837 1.307785 -24.150891 179.493961 5.418992 76.402758 
0.459000 51.324170 1.313332 -24.072201 178.903791 5.416441 76.827703 
0.460000 51.506772 1.318864 -23.993746 178.314272 5.413966 77.256992 
0.461000 51.688898 1.324406 -23.914178 177.728419 5.411523 77.684751 
0.462000 51.870302 1.329933 -23.834848 177.142987 5.409154 78.116953 
0.463000 52.051231 1.335470 -23.754396 176.561204 5.406817 78.547600 
0.464000 52.231444 1.340992 -23.674185 175.979579 5.404550 78.982760 
0.465000 52.411184 1.346524 -23.592842 175.401576 5.402315 79.416299 
0.466000 52.590215 1.352042 -23.511745 174.823445 5.400146 79.854394 
0.467000 52.768772 1.357570 -23.429506 174.248911 5.398006 80.290769 
0.468000 52.946628 1.363083 -23.347516 173.673942 5.395928 80.731727 
0.469000 53.124009 1.368607 -23.264376 173.102556 5.393877 81.170838 
0.470000 53.300696 1.374116 -23.181487 172.530415 5.391884 81.614547 
0.471000 53.476906 1.379636 -23.097439 171.961857 5.389916 82.056259 
0.472000 53.652431 1.385141 -23.013647 171.392216 5.388001 82.502584 
0.473000 53.827476 1.390656 -22.928686 170.826181 5.386108 82.946743 
0.474000 54.001843 1.396158 -22.843986 170.258724 5.384263 83.395533 
0.475000 54.175728 1.401670 -22.758107 169.694926 5.382439 83.841973 
0.476000 54.348941 1.407167 -22.672494 169.129356 5.380658 84.293070 
0.477000 54.521669 1.412675 -22.585692 168.567530 5.378895 84.741622 
0.478000 54.693733 1.418169 -22.499161 168.003573 5.377171 85.194870 
0.479000 54.865308 1.423674 -22.411432 167.443479 5.375464 85.645366 
0.480000 55.036226 1.429164 -22.323980 166.880880 5.373791 86.100613 
0.481000 55.206650 1.434666 -22.235320 166.322303 5.372135 86.552890 
0.482000 55.376426 1.440153 -22.146943 165.760832 5.370506 87.009993 
0.483000 55.545701 1.445651 -22.057348 165.203582 5.368895 87.463896 
0.484000 55.714337 1.451134 -21.968042 164.643026 5.367306 87.922725 
0.485000 55.882466 1.456629 -21.877508 164.086937 5.365735 88.378107 
0.486000 56.049965 1.462110 -21.787271 163.527103 5.364182 88.838539 
0.487000 56.216948 1.467601 -21.695796 162.972030 5.362645 89.295265 
0.488000 56.383312 1.473078 -21.604624 162.412743 5.361123 89.757193 
0.489000 56.549151 1.478567 -21.512204 161.858562 5.359619 90.215135 
0.490000 56.714381 1.484041 -21.420096 161.299661 5.358124 90.678461 
0.491000 56.879077 1.489526 -21.326728 160.746269 5.356648 91.137502 
0.492000 57.043176 1.494998 -21.233681 160.187604 5.355177 91.602143 
0.493000 57.206729 1.500480 -21.139363 159.634915 5.353727 92.062171 
0.494000 57.369697 1.505948 -21.045375 159.076348 5.352275 92.528055 
0.495000 57.532108 1.511428 -20.950104 158.524293 5.350848 92.988969 
0.496000 57.693946 1.516893 -20.855173 157.965695 5.349414 93.456033 
0.497000 57.855215 1.522370 -20.758947 157.414220 5.348008 93.917738 
0.498000 58.015925 1.527832 -20.663072 156.855469 5.346588 94.385932 
0.499000 58.176050 1.533306 -20.565888 156.304537 5.345200 94.848338 
0.500000 58.335634 1.538765 -20.469066 155.745514 5.343793 95.317621 
0.501000 58.494616 1.544236 -20.370923 155.195102 5.342423 95.780642 
0.502000 58.653074 1.549693 -20.273154 154.635691 5.341025 96.250984 
0.503000 58.810912 1.555161 -20.174048 154.085790 5.339671 96.714537 
0.504000 58.968245 1.560615 -20.075332 153.525878 5.338281 97.185918 
0.505000 59.124937 1.566080 -19.975262 152.976493 5.336941 97.649925 
0.506000 59.281147 1.571531 -19.875597 152.415965 5.335558 98.122333 
0.507000 59.436693 1.576993 -19.774560 151.867115 5.334232 98.586715 
0.508000 59.591779 1.582442 -19.673945 151.305856 5.332853 99.060147 
0.509000 59.746177 1.587901 -19.571940 150.757573 5.331540 99.524827 
0.510000 59.900142 1.593347 -19.470374 150.195463 5.330163 99.999291 
0.511000 60.053391 1.598803 -19.367399 149.647796 5.328863 100.464189 
0.512000 60.206236 1.604247 -19.264883 149.084707 5.327487 100.939703 
0.513000 60.358332 1.609700 -19.160935 148.537719 5.326199 101.404739 
0.514000 60.510058 1.615141 -19.057467 147.973519 5.324822 101.881328 
0.515000 60.661001 1.620592 -18.952544 147.427290 5.323546 102.346419 
0.516000 60.811610 1.626030 -18.848125 146.861834 5.322167 102.824120 
0.517000 60.961396 1.631478 -18.742225 146.316462 5.320904 103.289179 
0.518000 61.110889 1.636914 -18.636855 145.749594 5.319521 103.768038 
0.519000 61.259515 1.642359 -18.529975 145.205195 5.318270 104.232970 
0.520000 61.407895 1.647792 -18.423654 144.636747 5.316882 104.713047 
0.521000 61.555359 1.653234 -18.315793 144.093458 5.315644 105.177753 
0.522000 61.702627 1.658664 -18.208521 143.523242 5.314248 105.659117 
0.523000 61.848925 1.664104 -18.099675 142.981223 5.313025 106.123490 
0.524000 61.995085 1.669532 -17.991453 142.409034 5.311619 106.606223 
0.525000 62.140212 1.674968 -17.881620 141.868470 5.310411 107.070145 
0.526000 62.285266 1.680394 -17.772450 141.294078 5.308994 107.554345 
0.527000 62.429218 1.685828 -17.661626 140.755183 5.307803 108.017686 
0.528000 62.573170 1.691251 -17.551508 140.178333 5.306372 108.503466 
0.529000 62.715942 1.696681 -17.439690 139.641352 5.305199 108.966084 
0.530000 62.858796 1.702102 -17.328626 139.061759 5.303752 109.453574 
0.531000 63.000383 1.707530 -17.215811 138.526971 5.302599 109.915311 
0.532000 63.142142 1.712948 -17.103802 137.944314 5.301133 110.404659 
0.533000 63.282537 1.718373 -16.989987 137.412039 5.300002 110.865340 
0.534000 63.423208 1.723789 -16.877036 136.825959 5.298515 111.356716 
0.535000 63.562404 1.729211 -16.762215 136.296562 5.297409 111.816145 
0.536000 63.701993 1.734624 -16.648324 135.706653 5.295897 112.309742 
0.537000 63.839982 1.740043 -16.532494 135.180547 5.294819 112.767701 
0.538000 63.978494 1.745454 -16.417666 134.586353 5.293278 113.263738 
0.539000 64.115268 1.750870 -16.300822 134.064009 5.292231 113.719982 
0.540000 64.252712 1.756279 -16.185061 133.465017 5.290658 114.218707 
0.541000 64.388261 1.761692 -16.067196 132.946968 5.289646 114.672963 
0.542000 64.524645 1.767099 -15.950506 132.342597 5.288036 115.174658 
0.543000 64.658958 1.772508 -15.831615 131.829449 5.287064 115.626618 
0.544000 64.794292 1.777913 -15.714000 131.219043 5.285411 116.131601 
0.545000 64.927356 1.783319 -15.594076 130.711484 5.284485 116.580919 
0.546000 65.061652 1.788722 -15.475543 130.094301 5.282784 117.089549 
0.547000 65.193454 1.794124 -15.354579 129.593112 5.281908 117.535837 
0.548000 65.326725 1.799526 -15.235132 128.968313 5.280152 118.048521 
0.549000 65.457249 1.804924 -15.113119 128.474376 5.279335 118.491341 
0.550000 65.589510 1.810324 -14.992767 127.841014 5.277516 119.008538 
0.551000 65.718738 1.815719 -14.869696 127.355332 5.276765 119.447398 
0.552000 65.850006 1.821118 -14.748446 126.712332 5.274876 119.969625 
0.553000 65.977919 1.826509 -14.624308 126.236041 5.274199 120.403972 
0.554000 66.108212 1.831906 -14.502169 125.582188 5.272229 120.931813 
0.555000 66.234788 1.837292 -14.376951 125.116576 5.271637 121.361022 
0.556000 66.364128 1.842688 -14.253934 124.450493 5.269575 121.895136 
0.557000 66.489342 1.848071 -14.127623 123.997019 5.269080 122.318505 
0.558000 66.617755 1.853466 -14.003741 123.317147 5.266914 122.859637 
0.559000 66.741578 1.858844 -13.876323 122.877468 5.266529 123.276372 
0.560000 66.869092 1.864238 -13.751589 122.182041 5.264245 123.825360 
0.561000 66.991492 1.869612 -13.623048 121.758031 5.263984 124.234570 
0.562000 67.118138 1.875005 -13.497476 121.045048 5.261566 124.792359 
0.563000 67.239080 1.880374 -13.367795 120.638834 5.261447 125.193037 
0.564000 67.364896 1.885767 -13.241403 119.906028 5.258875 125.760694 
0.565000 67.484339 1.891130 -13.110561 119.520021 5.258918 126.151706 
0.566000 67.609365 1.896524 -12.983370 118.764821 5.256173 126.730435 
0.567000 67.727263 1.901882 -12.851343 118.401754 5.256400 127.110501 
0.568000 67.851547 1.907275 -12.723375 117.621250 5.253457 127.701659 
0.569000 67.967849 1.912627 -12.590139 117.284219 5.253893 128.069337 
0.570000 68.091443 1.918022 -12.461419 116.475111 5.250725 128.674454 
0.571000 68.206090 1.923367 -12.326945 116.167628 5.251400 129.028118 
0.572000 68.329055 1.928763 -12.197501 115.326176 5.247975 129.648919 
0.573000 68.441981 1.934101 -12.061758 115.052220 5.248921 129.986739 
0.574000 68.564386 1.939499 -11.931623 114.174189 5.245206 130.625167 
0.575000 68.675515 1.944830 -11.794574 113.938267 5.246461 130.945077 
0.576000 68.797438 1.950231 -11.663785 113.018858 5.242414 131.603325 
0.577000 68.906687 1.955553 -11.525390 112.826077 5.244021 131.902999 
0.578000 69.028215 1.960957 -11.393987 111.859856 5.239597 132.583533 
0.579000 69.135488 1.966270 -11.254200 111.716000 5.241604 132.860351 
0.580000 69.256722 1.971678 -11.122232 110.696815 5.236752 133.565952 
0.581000 69.361910 1.976982 -10.981001 110.608427 5.239214 133.816965 
0.582000 69.482963 1.982395 -10.848519 109.529322 5.233875 134.550760 
0.583000 69.585944 1.987687 -10.705788 109.503803 5.236855 134.772650 
0.584000 69.706945 1.993106 -10.572852 108.356914 5.230962 135.538156 
0.585000 69.807580 1.998387 -10.428555 108.402624 5.234531 135.727195 
0.586000 69.928674 2.003813 -10.295232 107.179074 5.228008 136.528362 
0.587000 70.026806 2.009080 -10.149296 107.305446 5.232246 136.680363 
0.588000 70.148159 2.014515 -10.015663 105.995227 5.225009 137.521624 
0.589000 70.243612 2.019767 -9.868006 106.212888 5.230008 137.631893 
0.590000 70.365409 2.025213 -9.734147 104.804741 5.221958 138.518214 
0.591000 70.457982 2.030449 -9.584678 105.125634 5.227820 138.581500 
0.592000 70.580436 2.035906 -9.450689 103.606919 5.218850 139.518429 
0.593000 70.669902 2.041123 -9.299303 104.044434 5.225691 139.528868 
0.594000 70.793251 2.046595 -9.165294 102.401007 5.215678 140.522592 
0.595000 70.879355 2.051792 -9.011875 102.970100 5.223628 140.473659 
0.596000 71.003869 2.057279 -8.877965 101.186197 5.212436 141.531053 
0.597000 71.086324 2.062453 -8.722384 101.903502 5.221638 141.415509 
0.598000 71.212304 2.067960 -8.588711 99.961634 5.209114 142.544183 
0.599000 71.290788 2.073108 -8.430820 100.845554 5.219729 142.354036 
0.600000 71.418576 2.078636 -8.297536 98.726438 5.205707 143.562369 
0.601000 71.492725 2.083756 -8.137174 99.797195 5.217910 143.288846 
0.602000 71.622704 2.089309 -8.004450 97.479719 5.202206 144.586012 
0.603000 71.692113 2.094397 -7.841435 98.759359 5.216189 144.219541 
0.604000 71.824709 2.099978 -7.709460 96.220612 5.198605 145.615513 
0.605000 71.888925 2.105030 -7.543589 97.732939 5.214574 145.145734 
0.606000 72.024614 2.110644 -7.412575 94.948311 5.194896 146.651267 
0.607000 72.083134 2.115656 -7.243625 96.718743 5.213072 146.067065 
0.608000 72.222445 2.121307 -7.113806 93.662108 5.191076 147.693650 
0.609000 72.274713 2.126274 -6.941529 95.717442 5.211687 146.983214 
0.610000 72.418228 2.131967 -6.813163 92.361433 5.187139 148.743007 
0.611000 72.463631 2.136884 -6.637286 94.729522 5.210425 147.893924 
0.612000 72.611990 2.142625 -6.510657 91.045886 5.183085 149.799646 
0.613000 72.649859 2.147485 -6.330883 93.755239 5.209285 148.799015 
0.614000 72.803759 2.153280 -6.206300 89.715256 5.178915 150.863835 
0.615000 72.833365 2.158078 -6.022302 92.794581 5.208267 149.698393 
0.616000 72.993563 2.163933 -5.900103 88.369527 5.174631 151.935803 
0.617000 73.014118 2.168663 -5.711529 91.847261 5.207366 150.592063 
0.618000 73.181430 2.174585 -5.592078 87.008865 5.170238 153.015746 
0.619000 73.192088 2.179238 -5.398547 90.912709 5.206574 151.480123 
0.620000 73.367385 2.185234 -5.282237 85.633585 5.165745 154.103841 
0.621000 73.367245 2.189804 -5.083339 89.990102 5.205883 152.362762 
0.622000 73.551453 2.195882 -4.970591 84.244112 5.161161 155.200263 
0.623000 73.539560 2.200361 -4.765888 89.078392 5.205281 153.240250 
0.624000 73.733656 2.206529 -4.657149 82.840939 5.156494 156.305201 
0.625000 73.709005 2.210908 -4.446178 88.176351 5.204753 154.112922 
0.626000 73.914014 2.217175 -4.341923 81.424580 5.151757 157.418869 
0.627000 73.875553 2.221446 -4.124190 87.282616 5.204286 154.981166 
0.628000 74.092544 2.227820 -4.024921 79.995537 5.146961 158.541526 
0.629000 74.039177 2.231973 -3.799905 86.395737 5.203862 155.845403 
0.630000 74.269260 2.238464 -3.706151 78.554273 5.142117 159.673482 
0.631000 74.199854 2.242491 -3.473305 85.514215 5.203467 156.706077 
0.632000 74.444173 2.249108 -3.385620 77.101192 5.137237 160.815105 
0.633000 74.357559 2.252999 -3.144370 84.636540 5.203084 157.563638 
0.634000 74.617291 2.259750 -3.063336 75.636636 5.132332 161.966828 
0.635000 74.512268 2.263497 -2.813079 83.761224 5.202697 158.418532 
0.636000 74.788618 2.270392 -2.739303 74.160874 5.127413 163.129147 
0.637000 74.663958 2.273985 -2.479411 82.886823 5.202290 159.271191 
0.638000 74.958157 2.281033 -2.413526 72.674112 5.122493 164.302627 
0.639000 74.812608 2.284462 -2.143342 82.011964 5.201850 160.122022 
0.640000 75.125906 2.291673 -2.086008 71.176497 5.117583 165.487899 
0.641000 74.958194 2.294930 -1.804849 81.135355 5.201362 160.971404 
0.642000 75.291862 2.302312 -1.756753 69.668125 5.112694 166.685662 
0.643000 75.100695 2.305388 -1.463906 80.255807 5.200812 161.819679 
0.644000 75.456019 2.312950 -1.425763 68.149051 5.107838 167.896682 
0.645000 75.240089 2.315835 -1.120486 79.372235 5.200190 162.667153 
0.646000 75.618369 2.323586 -1.093040 66.619297 5.103029 169.121795 
0.647000 75.376353 2.326273 -0.774560 78.483671 5.199484 163.514089 
0.648000 75.778902 2.334221 -0.758584 65.078862 5.098279 170.361906 
0.649000 75.509467 2.336701 -0.426098 77.589265 5.198684 164.360708 
0.650000 75.937605 2.344855 -0.422397 63.527735 5.093603 171.617994 
0.651000 75.639408 2.347120 -0.075066 76.688290 5.197783 165.207191 
0.652000 76.094465 2.355487 -0.084478 61.965900 5.089016 172.891114 
0.653000 75.766155 2.357529 0.278569 75.780137 5.196774 166.053675 
0.654000 76.249467 2.366116 0.255172 60.393346 5.084534 174.182400 
0.655000 75.889685 2.367929 0.634846 74.864317 5.195649 166.900260 
0.656000 76.402596 2.376744 0.596554 58.810080 5.080177 175.493069 
0.657000 76.009976 2.378320 0.993804 73.940451 5.194405 167.747007 
0.658000 76.553836 2.387368 0.939668 57.216132 5.075963 176.824427 
0.659000 76.127008 2.388703 1.355485 73.008269 5.193037 168.593945 
0.660000 76.703169 2.397990 1.284514 55.611572 5.071913 178.177876 
0.661000 76.240757 2.399077 1.719934 72.067598 5.191543 169.441072 
0.662000 76.850578 2.408609 1.631093 53.996517 5.068053 179.554915 
0.663000 76.351203 2.409443 2.087200 71.118358 5.189921 170.288359 
0.664000 76.996045 2.419225 1.979405 52.371145 5.064408 180.957152 
0.665000 76.458324 2.419802 2.457335 70.160548 5.188171 171.135757 
0.666000 77.139553 2.429837 2.329450 50.735715 5.061008 182.386309 
0.667000 76.562100 2.430154 2.830392 69.194238 5.186292 171.983195 
0.668000 77.281085 2.440445 2.681229 49.090578 5.057884 183.844226 
0.669000 76.662511 2.440499 3.206431 68.219559 5.184285 172.830590 
0.670000 77.420623 2.451049 3.034740 47.436200 5.055074 185.332872 
0.671000 76.759538 2.450839 3.585516 67.236692 5.182152 173.677848 
0.672000 77.558150 2.461649 3.389985 45.773184 5.052616 186.854348 
0.673000 76.853164 2.461174 3.967712 66.245860 5.179894 174.524867 
0.674000 77.693651 2.472244 3.746963 44.102298 5.050556 188.410897 
0.675000 76.943372 2.471505 4.353092 65.247316 5.177513 175.371541 
0.676000 77.827110 2.482834 4.105672 42.424503 5.048944 190.004905 
0.677000 77.030148 2.481832 4.741733 64.241335 5.175012 176.217765 
0.678000 77.958510 2.493419 4.466112 40.740991 5.047834 191.638905 
0.679000 77.113481 2.492157 5.133716 63.228206 5.172395 177.063431 
0.680000 78.087839 2.503999 4.828282 39.053222 5.047288 193.315580 
0.681000 77.193361 2.502481 5.529128 62.208229 5.169663 177.908440 
0.682000 78.215081 2.514573 5.192180 37.362975 5.047374 195.037757 
0.683000 77.269784 2.512805 5.928063 61.181702 5.166819 178.752692 
0.684000 78.340224 2.525141 5.557805 35.672396 5.048170 196.808403 
0.685000 77.342749 2.523130 6.330620 60.148921 5.163868 179.596098 
0.686000 78.463254 2.535704 5.925155 33.984058 5.049758 198.630608 
0.687000 77.412261 2.533459 6.736904 59.110174 5.160812 180.438574 
0.688000 78.584159 2.546260 6.294229 32.301032 5.052233 200.507566 
0.689000 77.478330 2.543793 7.147027 58.065739 5.157654 181.280044 
0.690000 78.702928 2.556809 6.665024 30.626953 5.055699 202.442540 
0.691000 77.540975 2.554134 7.561108 57.015880 5.154396 182.120440 
0.692000 78.819550 2.567352 7.037537 28.966105 5.060267 204.438817 
0.693000 77.600223 2.564485 7.979272 55.960849 5.151043 182.959703 
0.694000 78.934013 2.577888 7.411767 27.323501 5.066062 206.499644 
0.695000 77.656112 2.574847 8.401651 54.900879 5.147597 183.797781 
0.696000 79.046309 2.588417 7.787712 25.704967 5.073219 208.628147 
0.697000 77.708689 2.585224 8.828385 53.836189 5.144060 184.634631 
0.698000 79.156427 2.598939 8.165368 24.117227 5.081881 210.827220 
0.699000 77.758019 2.595618 9.259616 52.766983 5.140435 185.470217 
