0.000000 -55.979958 -0.563243 7.369992 155.678040 1.412967 -164.243730 
0.001000 -55.820744 -0.561798 7.202017 156.091532 1.418845 -164.278413 
0.002000 -55.660685 -0.560341 7.033972 156.508392 1.424809 -164.310923 
0.003000 -55.500618 -0.558884 6.865932 156.925273 1.430773 -164.343403 
0.004000 -55.339706 -0.557415 6.697820 157.345532 1.436825 -164.373676 
0.005000 -55.178780 -0.555945 6.529718 157.765835 1.442878 -164.403887 
0.006000 -55.017008 -0.554463 6.361545 158.189526 1.449018 -164.431857 
0.007000 -54.855215 -0.552981 6.193385 158.613283 1.455161 -164.459734 
0.008000 -54.692576 -0.551487 6.025155 159.040438 1.461393 -164.485334 
0.009000 -54.529910 -0.549992 5.856943 159.467682 1.467627 -164.510806 
0.010000 -54.366397 -0.548485 5.688660 159.898333 1.473951 -164.533966 
0.011000 -54.202850 -0.546977 5.520401 160.329097 1.480278 -164.556963 
0.012000 -54.038456 -0.545457 5.352072 160.763277 1.486696 -164.577611 
0.013000 -53.874021 -0.543936 5.183770 161.197591 1.493118 -164.598061 
0.014000 -53.708739 -0.542403 5.015399 161.635332 1.499631 -164.616123 
0.015000 -53.543408 -0.540869 4.847060 162.073229 1.506150 -164.633950 
0.016000 -53.377230 -0.539323 4.678652 162.514562 1.512760 -164.649350 
0.017000 -53.210997 -0.537775 4.510282 162.956075 1.519377 -164.664478 
0.018000 -53.043916 -0.536215 4.341844 163.401031 1.526086 -164.677138 
0.019000 -52.876772 -0.534653 4.173448 163.846190 1.532803 -164.689485 
0.020000 -52.708781 -0.533080 4.004984 164.294802 1.539613 -164.699325 
0.021000 -52.540720 -0.531504 3.836568 164.743638 1.546432 -164.708811 
0.022000 -52.371810 -0.529916 3.668084 165.195937 1.553344 -164.715746 
0.023000 -52.202824 -0.528327 3.499654 165.648481 1.560266 -164.722286 
0.024000 -52.032989 -0.526725 3.331157 166.104496 1.567282 -164.726231 
0.025000 -51.863070 -0.525121 3.162719 166.560779 1.574309 -164.729738 
0.026000 -51.692301 -0.523505 2.994215 167.020540 1.581432 -164.730604 
0.027000 -51.521442 -0.521886 2.825775 167.480592 1.588566 -164.730986 
0.028000 -51.349732 -0.520256 2.657270 167.944129 1.595796 -164.728681 
0.029000 -51.177925 -0.518622 2.488835 168.407978 1.603039 -164.725844 
0.030000 -51.005267 -0.516977 2.320336 168.875321 1.610379 -164.720272 
0.031000 -50.832503 -0.515328 2.151912 169.342996 1.617734 -164.714117 
0.032000 -50.658888 -0.513668 1.983426 169.814172 1.625185 -164.705176 
0.033000 -50.485161 -0.512004 1.815020 170.285701 1.632652 -164.695598 
0.034000 -50.310582 -0.510328 1.646554 170.760738 1.640218 -164.683177 
0.035000 -50.135883 -0.508649 1.478173 171.236147 1.647800 -164.670059 
0.036000 -49.960331 -0.506958 1.309733 171.715070 1.655481 -164.654035 
0.037000 -49.784653 -0.505263 1.141386 172.194386 1.663179 -164.637240 
0.038000 -49.608121 -0.503556 0.972980 172.677220 1.670978 -164.617457 
0.039000 -49.431455 -0.501845 0.804673 173.160465 1.678795 -164.596800 
0.040000 -49.253934 -0.500122 0.636310 173.647231 1.686713 -164.573020 
0.041000 -49.076272 -0.498395 0.468052 174.134424 1.694651 -164.548170 
0.042000 -48.897755 -0.496656 0.299739 174.625138 1.702691 -164.519883 
0.043000 -48.719090 -0.494912 0.131539 175.116288 1.710752 -164.489970 
0.044000 -48.539568 -0.493157 -0.036713 175.610944 1.718915 -164.455629 
0.045000 -48.359891 -0.491397 -0.204843 176.106022 1.727100 -164.418202 
0.046000 -48.179357 -0.489624 -0.373018 176.604563 1.735387 -164.375388 
0.047000 -47.998660 -0.487847 -0.541060 177.103493 1.743696 -164.330119 
0.048000 -47.817105 -0.486057 -0.709142 177.605852 1.752108 -164.280738 
0.049000 -47.635380 -0.484263 -0.877084 178.108592 1.760543 -164.229778 
0.050000 -47.452797 -0.482456 -1.045062 178.614746 1.769082 -164.175159 
0.051000 -47.270037 -0.480645 -1.212892 179.121285 1.777645 -164.119167 
0.052000 -47.086418 -0.478820 -1.380755 179.631227 1.786312 -164.059604 
0.053000 -46.902615 -0.476991 -1.548464 180.141561 1.795003 -163.998689 
0.054000 -46.717952 -0.475149 -1.716202 180.655290 1.803801 -163.934194 
0.055000 -46.533099 -0.473301 -1.883778 181.169415 1.812624 -163.868311 
0.056000 -46.347384 -0.471441 -2.051382 181.686927 1.821553 -163.798808 
0.057000 -46.161472 -0.469575 -2.218817 182.204840 1.830510 -163.727863 
0.058000 -45.974698 -0.467697 -2.386275 182.726129 1.839573 -163.653245 
0.059000 -45.787719 -0.465813 -2.553557 183.247824 1.848664 -163.577122 
0.060000 -45.599878 -0.463916 -2.720860 183.772885 1.857864 -163.497265 
0.061000 -45.411826 -0.462013 -2.887978 184.298353 1.867093 -163.415834 
0.062000 -45.222910 -0.460097 -3.055115 184.827175 1.876430 -163.330605 
0.063000 -45.033776 -0.458175 -3.222059 185.356406 1.885798 -163.243730 
0.064000 -44.843777 -0.456239 -3.389017 185.888976 1.895275 -163.152992 
0.065000 -44.653554 -0.454298 -3.555776 186.421955 1.904784 -163.060532 
0.066000 -44.462465 -0.452343 -3.722545 186.958259 1.914403 -162.964140 
0.067000 -44.271145 -0.450382 -3.889106 187.494969 1.924055 -162.865948 
0.068000 -44.078958 -0.448408 -4.055675 188.034987 1.933819 -162.763754 
0.069000 -43.886534 -0.446427 -4.222027 188.575407 1.943616 -162.659680 
0.070000 -43.693242 -0.444432 -4.388383 189.119117 1.953525 -162.551533 
0.071000 -43.499705 -0.442431 -4.554514 189.663223 1.963469 -162.441423 
0.072000 -43.305300 -0.440416 -4.720645 190.210598 1.973526 -162.327166 
0.073000 -43.110643 -0.438394 -4.886542 190.758362 1.983619 -162.210864 
0.074000 -42.915118 -0.436359 -5.052435 191.309373 1.993826 -162.090338 
0.075000 -42.719334 -0.434316 -5.218086 191.860763 2.004070 -161.967682 
0.076000 -42.522682 -0.432260 -5.383728 192.415376 2.014428 -161.840726 
0.077000 -42.325763 -0.430196 -5.549119 192.970355 2.024825 -161.711551 
0.078000 -42.127975 -0.428118 -5.714496 193.528530 2.035338 -161.577999 
0.079000 -41.929915 -0.426032 -5.879614 194.087058 2.045889 -161.442138 
0.080000 -41.730985 -0.423933 -6.044714 194.648754 2.056557 -161.301821 
0.081000 -41.531776 -0.421826 -6.209545 195.210784 2.067266 -161.159103 
0.082000 -41.331696 -0.419705 -6.374353 195.775952 2.078091 -161.011849 
0.083000 -41.131331 -0.417575 -6.538882 196.341435 2.088958 -160.862101 
0.084000 -40.930094 -0.415432 -6.703384 196.910021 2.099942 -160.707734 
0.085000 -40.728567 -0.413280 -6.867598 197.478901 2.110969 -160.550779 
0.086000 -40.526166 -0.411114 -7.031779 198.050848 2.122115 -160.389123 
0.087000 -40.323469 -0.408939 -7.195662 198.623064 2.133304 -160.224781 
0.088000 -40.119898 -0.406751 -7.359506 199.198308 2.144612 -160.055653 
0.089000 -39.916024 -0.404553 -7.523044 199.773792 2.155966 -159.883741 
0.090000 -39.711276 -0.402341 -7.686536 200.352263 2.167438 -159.706959 
0.091000 -39.506218 -0.400119 -7.849712 200.930943 2.178957 -159.527293 
0.092000 -39.300287 -0.397884 -8.012837 201.512565 2.190596 -159.342669 
0.093000 -39.094039 -0.395639 -8.175635 202.094362 2.202282 -159.155060 
0.094000 -38.886918 -0.393379 -8.338377 202.679053 2.214089 -158.962406 
0.095000 -38.679475 -0.391110 -8.500781 203.263881 2.225943 -158.766664 
0.096000 -38.471157 -0.388826 -8.663122 203.851553 2.237919 -158.565789 
0.097000 -38.262512 -0.386533 -8.825115 204.439319 2.249944 -158.361721 
0.098000 -38.052992 -0.384224 -8.987039 205.029876 2.262091 -158.152431 
0.099000 -37.843139 -0.381906 -9.148604 205.620481 2.274288 -157.939843 
0.100000 -37.632411 -0.379572 -9.310093 206.213819 2.286607 -157.721942 
0.101000 -37.421344 -0.377229 -9.471212 206.807157 2.298976 -157.500637 
0.102000 -37.209402 -0.374870 -9.632249 207.403166 2.311469 -157.273928 
0.103000 -36.997117 -0.372501 -9.792904 207.999121 2.324013 -157.043707 
0.104000 -36.783956 -0.370116 -9.953470 208.597683 2.336680 -156.807991 
0.105000 -36.570446 -0.367721 -10.113643 209.196134 2.349399 -156.568654 
0.106000 -36.356061 -0.365311 -10.273719 209.797122 2.362242 -156.323730 
0.107000 -36.141322 -0.362889 -10.433392 210.397937 2.375137 -156.075076 
0.108000 -35.925708 -0.360453 -10.592959 211.001217 2.388157 -155.820744 
0.109000 -35.709735 -0.358004 -10.752111 211.604257 2.401230 -155.562570 
0.110000 -35.492887 -0.355541 -10.911150 212.209686 2.414427 -155.298627 
0.111000 -35.275676 -0.353066 -11.069763 212.814803 2.427679 -155.030731 
0.112000 -35.057591 -0.350576 -11.228254 213.422227 2.441054 -154.756973 
0.113000 -34.839137 -0.348073 -11.386306 214.029264 2.454484 -154.479151 
0.114000 -34.619810 -0.345555 -11.544229 214.638523 2.468039 -154.195376 
0.115000 -34.400110 -0.343025 -11.701701 215.247313 2.481648 -153.907426 
0.116000 -34.179538 -0.340479 -11.859035 215.858235 2.495382 -153.613430 
0.117000 -33.958588 -0.337921 -12.015906 216.468601 2.509171 -153.315148 
0.118000 -33.736768 -0.335347 -12.172630 217.081006 2.523085 -153.010729 
0.119000 -33.514565 -0.332760 -12.328878 217.692763 2.537054 -152.701914 
0.120000 -33.291494 -0.330157 -12.484970 218.306460 2.551148 -152.386871 
0.121000 -33.068036 -0.327542 -12.640574 218.919411 2.565297 -152.067321 
0.122000 -32.843711 -0.324910 -12.796012 219.534198 2.579571 -151.741454 
0.123000 -32.618995 -0.322265 -12.950949 220.148137 2.593900 -151.410971 
0.124000 -32.393414 -0.319605 -13.105712 220.763802 2.608353 -151.074082 
0.125000 -32.167440 -0.316930 -13.259960 221.378511 2.622862 -150.732467 
0.126000 -31.940601 -0.314240 -13.414024 221.994833 2.637494 -150.384361 
0.127000 -31.713366 -0.311535 -13.567560 222.610084 2.652182 -150.031422 
0.128000 -31.485269 -0.308815 -13.720902 223.226828 2.666992 -149.671905 
0.129000 -31.256773 -0.306080 -13.873702 223.842382 2.681858 -149.307450 
0.130000 -31.027417 -0.303329 -14.026299 224.459305 2.696846 -148.936334 
0.131000 -30.797658 -0.300564 -14.178340 225.074911 2.711890 -148.560176 
0.132000 -30.567043 -0.297782 -14.330167 225.691757 2.727055 -148.177276 
0.133000 -30.336023 -0.294986 -14.481426 226.307153 2.742274 -147.789232 
0.134000 -30.104149 -0.292173 -14.632459 226.923655 2.757614 -147.394368 
0.135000 -29.871868 -0.289346 -14.782910 227.538570 2.773009 -146.994260 
0.136000 -29.638736 -0.286501 -14.933125 228.154449 2.788522 -146.587257 
0.137000 -29.405195 -0.283642 -15.082743 228.768596 2.804089 -146.174913 
0.138000 -29.170807 -0.280766 -15.232115 229.383564 2.819775 -145.755603 
0.139000 -28.936008 -0.277874 -15.380875 229.996648 2.835513 -145.330859 
0.140000 -28.700366 -0.274966 -15.529378 230.610402 2.851368 -144.899079 
0.141000 -28.464312 -0.272042 -15.677255 231.222116 2.867274 -144.461775 
0.142000 -28.227419 -0.269101 -15.824863 231.834343 2.883297 -144.017371 
0.143000 -27.990112 -0.266144 -15.971832 232.444367 2.899369 -143.567359 
0.144000 -27.751972 -0.263171 -16.118520 233.054744 2.915556 -143.110184 
0.145000 -27.513417 -0.260181 -16.264553 233.662749 2.931792 -142.647321 
0.146000 -27.274032 -0.257174 -16.410294 234.270940 2.948140 -142.177239 
0.147000 -27.034233 -0.254151 -16.555366 234.876584 2.964536 -141.701392 
0.148000 -26.793610 -0.251110 -16.700133 235.482242 2.981043 -141.218276 
0.149000 -26.552572 -0.248053 -16.844217 236.085172 2.997595 -140.729324 
0.150000 -26.310716 -0.244979 -16.987985 236.687941 3.014256 -140.233057 
0.151000 -26.068445 -0.241888 -17.131053 237.287794 3.030961 -139.730889 
0.152000 -25.825361 -0.238779 -17.273794 237.887306 3.047772 -139.221365 
0.153000 -25.581864 -0.235654 -17.415820 238.483709 3.064626 -138.705881 
0.154000 -25.337561 -0.232511 -17.557506 239.079584 3.081583 -138.183008 
0.155000 -25.092845 -0.229351 -17.698463 239.672153 3.098581 -137.654123 
0.156000 -24.847330 -0.226173 -17.839067 240.264004 3.115680 -137.117821 
0.157000 -24.601403 -0.222978 -17.978927 240.852345 3.132816 -136.575460 
0.158000 -24.354684 -0.219765 -18.118422 241.439775 3.150052 -136.025663 
0.159000 -24.107556 -0.216535 -18.257157 242.023487 3.167322 -135.469769 
0.160000 -23.859644 -0.213286 -18.395515 242.606090 3.184689 -134.906424 
0.161000 -23.611324 -0.210021 -18.533098 243.184761 3.202087 -134.336954 
0.162000 -23.362228 -0.206737 -18.670291 243.762121 3.219579 -133.760026 
0.163000 -23.112727 -0.203435 -18.806694 244.335332 3.237100 -133.176952 
0.164000 -22.862458 -0.200116 -18.942694 244.907028 3.254711 -132.586421 
0.165000 -22.611788 -0.196778 -19.077889 245.474354 3.272349 -131.989731 
0.166000 -22.360359 -0.193422 -19.212669 246.039957 3.290073 -131.385595 
0.167000 -22.108532 -0.190048 -19.346629 246.600964 3.307819 -130.775296 
0.168000 -21.855955 -0.186656 -19.480160 247.160039 3.325649 -130.157569 
0.169000 -21.602985 -0.183246 -19.612856 247.714290 3.343498 -129.533685 
0.170000 -21.349275 -0.179818 -19.745112 248.266396 3.361426 -128.902401 
0.171000 -21.095175 -0.176370 -19.876516 248.813447 3.379370 -128.264976 
0.172000 -20.840345 -0.172905 -20.007468 249.358140 3.397390 -127.620187 
0.173000 -20.585132 -0.169421 -20.137554 249.897546 3.415422 -126.969282 
0.174000 -20.329199 -0.165919 -20.267174 250.434378 3.433525 -126.311060 
0.175000 -20.072887 -0.162398 -20.395913 250.965687 3.451635 -125.646758 
0.176000 -19.815868 -0.158859 -20.524175 251.494209 3.469814 -124.975194 
0.177000 -19.558475 -0.155301 -20.651541 252.016972 3.487995 -124.297598 
0.178000 -19.300386 -0.151725 -20.778416 252.536731 3.506240 -123.612806 
0.179000 -19.041930 -0.148129 -20.904381 253.050496 3.524484 -122.922039 
0.180000 -18.782790 -0.144516 -21.029844 253.561042 3.542787 -122.224152 
0.181000 -18.523290 -0.140883 -21.154382 254.065357 3.561084 -121.520359 
0.182000 -18.263119 -0.137232 -21.278405 254.566240 3.579435 -120.809530 
0.183000 -18.002594 -0.133561 -21.401488 255.060657 3.597776 -120.092877 
0.184000 -17.741412 -0.129873 -21.524046 255.551430 3.616166 -119.369284 
0.185000 -17.479883 -0.126165 -21.645649 256.035503 3.634541 -118.639958 
0.186000 -17.217710 -0.122439 -21.766715 256.515722 3.652962 -117.903798 
0.187000 -16.955199 -0.118693 -21.886812 256.989010 3.671361 -117.162009 
0.188000 -16.692059 -0.114929 -22.006361 257.458237 3.689801 -116.413501 
0.189000 -16.428588 -0.111146 -22.124927 257.920303 3.708214 -115.659479 
0.190000 -16.164502 -0.107344 -22.242933 258.378105 3.726663 -114.898865 
0.191000 -15.900095 -0.103523 -22.359944 258.828522 3.745081 -114.132863 
0.192000 -15.635088 -0.099684 -22.476384 259.274476 3.763529 -113.360404 
0.193000 -15.369769 -0.095825 -22.591815 259.712823 3.781941 -112.582696 
0.194000 -15.103865 -0.091948 -22.706663 260.146514 3.800377 -111.798677 
0.195000 -14.837659 -0.088052 -22.820490 260.572382 3.818771 -111.009557 
0.196000 -14.570884 -0.084137 -22.933725 260.993405 3.837185 -110.214282 
0.197000 -14.303817 -0.080203 -23.045925 261.406393 3.855552 -109.414066 
0.198000 -14.036197 -0.076251 -23.157523 261.814355 3.873933 -108.607860 
0.199000 -13.768295 -0.072279 -23.268074 262.214079 3.892260 -107.796883 
0.200000 -13.499858 -0.068290 -23.378013 262.608601 3.910597 -106.980090 
0.201000 -13.231149 -0.064280 -23.486894 262.994687 3.928875 -106.158708 
0.202000 -12.961922 -0.060254 -23.595153 263.375403 3.947156 -105.331692 
0.203000 -12.692435 -0.056207 -23.702342 263.747494 3.965373 -104.500279 
0.204000 -12.422447 -0.052143 -23.808900 264.114054 3.983589 -103.663422 
0.205000 -12.152209 -0.048059 -23.914378 264.471808 4.001733 -102.822369 
0.206000 -11.881490 -0.043957 -24.019216 264.823881 4.019872 -101.976071 
0.207000 -11.610532 -0.039836 -24.122962 265.166974 4.037933 -101.125787 
0.208000 -11.339111 -0.035698 -24.226061 265.504243 4.055983 -100.270463 
0.209000 -11.067463 -0.031540 -24.328058 265.832370 4.073951 -99.411374 
0.210000 -10.795371 -0.027365 -24.429399 266.154539 4.091901 -98.547457 
0.211000 -10.523064 -0.023170 -24.529629 266.467414 4.109764 -97.680001 
0.212000 -10.250332 -0.018959 -24.629196 266.774208 4.127604 -96.807937 
0.213000 -9.977398 -0.014728 -24.727642 267.071564 4.145351 -95.932568 
0.214000 -9.704057 -0.010480 -24.825419 267.362726 4.163070 -95.052815 
0.215000 -9.430528 -0.006212 -24.922066 267.644320 4.180690 -94.170000 
0.216000 -9.156611 -0.001929 -25.018037 267.919616 4.198278 -93.283030 
0.217000 -8.882518 0.002375 -25.112869 268.185224 4.215760 -92.393245 
0.218000 -8.608058 0.006694 -25.207020 268.444444 4.233206 -91.499539 
0.219000 -8.333436 0.011034 -25.300024 268.693866 4.250541 -90.603273 
0.220000 -8.058465 0.015389 -25.392342 268.936818 4.267834 -89.703322 
0.221000 -7.783346 0.019763 -25.483506 269.169878 4.285011 -88.801068 
0.222000 -7.507899 0.024153 -25.573978 269.396397 4.302141 -87.895371 
0.223000 -7.232316 0.028563 -25.663289 269.612940 4.319151 -86.987634 
0.224000 -6.956426 0.032988 -25.751905 269.822885 4.336109 -86.076695 
0.225000 -6.680413 0.037432 -25.839353 270.022781 4.352941 -85.163981 
0.226000 -6.404115 0.041891 -25.926101 270.216032 4.369718 -84.248310 
0.227000 -6.127707 0.046370 -26.011676 270.399175 4.386363 -83.331134 
0.228000 -5.851034 0.050863 -26.096549 270.575638 4.402948 -82.411244 
0.229000 -5.574265 0.055376 -26.180242 270.741945 4.419398 -81.490119 
0.230000 -5.297252 0.059903 -26.263231 270.901549 4.435784 -80.566525 
0.231000 -5.020156 0.064449 -26.345035 271.050963 4.452029 -79.641968 
0.232000 -4.742837 0.069009 -26.426132 271.193661 4.468207 -78.715186 
0.233000 -4.465450 0.073588 -26.506041 271.326148 4.484239 -77.787712 
0.234000 -4.187860 0.078181 -26.585241 271.451916 4.500200 -76.858257 
0.235000 -3.910216 0.082793 -26.663248 271.567464 4.516012 -75.928380 
0.236000 -3.632390 0.087418 -26.740547 271.676303 4.531749 -74.996763 
0.237000 -3.354523 0.092062 -26.816649 271.774925 4.547333 -74.064996 
0.238000 -3.076494 0.096720 -26.892041 271.866858 4.562838 -73.131726 
0.239000 -2.798439 0.101395 -26.966234 271.948588 4.578187 -72.198574 
0.240000 -2.520244 0.106084 -27.039718 272.023660 4.593454 -71.264155 
0.241000 -2.242036 0.110791 -27.112000 272.088556 4.608560 -70.330119 
0.242000 -1.963708 0.115510 -27.183573 272.146835 4.623583 -69.395048 
0.243000 -1.685380 0.120248 -27.253942 272.194974 4.638441 -68.460623 
0.244000 -1.406953 0.124998 -27.323604 272.236548 4.653212 -67.525390 
0.245000 -1.128541 0.129766 -27.392060 272.268032 4.667816 -66.591062 
0.246000 -0.850050 0.134546 -27.459811 272.293010 4.682331 -65.656148 
0.247000 -0.571586 0.139343 -27.526355 272.307956 4.696676 -64.722393 
0.248000 -0.293064 0.144152 -27.592196 272.316466 4.710929 -63.788269 
0.249000 -0.014583 0.148979 -27.656829 272.315015 4.725009 -62.855555 
0.250000 0.263935 0.153817 -27.720762 272.307205 4.738996 -61.922683 
0.251000 0.542401 0.158672 -27.783487 272.289513 4.752807 -60.991464 
0.252000 0.820883 0.163539 -27.845515 272.265547 4.766523 -60.060293 
0.253000 1.099299 0.168422 -27.906336 272.231789 4.780061 -59.131015 
0.254000 1.377712 0.173316 -27.966463 272.191849 4.793502 -58.201982 
0.255000 1.656047 0.178227 -28.025383 272.142215 4.806764 -57.275074 
0.256000 1.934359 0.183148 -28.083615 272.086500 4.819928 -56.348603 
0.257000 2.212579 0.188086 -28.140640 272.021197 4.832910 -55.424484 
0.258000 2.490757 0.193033 -28.196982 271.949919 4.845792 -54.500986 
0.259000 2.768832 0.197997 -28.252118 271.869166 4.858491 -53.580058 
0.260000 3.046845 0.202971 -28.306576 271.782552 4.871090 -52.659929 
0.261000 3.324743 0.207961 -28.359830 271.686584 4.883505 -51.742582 
0.262000 3.602560 0.212960 -28.412411 271.584873 4.895818 -50.826203 
0.263000 3.880249 0.217975 -28.463791 271.473936 4.907946 -49.912811 
0.264000 4.157839 0.222998 -28.514504 271.357378 4.919972 -49.000549 
0.265000 4.435290 0.228038 -28.564018 271.231729 4.931811 -48.091470 
0.266000 4.712623 0.233086 -28.612872 271.100587 4.943548 -47.183676 
0.267000 4.989806 0.238150 -28.660528 270.960493 4.955098 -46.279254 
0.268000 5.266852 0.243221 -28.707532 270.815037 4.966546 -45.376263 
0.269000 5.543738 0.248308 -28.753342 270.660775 4.977806 -44.476825 
0.270000 5.820468 0.253403 -28.798506 270.501286 4.988963 -43.578956 
0.271000 6.097028 0.258513 -28.842480 270.333139 4.999932 -42.684814 
0.272000 6.373414 0.263630 -28.885815 270.159904 5.010799 -41.792371 
0.273000 6.649619 0.268762 -28.927963 269.978165 5.021477 -40.903819 
0.274000 6.925634 0.273901 -28.969480 269.791477 5.032054 -40.017090 
0.275000 7.201457 0.279055 -29.009815 269.596443 5.042442 -39.134409 
0.276000 7.477073 0.284215 -29.049527 269.396603 5.052728 -38.253665 
0.277000 7.752488 0.289390 -29.088060 269.188576 5.062827 -37.377118 
0.278000 8.027678 0.294571 -29.125979 268.975887 5.072824 -36.502615 
0.279000 8.302657 0.299766 -29.162723 268.755175 5.082634 -35.632449 
0.280000 8.577397 0.304967 -29.198862 268.529945 5.092343 -34.764428 
0.281000 8.851915 0.310182 -29.233831 268.296857 5.101865 -33.900876 
0.282000 9.126177 0.315402 -29.268204 268.059397 5.111287 -33.039560 
0.283000 9.400210 0.320637 -29.301411 267.814247 5.120523 -32.182840 
0.284000 9.673971 0.325876 -29.334032 267.564870 5.129660 -31.328439 
0.285000 9.947494 0.331129 -29.365491 267.307971 5.138611 -30.478752 
0.286000 10.220729 0.336387 -29.396374 267.046991 5.147465 -29.631461 
0.287000 10.493718 0.341658 -29.426100 266.778659 5.156133 -28.788993 
0.288000 10.766405 0.346933 -29.455259 266.506391 5.164706 -27.948992 
0.289000 11.038837 0.352222 -29.483267 266.226941 5.173094 -27.113916 
0.290000 11.310952 0.357514 -29.510719 265.943701 5.181387 -26.281370 
0.291000 11.582805 0.362820 -29.537024 265.653448 5.189497 -25.453844 
0.292000 11.854326 0.368129 -29.562783 265.359548 5.197514 -24.628905 
0.293000 12.125578 0.373451 -29.587400 265.058806 5.205349 -23.809074 
0.294000 12.396484 0.378776 -29.611482 264.754561 5.213091 -22.991881 
0.295000 12.667113 0.384114 -29.634429 264.443642 5.220653 -22.179876 
0.296000 12.937383 0.389454 -29.656850 264.129360 5.228125 -21.370553 
0.297000 13.207370 0.394808 -29.678140 263.808575 5.235417 -20.566492 
0.298000 13.476984 0.400163 -29.698917 263.484566 5.242620 -19.765152 
0.299000 13.746308 0.405531 -29.718569 263.154222 5.249646 -18.969142 
0.300000 14.015246 0.410901 -29.737717 262.820791 5.256584 -18.175885 
0.301000 14.283888 0.416283 -29.755746 262.481191 5.263346 -17.388019 
0.302000 14.552131 0.421667 -29.773283 262.138640 5.270022 -16.602934 
0.303000 14.820072 0.427063 -29.789706 261.790086 5.276525 -15.823295 
0.304000 15.087603 0.432459 -29.805648 261.438713 5.282942 -15.046459 
0.305000 15.354825 0.437868 -29.820482 261.081501 5.289187 -14.275118 
0.306000 15.621626 0.443278 -29.834847 260.721601 5.295350 -13.506597 
0.307000 15.888112 0.448700 -29.848109 260.356023 5.301342 -12.743616 
0.308000 16.154164 0.454122 -29.860913 259.987885 5.307253 -11.983466 
0.309000 16.419897 0.459555 -29.872620 259.614230 5.312995 -11.228896 
0.310000 16.685185 0.464989 -29.883881 259.238139 5.318658 -10.477164 
0.311000 16.950149 0.470434 -29.894051 258.856688 5.324155 -9.731044 
0.312000 17.214657 0.475879 -29.903785 258.472924 5.329573 -8.987766 
0.313000 17.478836 0.481335 -29.912434 258.083957 5.334828 -8.250130 
0.314000 17.742548 0.486791 -29.920660 257.692795 5.340006 -7.515335 
0.315000 18.005927 0.492258 -29.927806 257.296582 5.345022 -6.786205 
0.316000 18.268829 0.497724 -29.934540 256.898292 5.349963 -6.059912 
0.317000 18.531393 0.503201 -29.940202 256.495102 5.354744 -5.339303 
0.318000 18.793470 0.508677 -29.945462 256.089947 5.359453 -4.621524 
0.319000 19.055206 0.514163 -29.949655 255.680040 5.364003 -3.909444 
0.320000 19.316445 0.519648 -29.953458 255.268279 5.368483 -3.200182 
0.321000 19.577338 0.525144 -29.956200 254.851912 5.372806 -2.496631 
0.322000 19.837725 0.530638 -29.958565 254.433797 5.377060 -1.795883 
0.323000 20.097763 0.536142 -29.959874 254.011218 5.381160 -1.100853 
0.324000 20.357286 0.541645 -29.960816 253.586996 5.385194 -0.408609 
0.325000 20.616456 0.547157 -29.960709 253.158451 5.389074 0.277914 
0.326000 20.875102 0.552668 -29.960248 252.728362 5.392890 0.961669 
0.327000 21.133393 0.558188 -29.958742 252.294087 5.396556 1.639704 
0.328000 21.391150 0.563706 -29.956894 251.858367 5.400159 2.314994 
0.329000 21.648550 0.569234 -29.954007 251.418595 5.403613 2.984567 
0.330000 21.905408 0.574759 -29.950789 250.977472 5.407006 3.651419 
0.331000 22.161905 0.580293 -29.946539 250.532428 5.410252 4.312560 
0.332000 22.417853 0.585825 -29.941968 250.086124 5.413440 4.971008 
0.333000 22.673437 0.591366 -29.936371 249.636029 5.416483 5.623753 
0.334000 22.928465 0.596904 -29.930465 249.184762 5.419468 6.273834 
0.335000 23.183126 0.602451 -29.923538 248.729830 5.422311 6.918224 
0.336000 23.437223 0.607995 -29.916315 248.273810 5.425099 7.559980 
0.337000 23.690951 0.613548 -29.908075 247.814248 5.427746 8.196060 
0.338000 23.944108 0.619097 -29.899550 247.353680 5.430339 8.829539 
0.339000 24.196895 0.624655 -29.890015 246.889690 5.432795 9.457357 
0.340000 24.449102 0.630209 -29.880206 246.424774 5.435197 10.082608 
0.341000 24.700938 0.635773 -29.869391 245.956552 5.437464 10.702218 
0.342000 24.952188 0.641331 -29.858315 245.487480 5.439680 11.319295 
0.343000 25.203064 0.646899 -29.846239 245.015217 5.441763 11.930752 
0.344000 25.453348 0.652462 -29.833912 244.542177 5.443796 12.539712 
0.345000 25.703256 0.658034 -29.820590 244.066057 5.445697 13.143075 
0.346000 25.952567 0.663601 -29.807029 243.589231 5.447551 13.743980 
0.347000 26.201500 0.669176 -29.792477 243.109434 5.449275 14.339310 
0.348000 26.449829 0.674747 -29.777699 242.628997 5.450953 14.932221 
0.349000 26.697779 0.680326 -29.761935 242.145696 5.452503 15.519585 
0.350000 26.945119 0.685899 -29.745955 241.661819 5.454009 16.104567 
0.351000 27.192080 0.691482 -29.728994 241.175182 5.455389 16.684030 
0.352000 27.438425 0.697058 -29.711829 240.688031 5.456726 17.261152 
0.353000 27.684389 0.702643 -29.693687 240.198220 5.457940 17.832784 
0.354000 27.929732 0.708222 -29.675353 239.707955 5.459112 18.402115 
0.355000 28.174694 0.713809 -29.656047 239.215128 5.460163 18.965986 
0.356000 28.419029 0.719390 -29.636560 238.721903 5.461173 19.527598 
0.357000 28.662981 0.724980 -29.616105 238.226212 5.462064 20.083780 
0.358000 28.906302 0.730562 -29.595480 237.730177 5.462916 20.637746 
0.359000 29.149240 0.736154 -29.573892 237.231769 5.463650 21.186315 
0.360000 29.391542 0.741738 -29.552145 236.733070 5.464347 21.732708 
0.361000 29.633460 0.747331 -29.529440 236.232087 5.464928 22.273739 
0.362000 29.874737 0.752916 -29.506586 235.730862 5.465473 22.812636 
0.363000 30.115630 0.758510 -29.482778 235.227442 5.465905 23.346205 
0.364000 30.355877 0.764096 -29.458833 234.723827 5.466301 23.877683 
0.365000 30.595739 0.769691 -29.433938 234.218102 5.466586 24.403868 
0.366000 30.834952 0.775277 -29.408916 233.712228 5.466837 24.928005 
0.367000 31.073780 0.780873 -29.382950 233.204327 5.466978 25.446883 
0.368000 31.311954 0.786460 -29.356867 232.696319 5.467087 25.963757 
0.369000 31.549743 0.792055 -29.329843 232.186366 5.467088 26.475409 
0.370000 31.786874 0.797642 -29.302713 231.676345 5.467057 26.985100 
0.371000 32.023619 0.803238 -29.274647 231.164459 5.466920 27.489605 
0.372000 32.259703 0.808824 -29.246485 230.652543 5.466754 27.992191 
0.373000 32.495401 0.814419 -29.217391 230.138839 5.466482 28.489630 
0.374000 32.730435 0.820006 -29.188212 229.625142 5.466182 28.985192 
0.375000 32.965082 0.825600 -29.158104 229.109731 5.465779 29.475645 
0.376000 33.199061 0.831186 -29.127922 228.594361 5.465349 29.964264 
0.377000 33.432655 0.836779 -29.096814 228.077351 5.464817 30.447811 
0.378000 33.665576 0.842363 -29.065643 227.560413 5.464259 30.929567 
0.379000 33.898112 0.847956 -29.033550 227.041906 5.463601 31.406290 
0.380000 34.129973 0.853539 -29.001404 226.523503 5.462918 31.881263 
0.381000 34.361449 0.859130 -28.968339 226.003599 5.462137 32.351242 
0.382000 34.592246 0.864711 -28.935232 225.483827 5.461332 32.819514 
0.383000 34.822659 0.870301 -28.901210 224.962621 5.460430 33.282831 
0.384000 35.052390 0.875880 -28.867154 224.441576 5.459505 33.744481 
0.385000 35.281737 0.881468 -28.832188 223.919161 5.458485 34.201216 
0.386000 35.510400 0.887045 -28.797198 223.396931 5.457444 34.656325 
0.387000 35.738679 0.892630 -28.761301 222.873396 5.456308 35.106558 
0.388000 35.966271 0.898205 -28.725391 222.350071 5.455152 35.555207 
0.389000 36.193479 0.903788 -28.688575 221.825501 5.453904 35.999019 
0.390000 36.419998 0.909361 -28.651757 221.301163 5.452636 36.441287 
0.391000 36.646134 0.914941 -28.614038 220.775641 5.451277 36.878757 
0.392000 36.871578 0.920511 -28.576325 220.250371 5.449900 37.314723 
0.393000 37.096639 0.926089 -28.537713 219.723976 5.448433 37.745931 
0.394000 37.321007 0.931656 -28.499118 219.197853 5.446948 38.175675 
0.395000 37.544992 0.937230 -28.459628 218.670660 5.445376 38.600700 
0.396000 37.768281 0.942794 -28.420163 218.143758 5.443786 39.024299 
0.397000 37.991189 0.948365 -28.379806 217.615842 5.442110 39.443219 
0.398000 38.213398 0.953925 -28.339485 217.088233 5.440418 39.860753 
0.399000 38.435226 0.959493 -28.298274 216.559664 5.438641 40.273646 
0.400000 38.656354 0.965049 -28.257109 216.031418 5.436848 40.685191 
0.401000 38.877102 0.970614 -28.215056 215.502263 5.434972 41.092135 
0.402000 39.097148 0.976166 -28.173058 214.973445 5.433082 41.497768 
0.403000 39.316814 0.981727 -28.130175 214.443770 5.431109 41.898839 
0.404000 39.535776 0.987275 -28.087357 213.914446 5.429122 42.298636 
0.405000 39.754360 0.992831 -28.043657 213.384313 5.427054 42.693910 
0.406000 39.972238 0.998376 -28.000030 212.854543 5.424974 43.087947 
0.407000 40.189738 1.003928 -27.955523 212.324013 5.422813 43.477500 
0.408000 40.406530 1.009468 -27.911100 211.793855 5.420641 43.865851 
0.409000 40.622946 1.015015 -27.865799 211.262986 5.418390 44.249757 
0.410000 40.838653 1.020551 -27.820590 210.732499 5.416127 44.632497 
0.411000 41.053983 1.026094 -27.774507 210.201345 5.413787 45.010829 
0.412000 41.268604 1.031624 -27.728524 209.670583 5.411436 45.388031 
0.413000 41.482849 1.037162 -27.681669 209.139198 5.409010 45.760863 
0.414000 41.696382 1.042688 -27.634924 208.608213 5.406573 46.132599 
0.415000 41.909541 1.048221 -27.587308 208.076649 5.404061 46.500004 
0.416000 42.121987 1.053741 -27.539811 207.545491 5.401540 46.866346 
0.417000 42.334060 1.059269 -27.491447 207.013797 5.398946 47.228394 
0.418000 42.545418 1.064785 -27.443209 206.482514 5.396342 47.589413 
0.419000 42.756404 1.070307 -27.394106 205.950737 5.393666 47.946175 
0.420000 42.966675 1.075817 -27.345139 205.419376 5.390981 48.301941 
0.421000 43.176574 1.081334 -27.295308 204.887561 5.388226 48.653488 
0.422000 43.385757 1.086838 -27.245622 204.356167 5.385462 49.004070 
0.423000 43.594569 1.092350 -27.195074 203.824357 5.382629 49.350470 
0.424000 43.802664 1.097848 -27.144679 203.292972 5.379788 49.695936 
0.425000 44.010389 1.103354 -27.093425 202.761210 5.376879 50.037257 
0.426000 44.217397 1.108846 -27.042332 202.229875 5.373962 50.377676 
0.427000 44.424035 1.114346 -26.990381 201.698200 5.370978 50.713986 
0.428000 44.629955 1.119832 -26.938600 201.166954 5.367987 51.049423 
0.429000 44.835507 1.125325 -26.885963 200.635405 5.364930 51.380788 
0.430000 45.040340 1.130805 -26.833505 200.104286 5.361866 51.711310 
0.431000 45.244805 1.136293 -26.780192 199.572899 5.358738 52.037796 
0.432000 45.448551 1.141766 -26.727065 199.041944 5.355604 52.363468 
0.433000 45.651930 1.147247 -26.673086 198.510754 5.352405 52.685139 
0.434000 45.854590 1.152714 -26.619302 197.979997 5.349201 53.006024 
0.435000 46.056883 1.158189 -26.564666 197.449039 5.345934 53.322944 
0.436000 46.258457 1.163649 -26.510234 196.918513 5.342662 53.639107 
0.437000 46.459665 1.169117 -26.454952 196.387819 5.339328 53.951340 
0.438000 46.660153 1.174570 -26.399880 195.857555 5.335990 54.262842 
0.439000 46.860277 1.180031 -26.343961 195.327157 5.332590 54.570449 
0.440000 47.059680 1.185477 -26.288261 194.797186 5.329186 54.877353 
0.441000 47.258720 1.190931 -26.231714 194.267113 5.325722 55.180395 
0.442000 47.457039 1.196371 -26.175393 193.737465 5.322255 55.482761 
0.443000 47.654995 1.201818 -26.118228 193.207745 5.318728 55.781299 
0.444000 47.852231 1.207250 -26.061297 192.678448 5.315198 56.079187 
0.445000 48.049105 1.212689 -26.003522 192.149109 5.311609 56.373280 
0.446000 48.245257 1.218114 -25.945990 191.620189 5.308018 56.666749 
0.447000 48.441049 1.223547 -25.887615 191.091257 5.304369 56.956457 
0.448000 48.636120 1.228964 -25.829490 190.562740 5.300718 57.245565 
0.449000 48.830831 1.234389 -25.770523 190.034240 5.297010 57.530945 
0.450000 49.024821 1.239799 -25.711814 189.506151 5.293300 57.815750 
0.451000 49.218451 1.245216 -25.652265 188.978106 5.289535 58.096860 
0.452000 49.411361 1.250618 -25.592982 188.450469 5.285767 58.377418 
0.453000 49.603912 1.256028 -25.532859 187.922904 5.281945 58.654313 
0.454000 49.795743 1.261422 -25.473009 187.395740 5.278121 58.930680 
0.455000 49.987216 1.266824 -25.412321 186.868676 5.274243 59.203416 
0.456000 50.177969 1.272210 -25.351913 186.342007 5.270364 59.475647 
0.457000 50.368365 1.277604 -25.290668 185.815465 5.266433 59.744279 
0.458000 50.558040 1.282982 -25.229710 185.289313 5.262499 60.012429 
0.459000 50.747360 1.288368 -25.167917 184.763313 5.258514 60.277010 
0.460000 50.935960 1.293738 -25.106418 184.237697 5.254528 60.541131 
0.461000 51.124204 1.299115 -25.044084 183.712258 5.250491 60.801715 
0.462000 51.311729 1.304477 -24.982053 183.187197 5.246453 61.061860 
0.463000 51.498900 1.309847 -24.919187 182.662339 5.242365 61.318500 
0.464000 51.685351 1.315200 -24.856630 182.137850 5.238277 61.574721 
0.465000 51.871449 1.320561 -24.793241 181.613589 5.234139 61.827467 
0.466000 52.056828 1.325906 -24.730167 181.089691 5.230000 62.079815 
0.467000 52.241854 1.331259 -24.666261 180.566044 5.225813 62.328719 
0.468000 52.426162 1.336595 -24.602678 180.042753 5.221626 62.577245 
0.469000 52.610118 1.341939 -24.538264 179.519737 5.217391 62.822356 
0.470000 52.793356 1.347267 -24.474180 178.997069 5.213156 63.067109 
0.471000 52.976243 1.352602 -24.409265 178.474698 5.208874 63.308478 
0.472000 53.158413 1.357921 -24.344687 177.952668 5.204593 63.549507 
0.473000 53.340232 1.363248 -24.279279 177.430958 5.200265 63.787181 
0.474000 53.521334 1.368558 -24.214215 176.909580 5.195937 64.024534 
0.475000 53.702087 1.373876 -24.148322 176.388545 5.191565 64.258562 
0.476000 53.882124 1.379177 -24.082779 175.867833 5.187192 64.492287 
0.477000 54.061811 1.384486 -24.016408 175.347486 5.182775 64.722716 
0.478000 54.240784 1.389778 -23.950394 174.827453 5.178359 64.952860 
0.479000 54.419408 1.395078 -23.883552 174.307808 5.173899 65.179736 
0.480000 54.597317 1.400361 -23.817074 173.788467 5.169439 65.406345 
0.481000 54.774879 1.405651 -23.749768 173.269535 5.164936 65.629714 
0.482000 54.951727 1.410925 -23.682833 172.750898 5.160435 65.852834 
0.483000 55.128228 1.416207 -23.615071 172.232691 5.155891 66.072742 
0.484000 55.304016 1.421471 -23.547686 171.714770 5.151347 66.292417 
0.485000 55.479457 1.426743 -23.479475 171.197299 5.146763 66.508908 
0.486000 55.654187 1.431999 -23.411647 170.680105 5.142179 66.725183 
0.487000 55.828570 1.437261 -23.342994 170.163381 5.137555 66.938301 
0.488000 56.002243 1.442507 -23.274730 169.646924 5.132931 67.151219 
0.489000 56.175570 1.447760 -23.205641 169.130957 5.128268 67.361008 
0.490000 56.348188 1.452997 -23.136948 168.615247 5.123606 67.570613 
0.491000 56.520460 1.458240 -23.067430 168.100048 5.118904 67.777115 
0.492000 56.692024 1.463467 -22.998315 167.585094 5.114203 67.983449 
0.493000 56.863243 1.468701 -22.928375 167.070672 5.109464 68.186707 
0.494000 57.033754 1.473918 -22.858845 166.556484 5.104727 68.389811 
0.495000 57.203921 1.479142 -22.788489 166.042847 5.099951 68.589866 
0.496000 57.373382 1.484350 -22.718549 165.529434 5.095177 68.789782 
0.497000 57.542499 1.489564 -22.647785 165.016590 5.090365 68.986676 
0.498000 57.710911 1.494762 -22.577442 164.503960 5.085555 69.183445 
0.499000 57.878980 1.499966 -22.506275 163.991919 5.080708 69.377218 
0.500000 58.046344 1.505154 -22.435536 163.480080 5.075863 69.570880 
0.501000 58.213366 1.510349 -22.363973 162.968848 5.070981 69.761572 
0.502000 58.379685 1.515526 -22.292844 162.457808 5.066102 69.952166 
0.503000 58.545661 1.520711 -22.220891 161.947394 5.061187 70.139816 
0.504000 58.710936 1.525878 -22.149379 161.437159 5.056273 70.327383 
0.505000 58.875869 1.531053 -22.077042 160.927569 5.051325 70.512030 
0.506000 59.040101 1.536210 -22.005152 160.418147 5.046379 70.696607 
0.507000 59.203992 1.541375 -21.932438 159.909388 5.041398 70.878291 
0.508000 59.367184 1.546522 -21.860175 159.400786 5.036420 71.059916 
0.509000 59.530034 1.551677 -21.787090 158.892864 5.031408 71.238674 
0.510000 59.692187 1.556814 -21.714462 158.385088 5.026397 71.417386 
0.511000 59.853999 1.561958 -21.641011 157.878010 5.021354 71.593255 
0.512000 60.015115 1.567084 -21.568024 157.371065 5.016313 71.769091 
0.513000 60.175889 1.572218 -21.494213 156.864836 5.011239 71.942108 
0.514000 60.335970 1.577335 -21.420871 156.358730 5.006167 72.115105 
0.515000 60.495709 1.582458 -21.346707 155.853356 5.001064 72.285308 
0.516000 60.654756 1.587564 -21.273017 155.348093 4.995963 72.455501 
0.517000 60.813462 1.592677 -21.198505 154.843579 4.990830 72.622925 
0.518000 60.971477 1.597772 -21.124473 154.339164 4.985700 72.790351 
0.519000 61.129151 1.602875 -21.049617 153.835517 4.980539 72.955033 
0.520000 61.286136 1.607959 -20.975249 153.331955 4.975380 73.119728 
0.521000 61.442780 1.613052 -20.900057 152.829178 4.970191 73.281703 
0.522000 61.598736 1.618126 -20.825356 152.326475 4.965004 73.443701 
0.523000 61.754352 1.623207 -20.749833 151.824573 4.959789 73.603004 
0.524000 61.909282 1.628271 -20.674807 151.322733 4.954574 73.762340 
0.525000 62.063872 1.633341 -20.598958 150.821711 4.949332 73.919005 
0.526000 62.217776 1.638394 -20.523611 150.320738 4.944091 74.075715 
0.527000 62.371341 1.643454 -20.447441 149.820600 4.938822 74.229777 
0.528000 62.524223 1.648496 -20.371780 149.320499 4.933555 74.383894 
0.529000 62.676765 1.653545 -20.295295 148.821249 4.928261 74.535387 
0.530000 62.828626 1.658576 -20.219323 148.322023 4.922968 74.686945 
0.531000 62.980146 1.663615 -20.142528 147.823665 4.917649 74.835902 
0.532000 63.130988 1.668635 -20.066252 147.325319 4.912332 74.984934 
0.533000 63.281489 1.673663 -19.989152 146.827857 4.906988 75.131389 
0.534000 63.431313 1.678672 -19.912577 146.330393 4.901646 75.277929 
0.535000 63.580797 1.683689 -19.835177 145.833831 4.896279 75.421915 
0.536000 63.729605 1.688687 -19.758307 145.337254 4.890913 75.565995 
0.537000 63.878073 1.693693 -19.680612 144.841595 4.885523 75.707544 
0.538000 64.025868 1.698680 -19.603453 144.345908 4.880133 75.849197 
0.539000 64.173322 1.703675 -19.525469 143.851155 4.874720 75.988343 
0.540000 64.320104 1.708651 -19.448024 143.356362 4.869308 76.127601 
0.541000 64.466547 1.713634 -19.369755 142.862518 4.863873 76.264376 
0.542000 64.612319 1.718599 -19.292031 142.368622 4.858438 76.401271 
0.543000 64.757751 1.723572 -19.213482 141.875691 4.852981 76.535706 
0.544000 64.902515 1.728526 -19.135483 141.382694 4.847525 76.670271 
0.545000 65.046938 1.733487 -19.056659 140.890678 4.842047 76.802398 
0.546000 65.190696 1.738430 -18.978390 140.398583 4.836570 76.934663 
0.547000 65.334113 1.743380 -18.899295 139.907486 4.831071 77.064514 
0.548000 65.476866 1.748311 -18.820760 139.416297 4.825573 77.194512 
0.549000 65.619279 1.753250 -18.741400 138.926120 4.820054 77.322118 
0.550000 65.761029 1.758171 -18.662604 138.435839 4.814536 77.449879 
0.551000 65.902439 1.763098 -18.582982 137.946587 4.808998 77.575272 
0.552000 66.043188 1.768007 -18.503929 137.457216 4.803460 77.700828 
0.553000 66.183597 1.772923 -18.424051 136.968889 4.797903 77.824037 
0.554000 66.323348 1.777821 -18.344746 136.480431 4.792346 77.947419 
0.555000 66.462757 1.782726 -18.264615 135.993034 4.786770 78.068477 
0.556000 66.601511 1.787612 -18.185063 135.505491 4.781194 78.189715 
0.557000 66.739924 1.792505 -18.104684 135.019025 4.775600 78.308652 
0.558000 66.877682 1.797380 -18.024889 134.532400 4.770006 78.427776 
0.559000 67.015099 1.802262 -17.944266 134.046868 4.764395 78.544623 
0.560000 67.151865 1.807125 -17.864232 133.561163 4.758783 78.661665 
0.561000 67.288289 1.811996 -17.783369 133.076566 4.753154 78.776452 
0.562000 67.424063 1.816847 -17.703100 132.591783 4.747526 78.891442 
0.563000 67.559495 1.821706 -17.622003 132.108124 4.741881 79.004199 
0.564000 67.694280 1.826546 -17.541503 131.624265 4.736235 79.117167 
0.565000 67.828723 1.831394 -17.460175 131.141546 4.730574 79.227925 
0.566000 67.962520 1.836222 -17.379448 130.658613 4.724913 79.338902 
0.567000 68.095975 1.841058 -17.297893 130.176836 4.719236 79.447691 
0.568000 68.228787 1.845875 -17.216944 129.694832 4.713559 79.556707 
0.569000 68.361256 1.850700 -17.135166 129.213999 4.707867 79.663557 
0.570000 68.493085 1.855505 -17.053998 128.732925 4.702174 79.770642 
0.571000 68.624569 1.860318 -16.972001 128.253037 4.696468 79.875584 
0.572000 68.755417 1.865111 -16.890619 127.772895 4.690761 79.980768 
0.573000 68.885919 1.869912 -16.808406 127.293955 4.685040 80.083832 
0.574000 69.015787 1.874694 -16.726814 126.814746 4.679318 80.187145 
0.575000 69.145309 1.879483 -16.644390 126.336756 4.673584 80.288361 
0.576000 69.274199 1.884253 -16.562590 125.858483 4.667849 80.389834 
0.577000 69.402743 1.889031 -16.479958 125.381444 4.662102 80.489232 
0.578000 69.530657 1.893789 -16.397955 124.904107 4.656353 80.588894 
0.579000 69.658225 1.898555 -16.315120 124.428021 4.650593 80.686506 
0.580000 69.785165 1.903302 -16.232917 123.951623 4.644832 80.784388 
0.581000 69.911759 1.908056 -16.149881 123.476492 4.639059 80.880242 
0.582000 70.037727 1.912791 -16.067483 123.001034 4.633286 80.976374 
0.583000 70.163348 1.917533 -15.984250 122.526858 4.627502 81.070502 
0.584000 70.288347 1.922256 -15.901659 122.052341 4.621717 81.164915 
0.585000 70.412997 1.926986 -15.818234 121.579123 4.615921 81.257346 
0.586000 70.537028 1.931697 -15.735453 121.105550 4.610125 81.350070 
0.587000 70.660709 1.936416 -15.651838 120.633291 4.604319 81.440836 
0.588000 70.783774 1.941115 -15.568872 120.160661 4.598511 81.531902 
0.589000 70.906489 1.945822 -15.485071 119.689362 4.592695 81.621033 
0.590000 71.028589 1.950509 -15.401923 119.217678 4.586877 81.710471 
0.591000 71.150339 1.955204 -15.317938 118.747340 4.581051 81.797998 
0.592000 71.271478 1.959879 -15.234611 118.276603 4.575223 81.885840 
0.593000 71.392265 1.964562 -15.150447 117.807228 4.569388 81.971794 
0.594000 71.512444 1.969226 -15.066944 117.337438 4.563551 82.058070 
0.595000 71.632270 1.973897 -14.982603 116.869027 4.557707 82.142482 
0.596000 71.751491 1.978548 -14.898928 116.400185 4.551861 82.227224 
0.597000 71.870358 1.983207 -14.814414 115.932739 4.546008 82.310125 
0.598000 71.988622 1.987847 -14.730568 115.464847 4.540154 82.393364 
0.599000 72.106532 1.992494 -14.645885 114.998366 4.534294 82.474786 
0.600000 72.223843 1.997121 -14.561873 114.531424 4.528432 82.556554 
0.601000 72.340798 2.001756 -14.477021 114.065910 4.522564 82.636529 
0.602000 72.457156 2.006372 -14.392846 113.599919 4.516694 82.716856 
0.603000 72.573158 2.010995 -14.307830 113.135372 4.510820 82.795416 
0.604000 72.688566 2.015598 -14.223494 112.670332 4.504943 82.874336 
0.605000 72.803616 2.020209 -14.138317 112.206753 4.499062 82.951512 
0.606000 72.918076 2.024801 -14.053823 111.742665 4.493179 83.029056 
0.607000 73.032178 2.029400 -13.968487 111.280053 4.487293 83.104881 
0.608000 73.145691 2.033979 -13.883838 110.816917 4.481404 83.181083 
0.609000 73.258845 2.038566 -13.798347 110.355274 4.475512 83.255589 
0.610000 73.371414 2.043134 -13.713545 109.893090 4.469617 83.330481 
0.611000 73.483623 2.047708 -13.627901 109.432415 4.463721 83.403702 
0.612000 73.595250 2.052264 -13.542949 108.971183 4.457821 83.477316 
0.613000 73.706516 2.056827 -13.457154 108.511477 4.451920 83.549285 
0.614000 73.817202 2.061370 -13.372055 108.051196 4.446016 83.621654 
0.615000 73.927526 2.065921 -13.286112 107.592458 4.440111 83.692404 
0.616000 74.037274 2.070452 -13.200869 107.133128 4.434203 83.763563 
0.617000 74.146659 2.074990 -13.114780 106.675357 4.428295 83.833128 
0.618000 74.255471 2.079510 -13.029395 106.216978 4.422384 83.903110 
0.619000 74.363918 2.084036 -12.943163 105.760174 4.416473 83.971524 
0.620000 74.471795 2.088543 -12.857637 105.302744 4.410559 84.040363 
0.621000 74.579306 2.093057 -12.771265 104.846906 4.404645 84.107659 
0.622000 74.686252 2.097552 -12.685601 104.390424 4.398729 84.175390 
0.623000 74.792829 2.102055 -12.599090 103.935550 4.392814 84.241603 
0.624000 74.898844 2.106538 -12.513292 103.480015 4.386895 84.308260 
0.625000 75.004490 2.111028 -12.426644 103.026104 4.380978 84.373426 
0.626000 75.109576 2.115499 -12.340712 102.571513 4.375058 84.439043 
0.627000 75.214292 2.119977 -12.253930 102.118564 4.369141 84.503196 
0.628000 75.318452 2.124435 -12.167867 101.664915 4.363220 84.567809 
0.629000 75.422240 2.128901 -12.080953 101.212924 4.357303 84.630984 
0.630000 75.525475 2.133348 -11.994761 100.760216 4.351381 84.694629 
0.631000 75.628337 2.137802 -11.907717 100.309181 4.345464 84.756861 
0.632000 75.730650 2.142236 -11.821397 99.857410 4.339542 84.819572 
0.633000 75.832588 2.146678 -11.734225 99.407329 4.333626 84.880898 
0.634000 75.933980 2.151100 -11.647780 98.956490 4.327705 84.942712 
0.635000 76.034996 2.155530 -11.560481 98.507359 4.321789 85.003167 
0.636000 76.135470 2.159940 -11.473912 98.057451 4.315869 85.064119 
0.637000 76.235565 2.164358 -11.386489 97.609266 4.309956 85.123739 
0.638000 76.335122 2.168756 -11.299798 97.160283 4.304037 85.183865 
0.639000 76.434299 2.173161 -11.212252 96.713040 4.298126 85.242687 
0.640000 76.532941 2.177547 -11.125441 96.264978 4.292209 85.302024 
0.641000 76.631202 2.181941 -11.037773 95.818672 4.286300 85.360083 
0.642000 76.728931 2.186315 -10.950843 95.371526 4.280386 85.418667 
0.643000 76.826277 2.190696 -10.863055 94.926151 4.274480 85.476001 
0.644000 76.923095 2.195058 -10.776008 94.479915 4.268569 85.533867 
0.645000 77.019529 2.199427 -10.688102 94.035467 4.262667 85.590512 
0.646000 77.115438 2.203777 -10.600939 93.590134 4.256759 85.647698 
0.647000 77.210960 2.208134 -10.512916 93.146605 4.250861 85.703689 
0.648000 77.305962 2.212472 -10.425639 92.702168 4.244957 85.760231 
0.649000 77.400575 2.216817 -10.337500 92.259552 4.239064 85.815606 
0.650000 77.494672 2.221142 -10.250110 91.816004 4.233164 85.871541 
0.651000 77.588378 2.225475 -10.161857 91.374293 4.227275 85.926335 
0.652000 77.681571 2.229789 -10.074354 90.931626 4.221380 85.981698 
0.653000 77.774372 2.234110 -9.985988 90.490811 4.215497 86.035948 
0.654000 77.866663 2.238411 -9.898374 90.049017 4.209607 86.090776 
0.655000 77.958560 2.242720 -9.809895 89.609090 4.203729 86.144518 
0.656000 78.049952 2.247010 -9.722172 89.168157 4.197845 86.198846 
0.657000 78.140947 2.251306 -9.633582 88.729109 4.191973 86.252116 
0.658000 78.231441 2.255584 -9.545750 88.289029 4.186095 86.305980 
0.659000 78.321536 2.259869 -9.457050 87.850847 4.180230 86.358813 
0.660000 78.411133 2.264134 -9.369109 87.411609 4.174358 86.412249 
0.661000 78.500329 2.268407 -9.280300 86.974285 4.168500 86.464680 
0.662000 78.589032 2.272661 -9.192252 86.535876 4.162634 86.517722 
0.663000 78.677332 2.276921 -9.103335 86.099397 4.156783 86.569786 
0.664000 78.765142 2.281163 -9.015180 85.661806 4.150924 86.622468 
0.665000 78.852547 2.285412 -8.926155 85.226159 4.145081 86.674200 
0.666000 78.939466 2.289642 -8.837895 84.789372 4.139230 86.726557 
0.667000 79.025977 2.293878 -8.748762 84.354546 4.133394 86.777990 
0.668000 79.112006 2.298096 -8.660397 83.918549 4.127551 86.830055 
0.669000 79.197626 2.302321 -8.571158 83.484529 4.121723 86.881222 
0.670000 79.282768 2.306527 -8.482688 83.049308 4.115887 86.933028 
0.671000 79.367497 2.310740 -8.393343 82.616079 4.110069 86.983961 
0.672000 79.451753 2.314934 -8.304769 82.181619 4.104241 87.035540 
0.673000 79.535593 2.319135 -8.215318 81.749166 4.098431 87.086272 
0.674000 79.618964 2.323317 -8.126640 81.315451 4.092611 87.137655 
0.675000 79.701918 2.327506 -8.037085 80.883758 4.086810 87.188217 
0.676000 79.784406 2.331676 -7.948304 80.450772 4.080999 87.239435 
0.677000 79.866474 2.335853 -7.858643 80.019822 4.075207 87.289856 
0.678000 79.948080 2.340011 -7.769759 79.587547 4.069405 87.340938 
0.679000 80.029264 2.344177 -7.679994 79.157323 4.063622 87.391248 
0.680000 80.109991 2.348323 -7.591007 78.725741 4.057829 87.442224 
0.681000 80.190292 2.352477 -7.501138 78.296226 4.052056 87.492451 
0.682000 80.270140 2.356611 -7.412047 77.865318 4.046271 87.543348 
0.683000 80.349559 2.360753 -7.322074 77.436493 4.040508 87.593520 
0.684000 80.428530 2.364876 -7.232881 77.006241 4.034733 87.644365 
0.685000 80.507070 2.369006 -7.142804 76.578087 4.028979 87.694508 
0.686000 80.585165 2.373117 -7.053509 76.148470 4.023213 87.745326 
0.687000 80.662826 2.377235 -6.963328 75.720968 4.017469 87.795466 
0.688000 80.740046 2.381334 -6.873930 75.291966 4.011712 87.846283 
0.689000 80.816830 2.385441 -6.783645 74.865095 4.005978 87.896444 
0.690000 80.893177 2.389528 -6.694144 74.436689 4.000231 87.947283 
0.691000 80.969084 2.393623 -6.603756 74.010429 3.994507 87.997488 
0.692000 81.044560 2.397699 -6.514152 73.582596 3.988769 88.048372 
0.693000 81.119592 2.401782 -6.423659 73.156926 3.983055 88.098643 
0.694000 81.194197 2.405846 -6.333953 72.729645 3.977326 88.149593 
0.695000 81.268355 2.409917 -6.243356 72.304544 3.971622 88.199951 
0.696000 81.342091 2.413970 -6.153547 71.877794 3.965903 88.250988 
0.697000 81.415376 2.418029 -6.062845 71.453241 3.960209 88.301453 
0.698000 81.488243 2.422070 -5.972933 71.026998 3.954499 88.352595 
0.699000 81.560656 2.426117 -5.882127 70.602971 3.948814 88.403186 
