0.000000 -55.979958 -0.563243 7.369992 155.678040 1.412967 -164.243730 
0.001000 -55.820744 -0.561798 7.202017 156.093834 1.418837 -164.281243 
0.002000 -55.660680 -0.560341 7.033967 156.513023 1.424793 -164.316602 
0.003000 -55.500609 -0.558884 6.865920 156.932235 1.430750 -164.351931 
0.004000 -55.339687 -0.557415 6.697797 157.354852 1.436793 -164.385074 
0.005000 -55.178751 -0.555945 6.529683 157.777515 1.442839 -164.418155 
0.006000 -55.016965 -0.554464 6.361492 158.203594 1.448972 -164.449015 
0.007000 -54.855158 -0.552981 6.193315 158.629742 1.455107 -164.479781 
0.008000 -54.692500 -0.551487 6.025061 159.059315 1.461331 -164.508291 
0.009000 -54.529814 -0.549992 5.856826 159.488980 1.467558 -164.536673 
0.010000 -54.366277 -0.548486 5.688514 159.922081 1.473874 -164.562763 
0.011000 -54.202705 -0.546978 5.520225 160.355296 1.480195 -164.588691 
0.012000 -54.038282 -0.545458 5.351860 160.791957 1.486605 -164.612289 
0.013000 -53.873818 -0.543937 5.183523 161.228756 1.493020 -164.635689 
0.014000 -53.708501 -0.542404 5.015110 161.669010 1.499526 -164.656722 
0.015000 -53.543136 -0.540870 4.846730 162.109424 1.506038 -164.677521 
0.016000 -53.376919 -0.539324 4.678275 162.553303 1.512642 -164.695912 
0.017000 -53.210645 -0.537776 4.509857 162.997366 1.519252 -164.714031 
0.018000 -53.043520 -0.536216 4.341365 163.444902 1.525955 -164.729703 
0.019000 -52.876331 -0.534655 4.172915 163.892645 1.532665 -164.745063 
0.020000 -52.708290 -0.533081 4.004391 164.343871 1.539469 -164.757934 
0.021000 -52.540178 -0.531506 3.835915 164.795326 1.546281 -164.770453 
0.022000 -52.371214 -0.529918 3.667366 165.250273 1.553187 -164.780442 
0.023000 -52.202171 -0.528329 3.498869 165.705471 1.560103 -164.790035 
0.024000 -52.032276 -0.526727 3.330300 166.164170 1.567113 -164.797054 
0.025000 -51.862295 -0.525123 3.161789 166.623144 1.574135 -164.803634 
0.026000 -51.691461 -0.523507 2.993207 167.085626 1.581252 -164.807595 
0.027000 -51.520534 -0.521889 2.824688 167.548404 1.588380 -164.811072 
0.028000 -51.348753 -0.520259 2.656098 168.014699 1.595605 -164.811882 
0.029000 -51.176873 -0.518625 2.487578 168.481313 1.602843 -164.812160 
0.030000 -51.004137 -0.516980 2.318988 168.951451 1.610178 -164.809724 
0.031000 -50.831295 -0.515332 2.150472 169.421929 1.617528 -164.806705 
0.032000 -50.657597 -0.513672 1.981888 169.895939 1.624975 -164.800920 
0.033000 -50.483786 -0.512008 1.813384 170.370310 1.632437 -164.794498 
0.034000 -50.309118 -0.510332 1.644813 170.848220 1.639998 -164.785254 
0.035000 -50.134329 -0.508654 1.476328 171.326511 1.647575 -164.775312 
0.036000 -49.958682 -0.506962 1.307778 171.808347 1.655252 -164.762485 
0.037000 -49.782908 -0.505268 1.139319 172.290586 1.662947 -164.748887 
0.038000 -49.606275 -0.503561 0.970797 172.776374 1.670741 -164.732320 
0.039000 -49.429507 -0.501851 0.802372 173.262582 1.678555 -164.714880 
0.040000 -49.251880 -0.500128 0.633885 173.752344 1.686470 -164.694336 
0.041000 -49.074110 -0.498401 0.465502 174.242544 1.694404 -164.672720 
0.042000 -48.895480 -0.496662 0.297059 174.736296 1.702441 -164.647684 
0.043000 -48.716700 -0.494919 0.128727 175.230494 1.710498 -164.621016 
0.044000 -48.537059 -0.493163 -0.039661 175.728232 1.718659 -164.589928 
0.045000 -48.357261 -0.491403 -0.207929 176.226402 1.726841 -164.555745 
0.046000 -48.176601 -0.489631 -0.376247 176.728068 1.735125 -164.516200 
0.047000 -47.995777 -0.487854 -0.544434 177.230135 1.743432 -164.474211 
0.048000 -47.814090 -0.486065 -0.712667 177.735663 1.751842 -164.428136 
0.049000 -47.632232 -0.484271 -0.880760 178.241586 1.760276 -164.380486 
0.050000 -47.449511 -0.482465 -1.048894 178.750955 1.768813 -164.329198 
0.051000 -47.266611 -0.480653 -1.216883 179.260723 1.777374 -164.276539 
0.052000 -47.082846 -0.478829 -1.384910 179.773927 1.786039 -164.220329 
0.053000 -46.898897 -0.477000 -1.552783 180.287537 1.794730 -164.162766 
0.054000 -46.714082 -0.475158 -1.720692 180.804576 1.803527 -164.101642 
0.055000 -46.529075 -0.473311 -1.888440 181.322026 1.812349 -164.039131 
0.056000 -46.343201 -0.471451 -2.056222 181.842896 1.821278 -163.973019 
0.057000 -46.157129 -0.469586 -2.223835 182.364182 1.830234 -163.905465 
0.058000 -45.970189 -0.467707 -2.391478 182.888880 1.839298 -163.834256 
0.059000 -45.783043 -0.465824 -2.558945 183.413999 1.848390 -163.761541 
0.060000 -45.595030 -0.463927 -2.726440 183.942517 1.857590 -163.685111 
0.061000 -45.406803 -0.462024 -2.893751 184.471460 1.866819 -163.607106 
0.062000 -45.217707 -0.460108 -3.061086 185.003791 1.876158 -163.525323 
0.063000 -45.028392 -0.458186 -3.228229 185.536548 1.885527 -163.441891 
0.064000 -44.838206 -0.456252 -3.395394 186.072680 1.895006 -163.354615 
0.065000 -44.647794 -0.454310 -3.562359 186.609238 1.904517 -163.265615 
0.066000 -44.456511 -0.452356 -3.729341 187.149156 1.914138 -163.172702 
0.067000 -44.264995 -0.450395 -3.896116 187.689498 1.923793 -163.077987 
0.068000 -44.072607 -0.448421 -4.062905 188.233184 1.933559 -162.979287 
0.069000 -43.879978 -0.446440 -4.229478 188.777291 1.943359 -162.878706 
0.070000 -43.686477 -0.444446 -4.396061 189.324723 1.953272 -162.774069 
0.071000 -43.492729 -0.442445 -4.562420 189.872571 1.963219 -162.667468 
0.072000 -43.298107 -0.440430 -4.728785 190.423724 1.973280 -162.556736 
0.073000 -43.103231 -0.438409 -4.894918 190.975286 1.983378 -162.443956 
0.074000 -42.907482 -0.436374 -5.061052 191.530131 1.993589 -162.326971 
0.075000 -42.711471 -0.434331 -5.226945 192.085375 2.003838 -162.207851 
0.076000 -42.514585 -0.432275 -5.392836 192.643879 2.014202 -162.084449 
0.077000 -42.317432 -0.430211 -5.558477 193.202770 2.024605 -161.958825 
0.078000 -42.119404 -0.428134 -5.724110 193.764894 2.035123 -161.828839 
0.079000 -41.921101 -0.426048 -5.889485 194.327393 2.045681 -161.696542 
0.080000 -41.721922 -0.423949 -6.054848 194.893095 2.056355 -161.559804 
0.081000 -41.522462 -0.421842 -6.219944 195.459156 2.067071 -161.420661 
0.082000 -41.322125 -0.419721 -6.385022 196.028390 2.077903 -161.276998 
0.083000 -41.121501 -0.417592 -6.549824 196.597963 2.088778 -161.130837 
0.084000 -40.919999 -0.415449 -6.714603 197.170676 2.099771 -160.980072 
0.085000 -40.718203 -0.413297 -6.879096 197.743706 2.110806 -160.826714 
0.086000 -40.515529 -0.411131 -7.043562 198.319840 2.121961 -160.668669 
0.087000 -40.312555 -0.408957 -7.207732 198.896267 2.133159 -160.507934 
0.088000 -40.108702 -0.406768 -7.371869 199.475760 2.144477 -160.342428 
0.089000 -39.904542 -0.404570 -7.535700 200.055518 2.155841 -160.174132 
0.090000 -39.699503 -0.402359 -7.699493 200.638300 2.167324 -160.000978 
0.091000 -39.494152 -0.400137 -7.862970 201.221315 2.178854 -159.824935 
0.092000 -39.287920 -0.397902 -8.026403 201.807312 2.190504 -159.643948 
0.093000 -39.081370 -0.395657 -8.189510 202.393507 2.202202 -159.459970 
0.094000 -38.873940 -0.393398 -8.352566 202.982636 2.214021 -159.270959 
0.095000 -38.666184 -0.391128 -8.515286 203.571926 2.225888 -159.078853 
0.096000 -38.457549 -0.388845 -8.677950 204.164098 2.237877 -158.881626 
0.097000 -38.248582 -0.386551 -8.840267 204.756391 2.249916 -158.681199 
0.098000 -38.038735 -0.384243 -9.002520 205.351513 2.262077 -158.475561 
0.099000 -37.828551 -0.381924 -9.164416 205.946709 2.274288 -158.266617 
0.100000 -37.617487 -0.379591 -9.326242 206.544677 2.286622 -158.052372 
0.101000 -37.406080 -0.377247 -9.487701 207.142671 2.299007 -157.834713 
0.102000 -37.193792 -0.374888 -9.649081 207.743375 2.311515 -157.611662 
0.103000 -36.981156 -0.372519 -9.810083 208.344051 2.324076 -157.385088 
0.104000 -36.767640 -0.370135 -9.971001 208.947373 2.336760 -157.153031 
0.105000 -36.553770 -0.367739 -10.131528 209.550611 2.349496 -156.917341 
0.106000 -36.339020 -0.365329 -10.291963 210.156425 2.362357 -156.676076 
0.107000 -36.123911 -0.362907 -10.451997 210.762092 2.375271 -156.431068 
0.108000 -35.907922 -0.360470 -10.611931 211.370263 2.388310 -156.180392 
0.109000 -35.691569 -0.358022 -10.771452 211.978222 2.401402 -155.925863 
0.110000 -35.474337 -0.355559 -10.930866 212.588607 2.414619 -155.665572 
0.111000 -35.256736 -0.353083 -11.089854 213.198708 2.427891 -155.401317 
0.112000 -35.038255 -0.350592 -11.248727 213.811155 2.441288 -155.131207 
0.113000 -34.819401 -0.348090 -11.407163 214.423242 2.454740 -154.857021 
0.114000 -34.599668 -0.345571 -11.565476 215.037589 2.468316 -154.576889 
0.115000 -34.379558 -0.343041 -11.723339 215.651494 2.481949 -154.292567 
0.116000 -34.158569 -0.340495 -11.881069 216.267570 2.495706 -154.002207 
0.117000 -33.937199 -0.337936 -12.038339 216.883117 2.509519 -153.707546 
0.118000 -33.714951 -0.335362 -12.195467 217.500741 2.523457 -153.406755 
0.119000 -33.492318 -0.332775 -12.352121 218.117744 2.537451 -153.101551 
0.120000 -33.268808 -0.330172 -12.508624 218.736723 2.551570 -152.790126 
0.121000 -33.044908 -0.327555 -12.664641 219.354985 2.565746 -152.474177 
0.122000 -32.820134 -0.324924 -12.820499 219.975119 2.580046 -152.151917 
0.123000 -32.594966 -0.322278 -12.975856 220.594433 2.594402 -151.825022 
0.124000 -32.368925 -0.319617 -13.131045 221.215509 2.608883 -151.491727 
0.125000 -32.142486 -0.316942 -13.285721 221.835656 2.623420 -151.153687 
0.126000 -31.915177 -0.314251 -13.440219 222.457452 2.638081 -150.809161 
0.127000 -31.687466 -0.311546 -13.594190 223.078203 2.652799 -150.459782 
0.128000 -31.458887 -0.308825 -13.747973 223.700484 2.667639 -150.103830 
0.129000 -31.229904 -0.306089 -13.901216 224.321599 2.682536 -149.742918 
0.130000 -31.000054 -0.303338 -14.054261 224.944120 2.697556 -149.375351 
0.131000 -30.769798 -0.300572 -14.206752 225.565348 2.712632 -149.002719 
0.132000 -30.538678 -0.297789 -14.359034 226.187851 2.727829 -148.623348 
0.133000 -30.307148 -0.294992 -14.510750 226.808930 2.743082 -148.238812 
0.134000 -30.074757 -0.292179 -14.662246 227.431148 2.758455 -147.847458 
0.135000 -29.841954 -0.289350 -14.813161 228.051803 2.773884 -147.450837 
0.136000 -29.608294 -0.286505 -14.963845 228.673456 2.789432 -147.047324 
0.137000 -29.374220 -0.283644 -15.113935 229.293400 2.805035 -146.638447 
0.138000 -29.139292 -0.280767 -15.263783 229.914197 2.820756 -146.222604 
0.139000 -28.903948 -0.277875 -15.413022 230.533133 2.836531 -145.801303 
0.140000 -28.667754 -0.274965 -15.562008 231.152771 2.852424 -145.372968 
0.141000 -28.431142 -0.272040 -15.710371 231.770390 2.868368 -144.939085 
0.142000 -28.193685 -0.269098 -15.858470 232.388554 2.884429 -144.498102 
0.143000 -27.955809 -0.266141 -16.005931 233.004536 2.900541 -144.051484 
0.144000 -27.717092 -0.263166 -16.153117 233.620900 2.916767 -143.597706 
0.145000 -27.477955 -0.260174 -16.299650 234.234912 2.933043 -143.138212 
0.146000 -27.237982 -0.257166 -16.445895 234.849139 2.949432 -142.671501 
0.147000 -26.997589 -0.254142 -16.591473 235.460837 2.965869 -142.198998 
0.148000 -26.756365 -0.251100 -16.736753 236.072578 2.982418 -141.719226 
0.149000 -26.514721 -0.248041 -16.881349 236.681608 2.999012 -141.233590 
0.150000 -26.272251 -0.244966 -17.025635 237.290504 3.015716 -140.740639 
0.151000 -26.029361 -0.241873 -17.169224 237.896501 3.032465 -140.241760 
0.152000 -25.785651 -0.238763 -17.312489 238.502180 3.049320 -139.735526 
0.153000 -25.541523 -0.235636 -17.455042 239.104768 3.066218 -139.223303 
0.154000 -25.296581 -0.232491 -17.597260 239.706851 3.083221 -138.703691 
0.155000 -25.051221 -0.229329 -17.738750 240.305642 3.100264 -138.178039 
0.156000 -24.805054 -0.226150 -17.879892 240.903739 3.117409 -137.644970 
0.157000 -24.558470 -0.222953 -18.020292 241.498338 3.134592 -137.105815 
0.158000 -24.311087 -0.219738 -18.160332 242.092047 3.151874 -136.559222 
0.159000 -24.063289 -0.216506 -18.299614 242.682050 3.169192 -136.006506 
0.160000 -23.814699 -0.213256 -18.438523 243.270963 3.186607 -135.446338 
0.161000 -23.565697 -0.209988 -18.576659 243.855955 3.204054 -134.880017 
0.162000 -23.315910 -0.206702 -18.714410 244.439654 3.221594 -134.306238 
0.163000 -23.065714 -0.203398 -18.851372 245.019214 3.239165 -133.726286 
0.164000 -22.814742 -0.200077 -18.987937 245.597275 3.256825 -133.138878 
0.165000 -22.563363 -0.196737 -19.123698 246.170973 3.274512 -132.545283 
0.166000 -22.311218 -0.193379 -19.259048 246.742963 3.292286 -131.944243 
0.167000 -22.058669 -0.190003 -19.393580 247.310364 3.310084 -131.337014 
0.168000 -21.805363 -0.186609 -19.527688 247.875846 3.327964 -130.722359 
0.169000 -21.551658 -0.183196 -19.660963 248.436509 3.345865 -130.101519 
0.170000 -21.297205 -0.179765 -19.793801 248.995039 3.363845 -129.473283 
0.171000 -21.042358 -0.176315 -19.925790 249.548517 3.381841 -128.838879 
0.172000 -20.786773 -0.172847 -20.057331 250.099649 3.399913 -128.197116 
0.173000 -20.530798 -0.169361 -20.188008 250.645493 3.417997 -127.549211 
0.174000 -20.274096 -0.165856 -20.318223 251.188775 3.436153 -126.893994 
0.175000 -20.017010 -0.162332 -20.447560 251.726533 3.454316 -126.232672 
0.176000 -19.759209 -0.158791 -20.576423 252.261512 3.472548 -125.564095 
0.177000 -19.501028 -0.155230 -20.704392 252.790730 3.490782 -124.889462 
0.178000 -19.242144 -0.151651 -20.831875 253.316952 3.509081 -124.207639 
0.179000 -18.982887 -0.148052 -20.958449 253.837175 3.527378 -123.519820 
0.180000 -18.722940 -0.144436 -21.084525 254.354186 3.545734 -122.824888 
0.181000 -18.462625 -0.140800 -21.209678 254.864962 3.564085 -122.124030 
0.182000 -18.201633 -0.137146 -21.334321 255.372310 3.582490 -121.416146 
0.183000 -17.940281 -0.133472 -21.458026 255.873185 3.600885 -120.702418 
0.184000 -17.678263 -0.129780 -21.581208 256.370421 3.619330 -119.981761 
0.185000 -17.415894 -0.126069 -21.703439 256.860948 3.637759 -119.255354 
0.186000 -17.152874 -0.122339 -21.825136 257.347625 3.656233 -118.522125 
0.187000 -16.889509 -0.118590 -21.945867 257.827360 3.674686 -117.783250 
0.188000 -16.625507 -0.114823 -22.066053 258.303038 3.693180 -117.037672 
0.189000 -16.361170 -0.111036 -22.185259 258.771544 3.711647 -116.286565 
0.190000 -16.096210 -0.107231 -22.303908 259.235788 3.730150 -115.528882 
0.191000 -15.830923 -0.103406 -22.421565 259.692634 3.748621 -114.765798 
0.192000 -15.565028 -0.099564 -22.538653 260.145019 3.767123 -113.996277 
0.193000 -15.298816 -0.095701 -22.654735 260.589784 3.785588 -113.221495 
0.194000 -15.032012 -0.091821 -22.770239 261.029894 3.804077 -112.440423 
0.195000 -14.764899 -0.087920 -22.884724 261.462166 3.822525 -111.654240 
0.196000 -14.497210 -0.084002 -22.998619 261.889594 3.840992 -110.861926 
0.197000 -14.229223 -0.080064 -23.111483 262.308974 3.859410 -110.064663 
0.198000 -13.960677 -0.076108 -23.223748 262.723327 3.877844 -109.261435 
0.199000 -13.691843 -0.072132 -23.334969 263.129426 3.896223 -108.453432 
0.200000 -13.422466 -0.068138 -23.445582 263.530324 3.914612 -107.639640 
0.201000 -13.152811 -0.064125 -23.555138 263.922771 3.932941 -106.821257 
0.202000 -12.882632 -0.060094 -23.664076 264.309847 3.951274 -105.997269 
0.203000 -12.612186 -0.056043 -23.771948 264.688283 3.969541 -105.168883 
0.204000 -12.341232 -0.051974 -23.879191 265.061189 3.987807 -104.335085 
0.205000 -12.070023 -0.047886 -23.985357 265.425273 4.006002 -103.497093 
0.206000 -11.798325 -0.043780 -24.090887 265.783676 4.024190 -102.653891 
0.207000 -11.526383 -0.039655 -24.195328 266.133084 4.042301 -101.806706 
0.208000 -11.253970 -0.035512 -24.299125 266.476670 4.060400 -100.954520 
0.209000 -10.981325 -0.031350 -24.401823 266.811098 4.078416 -100.098572 
0.210000 -10.708228 -0.027170 -24.503869 267.139570 4.096415 -99.237838 
0.211000 -10.434911 -0.022971 -24.604806 267.458734 4.114325 -98.373571 
0.212000 -10.161161 -0.018755 -24.705084 267.771819 4.132212 -97.504739 
0.213000 -9.887204 -0.014518 -24.804245 268.075453 4.150006 -96.632612 
0.214000 -9.612833 -0.010266 -24.902739 268.372896 4.167771 -95.756146 
0.215000 -9.338268 -0.005994 -25.000107 268.660759 4.185437 -94.876629 
0.216000 -9.063308 -0.001705 -25.096802 268.942329 4.203069 -93.993004 
0.217000 -8.788166 0.002603 -25.192362 269.214198 4.220597 -93.106578 
0.218000 -8.512651 0.006928 -25.287245 269.479686 4.238086 -92.216281 
0.219000 -8.236966 0.011272 -25.380984 269.735366 4.255465 -91.323438 
0.220000 -7.960927 0.015632 -25.474040 269.984584 4.272801 -90.426963 
0.221000 -7.684733 0.020012 -25.565945 270.223899 4.290021 -89.528203 
0.222000 -7.408205 0.024407 -25.657163 270.456686 4.307193 -88.626052 
0.223000 -7.131534 0.028822 -25.747223 270.679486 4.324244 -87.721880 
0.224000 -6.854550 0.033252 -25.836591 270.895702 4.341244 -86.814563 
0.225000 -6.577438 0.037702 -25.924796 271.101861 4.358116 -85.905492 
0.226000 -6.300032 0.042166 -26.012305 271.301391 4.374933 -84.993521 
0.227000 -6.022511 0.046650 -26.098644 271.490807 4.391617 -84.080066 
0.228000 -5.744718 0.051149 -26.184284 271.673560 4.408242 -83.163958 
0.229000 -5.466823 0.055667 -26.268749 271.846154 4.424730 -82.246637 
0.230000 -5.188677 0.060199 -26.352513 272.012064 4.441154 -81.326910 
0.231000 -4.910443 0.064751 -26.435097 272.167783 4.457436 -80.406242 
0.232000 -4.631979 0.069317 -26.516978 272.316807 4.473651 -79.483413 
0.233000 -4.353440 0.073901 -26.597674 272.455621 4.489720 -78.559917 
0.234000 -4.074691 0.078500 -26.677667 272.587741 4.505717 -77.634504 
0.235000 -3.795882 0.083118 -26.756470 272.709644 4.521564 -76.708696 
0.236000 -3.516884 0.087749 -26.834568 272.824865 4.537336 -75.781213 
0.237000 -3.237840 0.092398 -26.911475 272.929873 4.552955 -74.853605 
0.238000 -2.958627 0.097061 -26.987676 273.028223 4.568494 -73.924562 
0.239000 -2.679381 0.101743 -27.062682 273.116377 4.583877 -72.995663 
0.240000 -2.399988 0.106437 -27.136983 273.197906 4.599177 -72.065565 
0.241000 -2.120576 0.111150 -27.210086 273.269269 4.614317 -71.135878 
0.242000 -1.841037 0.115875 -27.282486 273.334050 4.629372 -70.205223 
0.243000 -1.561491 0.120619 -27.353686 273.388704 4.644262 -69.275241 
0.244000 -1.281841 0.125375 -27.424183 273.436831 4.659065 -68.344520 
0.245000 -1.002197 0.130149 -27.493479 273.474883 4.673701 -67.414730 
0.246000 -0.722468 0.134935 -27.562075 273.506470 4.688248 -66.484424 
0.247000 -0.442760 0.139738 -27.629468 273.528043 4.702623 -65.555304 
0.248000 -0.162988 0.144554 -27.696163 273.543224 4.716907 -64.625884 
0.249000 0.116752 0.149386 -27.761656 273.548463 4.731018 -63.697900 
0.250000 0.396535 0.154230 -27.826453 273.547390 4.745036 -62.769827 
0.251000 0.676272 0.159092 -27.890047 273.536458 4.758877 -61.843433 
0.252000 0.956033 0.163964 -27.952949 273.519302 4.772623 -60.917156 
0.253000 1.235735 0.168854 -28.014648 273.492378 4.786192 -59.992796 
0.254000 1.515441 0.173754 -28.075659 273.459326 4.799663 -59.068750 
0.255000 1.795076 0.178671 -28.135469 273.416606 4.812955 -58.146853 
0.256000 2.074694 0.183599 -28.194594 273.367861 4.826148 -57.225461 
0.257000 2.354229 0.188543 -28.252519 273.309557 4.839160 -56.306443 
0.258000 2.633728 0.193497 -28.309765 273.245337 4.852072 -55.388115 
0.259000 2.913132 0.198467 -28.365811 273.171673 4.864801 -54.472377 
0.260000 3.192480 0.203447 -28.421184 273.092210 4.877430 -53.557505 
0.261000 3.471721 0.208444 -28.475359 273.003426 4.889875 -52.645435 
0.262000 3.750888 0.213449 -28.528866 272.908963 4.902218 -51.734400 
0.263000 4.029936 0.218471 -28.581178 272.805309 4.914376 -50.826368 
0.264000 4.308891 0.223501 -28.632828 272.696103 4.926433 -49.919532 
0.265000 4.587715 0.228548 -28.683285 272.577841 4.938303 -49.015896 
0.266000 4.866428 0.233602 -28.733086 272.454156 4.950071 -48.113608 
0.267000 5.144999 0.238673 -28.781697 272.321559 4.961652 -47.214706 
0.268000 5.423441 0.243751 -28.829660 272.183672 4.973131 -46.317298 
0.269000 5.701730 0.248845 -28.876436 272.037018 4.984423 -45.423455 
0.270000 5.979872 0.253946 -28.922570 271.885213 4.995612 -44.531243 
0.271000 6.257851 0.259063 -28.967521 271.724792 5.006613 -43.642767 
0.272000 6.535665 0.264187 -29.011838 271.559360 5.017513 -42.756051 
0.273000 6.813305 0.269326 -29.054975 271.385467 5.028225 -41.873234 
0.274000 7.090763 0.274472 -29.097487 271.206705 5.038835 -40.992298 
0.275000 7.368038 0.279632 -29.138822 271.019641 5.049257 -40.115415 
0.276000 7.645113 0.284800 -29.179540 270.827852 5.059578 -39.240527 
0.277000 7.921996 0.289981 -29.219086 270.627924 5.069712 -38.369839 
0.278000 8.198662 0.295169 -29.258023 270.423415 5.079745 -37.501250 
0.279000 8.475126 0.300372 -29.295791 270.210932 5.089591 -36.636999 
0.280000 8.751358 0.305580 -29.332961 269.994015 5.099337 -35.774947 
0.281000 9.027379 0.310802 -29.368966 269.769289 5.108897 -34.917362 
0.282000 9.303151 0.316029 -29.404382 269.540278 5.118357 -34.062065 
0.283000 9.578703 0.321271 -29.438638 269.303625 5.127632 -33.211358 
0.284000 9.853991 0.326518 -29.472313 269.062834 5.136809 -32.363023 
0.285000 10.129051 0.331778 -29.504834 268.814571 5.145800 -31.519392 
0.286000 10.403831 0.337043 -29.536783 268.562318 5.154695 -30.678208 
0.287000 10.678374 0.342322 -29.567584 268.302762 5.163406 -29.841836 
0.288000 10.952624 0.347604 -29.597823 268.039363 5.172021 -29.007979 
0.289000 11.226629 0.352901 -29.626918 267.768832 5.180453 -28.179033 
0.290000 11.500325 0.358201 -29.655461 267.494603 5.188790 -27.352664 
0.291000 11.773769 0.363514 -29.682865 267.213413 5.196946 -26.531298 
0.292000 12.046890 0.368831 -29.709729 266.928671 5.205008 -25.712564 
0.293000 12.319751 0.374160 -29.735458 266.637138 5.212891 -24.898918 
0.294000 12.592276 0.379493 -29.760657 266.342196 5.220681 -24.087953 
0.295000 12.864534 0.384839 -29.784729 266.040634 5.228293 -23.282155 
0.296000 13.136442 0.390187 -29.808279 265.735804 5.235814 -22.479080 
0.297000 13.408076 0.395548 -29.830708 265.424523 5.243158 -21.681242 
0.298000 13.679348 0.400912 -29.852627 265.110115 5.250413 -20.886164 
0.299000 13.950339 0.406288 -29.873429 264.789423 5.257492 -20.096389 
0.300000 14.220954 0.411665 -29.893732 264.465743 5.264484 -19.309405 
0.301000 14.491284 0.417056 -29.912925 264.135945 5.271302 -18.527783 
0.302000 14.761224 0.422448 -29.931629 263.803295 5.278034 -17.748976 
0.303000 15.030873 0.427852 -29.949229 263.464692 5.284594 -16.975584 
0.304000 15.300122 0.433257 -29.966352 263.123372 5.291070 -16.205028 
0.305000 15.569072 0.438674 -29.982375 262.776261 5.297375 -15.439933 
0.306000 15.837610 0.444092 -29.997933 262.426564 5.303599 -14.677690 
0.307000 16.105846 0.449522 -30.012397 262.071238 5.309653 -13.920949 
0.308000 16.373657 0.454953 -30.026407 261.713454 5.315628 -13.167071 
0.309000 16.641161 0.460395 -30.039329 261.350200 5.321435 -12.418731 
0.310000 16.908229 0.465837 -30.051809 260.984614 5.327164 -11.673260 
0.311000 17.174985 0.471291 -30.063206 260.613716 5.332727 -10.933357 
0.312000 17.441295 0.476745 -30.074172 260.240607 5.338214 -10.196326 
0.313000 17.707288 0.482210 -30.084062 259.862341 5.343538 -9.464889 
0.314000 17.972824 0.487675 -30.093532 259.481984 5.348787 -8.736321 
0.315000 18.238039 0.493151 -30.101932 259.096623 5.353875 -8.013370 
0.316000 18.502786 0.498626 -30.109923 258.709287 5.358891 -7.293282 
0.317000 18.767209 0.504112 -30.116849 258.317097 5.363747 -6.578826 
0.318000 19.031154 0.509597 -30.123379 257.923045 5.368531 -5.867226 
0.319000 19.294771 0.515093 -30.128850 257.524286 5.373159 -5.161270 
0.320000 19.557901 0.520587 -30.133936 257.123776 5.377718 -4.458157 
0.321000 19.820698 0.526093 -30.137969 256.718703 5.382121 -3.760697 
0.322000 20.083000 0.531596 -30.141628 256.311987 5.386458 -3.066065 
0.323000 20.344965 0.537110 -30.144241 255.900849 5.390641 -2.377090 
0.324000 20.606425 0.542622 -30.146490 255.488171 5.394758 -1.690925 
0.325000 20.867547 0.548145 -30.147699 255.071211 5.398725 -1.010419 
0.326000 21.128154 0.553665 -30.148557 254.652812 5.402629 -0.332701 
0.327000 21.388420 0.559195 -30.148380 254.230266 5.406383 0.339359 
0.328000 21.648163 0.564723 -30.147863 253.806380 5.410075 1.008655 
0.329000 21.907561 0.570261 -30.146317 253.378479 5.413621 1.672299 
0.330000 22.166430 0.575796 -30.144442 252.949332 5.417107 2.333204 
0.331000 22.424950 0.581342 -30.141544 252.516301 5.420448 2.988465 
0.332000 22.682933 0.586883 -30.138330 252.082114 5.423732 3.641015 
0.333000 22.940565 0.592435 -30.134097 251.644171 5.426872 4.287933 
0.334000 23.197652 0.597984 -30.129559 251.205161 5.429956 4.932169 
0.335000 23.454386 0.603542 -30.124008 250.762519 5.432900 5.570786 
0.336000 23.710567 0.609096 -30.118164 250.318895 5.435789 6.206752 
0.337000 23.966395 0.614660 -30.111313 249.871759 5.438540 6.837116 
0.338000 24.221661 0.620220 -30.104180 249.423724 5.441238 7.464864 
0.339000 24.476572 0.625790 -30.096044 248.972296 5.443799 8.087026 
0.340000 24.730915 0.631355 -30.087638 248.520047 5.446310 8.706607 
0.341000 24.984901 0.636930 -30.078235 248.064521 5.448686 9.320623 
0.342000 25.238312 0.642500 -30.068574 247.608249 5.451012 9.932093 
0.343000 25.491365 0.648080 -30.057920 247.148814 5.453207 10.538021 
0.344000 25.743837 0.653654 -30.047019 246.688706 5.455354 11.141440 
0.345000 25.995948 0.659238 -30.035131 246.225544 5.457370 11.739342 
0.346000 26.247472 0.664817 -30.023007 245.761781 5.459340 12.334773 
0.347000 26.498635 0.670405 -30.009901 245.295069 5.461183 12.924712 
0.348000 26.749205 0.675987 -29.996570 244.827824 5.462980 13.512220 
0.349000 26.999412 0.681579 -29.982263 244.357735 5.464652 14.094264 
0.350000 27.249020 0.687165 -29.967742 243.887176 5.466280 14.673915 
0.351000 27.498265 0.692760 -29.952249 243.413876 5.467785 15.248133 
0.352000 27.746905 0.698349 -29.936553 242.940168 5.469248 15.819998 
0.353000 27.995180 0.703947 -29.919890 242.463817 5.470589 16.386459 
0.354000 28.242846 0.709538 -29.903036 241.987117 5.471890 16.950610 
0.355000 28.490147 0.715139 -29.885219 241.507872 5.473070 17.509388 
0.356000 28.736832 0.720733 -29.867221 241.028334 5.474212 18.065898 
0.357000 28.983152 0.726336 -29.848266 240.546343 5.475236 18.617068 
0.358000 29.228852 0.731932 -29.829142 240.064114 5.476223 19.166010 
0.359000 29.474185 0.737537 -29.809064 239.579525 5.477094 19.709647 
0.360000 29.718893 0.743135 -29.788827 239.094748 5.477929 20.251100 
0.361000 29.963235 0.748742 -29.767642 238.607700 5.478649 20.787281 
0.362000 30.206947 0.754341 -29.746308 238.120513 5.479335 21.321321 
0.363000 30.450293 0.759950 -29.724031 237.631141 5.479909 21.850125 
0.364000 30.693004 0.765550 -29.701615 237.141679 5.480449 22.376829 
0.365000 30.935348 0.771160 -29.678260 236.650114 5.480879 22.898335 
0.366000 31.177054 0.776761 -29.654779 236.158503 5.481277 23.417784 
0.367000 31.418392 0.782371 -29.630361 235.664872 5.481566 23.932071 
0.368000 31.659088 0.787973 -29.605827 235.171238 5.481825 24.444344 
0.369000 31.899417 0.793584 -29.580362 234.675663 5.481977 24.951493 
0.370000 32.139100 0.799186 -29.554791 234.180124 5.482099 25.456671 
0.371000 32.378415 0.804797 -29.528292 233.682722 5.482117 25.956763 
0.372000 32.617080 0.810399 -29.501698 233.185395 5.482106 26.454927 
0.373000 32.855378 0.816010 -29.474181 232.686279 5.481991 26.948043 
0.374000 33.093022 0.821612 -29.446578 232.187275 5.481850 27.439274 
0.375000 33.330300 0.827223 -29.418056 231.686555 5.481607 27.925496 
0.376000 33.566919 0.832825 -29.389459 231.185980 5.481339 28.409875 
0.377000 33.803173 0.838435 -29.359946 230.683761 5.480970 28.889285 
0.378000 34.038766 0.844035 -29.330368 230.181720 5.480576 29.366894 
0.379000 34.273992 0.849645 -29.299878 229.678103 5.480084 29.839574 
0.380000 34.508555 0.855245 -29.269333 229.174694 5.479569 30.310495 
0.381000 34.742752 0.860853 -29.237880 228.669777 5.478957 30.776525 
0.382000 34.976282 0.866451 -29.206382 228.165097 5.478322 31.240839 
0.383000 35.209446 0.872058 -29.173979 227.658973 5.477592 31.700303 
0.384000 35.441941 0.877655 -29.141542 227.153114 5.476841 32.158091 
0.385000 35.674071 0.883261 -29.108202 226.645874 5.475995 32.611069 
0.386000 35.905528 0.888856 -29.074838 226.138925 5.475130 33.062414 
0.387000 36.136621 0.894460 -29.040576 225.630657 5.474172 33.508987 
0.388000 36.367038 0.900053 -29.006298 225.122703 5.473195 33.953968 
0.389000 36.597092 0.905655 -28.971125 224.613489 5.472127 34.394218 
0.390000 36.826468 0.911246 -28.935947 224.104612 5.471041 34.832916 
0.391000 37.055481 0.916845 -28.899877 223.594534 5.469866 35.266924 
0.392000 37.283814 0.922434 -28.863811 223.084814 5.468673 35.699418 
0.393000 37.511784 0.928031 -28.826857 222.573948 5.467392 36.127263 
0.394000 37.739072 0.933617 -28.789916 222.063460 5.466095 36.553634 
0.395000 37.965998 0.939211 -28.752089 221.551882 5.464711 36.975395 
0.396000 38.192240 0.944795 -28.714286 221.040700 5.463312 37.395721 
0.397000 38.418120 0.950386 -28.675599 220.528480 5.461828 37.811479 
0.398000 38.643314 0.955967 -28.636945 220.016673 5.460329 38.225839 
0.399000 38.868148 0.961555 -28.597411 219.503881 5.458746 38.635670 
0.400000 39.092292 0.967132 -28.557919 218.991518 5.457149 39.044142 
0.401000 39.316078 0.972717 -28.517549 218.478219 5.455470 39.448125 
0.402000 39.539173 0.978291 -28.477231 217.965364 5.453778 39.850787 
0.403000 39.761910 0.983872 -28.436037 217.451622 5.452005 40.248998 
0.404000 39.983954 0.989442 -28.394904 216.938337 5.450219 40.645925 
0.405000 40.205641 0.995020 -28.352899 216.424213 5.448354 41.038442 
0.406000 40.426633 1.000587 -28.310963 215.910557 5.446478 41.429710 
0.407000 40.647270 1.006161 -28.268158 215.396110 5.444522 41.816608 
0.408000 40.867210 1.011723 -28.225431 214.882142 5.442556 42.202292 
0.409000 41.086795 1.017293 -28.181836 214.367427 5.440513 42.583646 
0.410000 41.305682 1.022851 -28.138329 213.853201 5.438460 42.963821 
0.411000 41.524215 1.028417 -28.093957 213.338272 5.436330 43.339704 
0.412000 41.742049 1.033971 -28.049681 212.823842 5.434192 43.714443 
0.413000 41.959530 1.039532 -28.004542 212.308751 5.431978 44.084929 
0.414000 42.176311 1.045082 -27.959508 211.794167 5.429756 44.454306 
0.415000 42.392739 1.050638 -27.913615 211.278963 5.427460 44.819467 
0.416000 42.608466 1.056183 -27.867834 210.764273 5.425156 45.183552 
0.417000 42.823842 1.061735 -27.821195 210.249005 5.422779 45.543460 
0.418000 43.038514 1.067275 -27.774678 209.734256 5.420395 45.902325 
0.419000 43.252837 1.072822 -27.727305 209.218968 5.417940 46.257051 
0.420000 43.466456 1.078357 -27.680063 208.704205 5.415478 46.610766 
0.421000 43.679726 1.083899 -27.631967 208.188941 5.412945 46.960380 
0.422000 43.892291 1.089429 -27.584009 207.674208 5.410406 47.309014 
0.423000 44.104508 1.094966 -27.535199 207.159010 5.407799 47.653584 
0.424000 44.316019 1.100490 -27.486537 206.644346 5.405185 47.997206 
0.425000 44.527183 1.106022 -27.437025 206.129254 5.402504 48.336801 
0.426000 44.737641 1.111540 -27.387668 205.614699 5.399817 48.675479 
0.427000 44.947753 1.117067 -27.337463 205.099751 5.397063 49.010166 
0.428000 45.157157 1.122580 -27.287421 204.585343 5.394304 49.343965 
0.429000 45.366216 1.128100 -27.236533 204.070577 5.391480 49.673811 
0.430000 45.574568 1.133607 -27.185817 203.556352 5.388652 50.002798 
0.431000 45.782576 1.139122 -27.134257 203.041802 5.385758 50.327868 
0.432000 45.989874 1.144624 -27.082875 202.527795 5.382861 50.652108 
0.433000 46.196831 1.150133 -27.030651 202.013495 5.379900 50.972466 
0.434000 46.403078 1.155628 -26.978615 201.499738 5.376935 51.292024 
0.435000 46.608983 1.161131 -26.925738 200.985720 5.373909 51.607734 
0.436000 46.814179 1.166620 -26.873055 200.472245 5.370878 51.922671 
0.437000 47.019034 1.172116 -26.819534 199.958541 5.367787 52.233797 
0.438000 47.223179 1.177599 -26.766215 199.445379 5.364692 52.544177 
0.439000 47.426985 1.183089 -26.712059 198.932017 5.361537 52.850780 
0.440000 47.630079 1.188566 -26.658113 198.419196 5.358379 53.156663 
0.441000 47.832836 1.194050 -26.603331 197.906205 5.355162 53.458804 
0.442000 48.034881 1.199519 -26.548767 197.393753 5.351943 53.760252 
0.443000 48.236590 1.204997 -26.493368 196.881160 5.348666 54.057992 
0.444000 48.437587 1.210460 -26.438195 196.369104 5.345386 54.355064 
0.445000 48.638248 1.215930 -26.382189 195.856935 5.342049 54.648461 
0.446000 48.838197 1.221386 -26.326416 195.345299 5.338711 54.941216 
0.447000 49.037812 1.226850 -26.269811 194.833578 5.335316 55.230329 
0.448000 49.236715 1.232299 -26.213446 194.322387 5.331919 55.518825 
0.449000 49.435284 1.237756 -26.156251 193.811137 5.328467 55.803712 
0.450000 49.633141 1.243198 -26.099304 193.300414 5.325014 56.088006 
0.451000 49.830665 1.248648 -26.041527 192.789659 5.321507 56.368724 
0.452000 50.027477 1.254083 -25.984006 192.279426 5.317998 56.648872 
0.453000 50.223958 1.259526 -25.925656 191.769186 5.314436 56.925477 
0.454000 50.419727 1.264953 -25.867569 191.259464 5.310874 57.201534 
0.455000 50.615165 1.270389 -25.808655 190.749760 5.307258 57.474081 
0.456000 50.809891 1.275809 -25.750010 190.240569 5.303642 57.746102 
0.457000 51.004288 1.281237 -25.690540 189.731421 5.299975 58.014645 
0.458000 51.197972 1.286650 -25.631346 189.222780 5.296307 58.282684 
0.459000 51.391329 1.292070 -25.571327 188.714206 5.292588 58.547277 
0.460000 51.583973 1.297475 -25.511592 188.206133 5.288869 58.811387 
0.461000 51.776290 1.302888 -25.451033 187.698151 5.285100 59.072081 
0.462000 51.967895 1.308285 -25.390764 187.190664 5.281332 59.332315 
0.463000 52.159174 1.313691 -25.329673 186.683290 5.277514 59.589163 
0.464000 52.349742 1.319080 -25.268879 186.176406 5.273696 59.845571 
0.465000 52.539984 1.324477 -25.207263 185.669657 5.269830 60.098625 
0.466000 52.729515 1.329859 -25.145952 185.163390 5.265965 60.351258 
0.467000 52.918722 1.335249 -25.083819 184.657281 5.262052 60.600567 
0.468000 53.107217 1.340622 -25.021998 184.151648 5.258140 60.849475 
0.469000 53.295390 1.346004 -24.959356 183.646193 5.254180 61.095090 
0.470000 53.482852 1.351369 -24.897033 183.141207 5.250222 61.340322 
0.471000 53.669992 1.356743 -24.833889 182.636421 5.246218 61.582290 
0.472000 53.856421 1.362100 -24.771071 182.132095 5.242215 61.823894 
0.473000 54.042529 1.367465 -24.707433 181.627991 5.238166 62.062264 
0.474000 54.227927 1.372814 -24.644127 181.124339 5.234119 62.300289 
0.475000 54.413005 1.378171 -24.580003 180.620929 5.230028 62.535108 
0.476000 54.597374 1.383512 -24.516216 180.117963 5.225937 62.769599 
0.477000 54.781423 1.388860 -24.451612 179.615259 5.221803 63.000914 
0.478000 54.964763 1.394193 -24.387353 179.112991 5.217671 63.231919 
0.479000 55.147785 1.399533 -24.322276 178.611004 5.213495 63.459775 
0.480000 55.330098 1.404857 -24.257551 178.109445 5.209321 63.687339 
0.481000 55.512094 1.410188 -24.192009 177.608185 5.205104 63.911782 
0.482000 55.693382 1.415503 -24.126824 177.107345 5.200890 64.135949 
0.483000 55.874354 1.420826 -24.060823 176.606824 5.196633 64.357024 
0.484000 56.054618 1.426133 -23.995187 176.106713 5.192379 64.577838 
0.485000 56.234567 1.431447 -23.928734 175.606940 5.188084 64.795588 
0.486000 56.413809 1.436744 -23.862652 175.107568 5.183790 65.013094 
0.487000 56.592736 1.442050 -23.795755 174.608551 5.179457 65.227562 
0.488000 56.770958 1.447339 -23.729234 174.109926 5.175125 65.441801 
0.489000 56.948865 1.452635 -23.661899 173.611675 5.170754 65.653031 
0.490000 57.126067 1.457915 -23.594946 173.113806 5.166385 65.864046 
0.491000 57.302956 1.463203 -23.527179 172.616328 5.161977 66.072079 
0.492000 57.479141 1.468473 -23.459800 172.119224 5.157572 66.279912 
0.493000 57.655013 1.473752 -23.391608 171.622527 5.153128 66.484789 
0.494000 57.830182 1.479014 -23.323811 171.126194 5.148686 66.689481 
0.495000 58.005038 1.484283 -23.255200 170.630285 5.144207 66.891243 
0.496000 58.179193 1.489536 -23.186990 170.134731 5.139730 67.092833 
0.497000 58.353036 1.494796 -23.117967 169.639618 5.135217 67.291520 
0.498000 58.526178 1.500040 -23.049350 169.144848 5.130705 67.490049 
0.499000 58.699009 1.505291 -22.979921 168.650537 5.126158 67.685701 
0.500000 58.871140 1.510525 -22.910904 168.156560 5.121613 67.881207 
0.501000 59.042961 1.515767 -22.841075 167.663057 5.117032 68.073863 
0.502000 59.214082 1.520991 -22.771664 167.169876 5.112454 68.266386 
0.503000 59.384894 1.526224 -22.701441 166.677187 5.107840 68.456083 
0.504000 59.555008 1.531439 -22.631642 166.184810 5.103230 68.645661 
0.505000 59.724812 1.536662 -22.561032 165.692939 5.098585 68.832438 
0.506000 59.893920 1.541868 -22.490851 165.201371 5.093942 69.019107 
0.507000 60.062719 1.547081 -22.419858 164.710324 5.089266 69.203002 
0.508000 60.230822 1.552277 -22.349301 164.219569 5.084592 69.386800 
0.509000 60.398618 1.557481 -22.277933 163.729352 5.079885 69.567848 
0.510000 60.565718 1.562668 -22.207006 163.239414 5.075181 69.748812 
0.511000 60.732512 1.567862 -22.135267 162.750030 5.070444 69.927051 
0.512000 60.898611 1.573039 -22.063975 162.260915 5.065709 70.105216 
0.513000 61.064404 1.578224 -21.991872 161.772368 5.060943 70.280680 
0.514000 61.229504 1.583391 -21.920221 161.284080 5.056179 70.456083 
0.515000 61.394299 1.588566 -21.847760 160.796374 5.051384 70.628808 
0.516000 61.558401 1.593723 -21.775755 160.308916 5.046592 70.801483 
0.517000 61.722199 1.598888 -21.702940 159.822056 5.041768 70.971504 
0.518000 61.885305 1.604036 -21.630588 159.335431 5.036948 71.141485 
0.519000 62.048107 1.609191 -21.557426 158.849419 5.032097 71.308837 
0.520000 62.210220 1.614328 -21.484732 158.363631 5.027249 71.476158 
0.521000 62.372028 1.619474 -21.411227 157.878470 5.022370 71.640874 
0.522000 62.533148 1.624601 -21.338196 157.393523 5.017495 71.805570 
0.523000 62.693964 1.629737 -21.264354 156.909216 5.012591 71.967684 
0.524000 62.854094 1.634854 -21.190991 156.425112 5.007689 72.129787 
0.525000 63.013920 1.639980 -21.116818 155.941662 5.002758 72.289331 
0.526000 63.173061 1.645087 -21.043129 155.458403 4.997830 72.448875 
0.527000 63.331899 1.650202 -20.968629 154.975813 4.992874 72.605882 
0.528000 63.490052 1.655300 -20.894619 154.493402 4.987921 72.762899 
0.529000 63.647903 1.660405 -20.819798 154.011673 4.982940 72.917402 
0.530000 63.805071 1.665492 -20.745472 153.530113 4.977962 73.071923 
0.531000 63.961937 1.670587 -20.670335 153.049248 4.972956 73.223953 
0.532000 64.118122 1.675664 -20.595698 152.568539 4.967954 73.376010 
0.533000 64.274005 1.680748 -20.520250 152.088540 4.962924 73.525599 
0.534000 64.429208 1.685815 -20.445307 151.608686 4.957898 73.675224 
0.535000 64.584109 1.690889 -20.369553 151.129554 4.952845 73.822403 
0.536000 64.738332 1.695946 -20.294309 150.650556 4.947795 73.969626 
0.537000 64.892253 1.701010 -20.218254 150.172293 4.942719 74.114426 
0.538000 65.045498 1.706055 -20.142713 149.694152 4.937646 74.259277 
0.539000 65.198441 1.711109 -20.066362 149.216760 4.932548 74.401728 
0.540000 65.350709 1.716145 -19.990530 148.739477 4.927452 74.544239 
0.541000 65.502677 1.721188 -19.913887 148.262957 4.922332 74.684371 
0.542000 65.653970 1.726213 -19.837769 147.786534 4.917215 74.824570 
0.543000 65.804963 1.731246 -19.760839 147.310887 4.912073 74.962413 
0.544000 65.955283 1.736260 -19.684439 146.835325 4.906934 75.100330 
0.545000 66.105303 1.741282 -19.607227 146.360552 4.901772 75.235913 
0.546000 66.254653 1.746286 -19.530550 145.885852 4.896611 75.371579 
0.547000 66.403702 1.751298 -19.453060 145.411954 4.891428 75.504931 
0.548000 66.552082 1.756291 -19.376110 144.938117 4.886247 75.638373 
0.549000 66.700162 1.761293 -19.298348 144.465094 4.881044 75.769523 
0.550000 66.847574 1.766275 -19.221129 143.992121 4.875843 75.900770 
0.551000 66.994687 1.771266 -19.143099 143.519974 4.870620 76.029748 
0.552000 67.141134 1.776238 -19.065616 143.047865 4.865399 76.158828 
0.553000 67.287280 1.781218 -18.987322 142.576596 4.860157 76.285660 
0.554000 67.432763 1.786179 -18.909580 142.105351 4.854917 76.412603 
0.555000 67.577946 1.791148 -18.831025 141.634959 4.849656 76.537318 
0.556000 67.722467 1.796098 -18.753028 141.164580 4.844397 76.662150 
0.557000 67.866688 1.801057 -18.674219 140.695066 4.839117 76.784776 
0.558000 68.010248 1.805996 -18.595971 140.225552 4.833840 76.907525 
0.559000 68.153508 1.810944 -18.516910 139.756916 4.828542 77.028090 
0.560000 68.296110 1.815873 -18.438416 139.288268 4.823247 77.148784 
0.561000 68.438412 1.820810 -18.359108 138.820510 4.817932 77.267314 
0.562000 68.580057 1.825728 -18.280371 138.352728 4.812619 77.385980 
0.563000 68.721402 1.830653 -18.200821 137.885848 4.807287 77.502504 
0.564000 68.862092 1.835561 -18.121846 137.418932 4.801956 77.619168 
0.565000 69.002482 1.840475 -18.042057 136.952931 4.796607 77.733712 
0.566000 69.142219 1.845372 -17.962847 136.486881 4.791260 77.848403 
0.567000 69.281656 1.850276 -17.882824 136.021758 4.785895 77.960993 
0.568000 69.420441 1.855161 -17.803384 135.556574 4.780531 78.073736 
0.569000 69.558926 1.860054 -17.723130 135.092329 4.775150 78.184400 
0.570000 69.696762 1.864928 -17.643464 134.628011 4.769770 78.295222 
0.571000 69.834298 1.869810 -17.562983 134.164645 4.764374 78.403986 
0.572000 69.971186 1.874673 -17.483094 133.701192 4.758978 78.512913 
0.573000 70.107773 1.879544 -17.402391 133.238703 4.753567 78.619803 
0.574000 70.243716 1.884396 -17.322283 132.776116 4.748156 78.726862 
0.575000 70.379357 1.889256 -17.241361 132.314505 4.742730 78.831904 
0.576000 70.514355 1.894097 -17.161039 131.852783 4.737304 78.937121 
0.577000 70.649052 1.898946 -17.079901 131.392049 4.731864 79.040342 
0.578000 70.783107 1.903776 -16.999368 130.931191 4.726424 79.143743 
0.579000 70.916862 1.908613 -16.918018 130.471335 4.720969 79.245168 
0.580000 71.049977 1.913432 -16.837278 130.011341 4.715515 79.346778 
0.581000 71.182790 1.918259 -16.755721 129.552361 4.710047 79.446433 
0.582000 71.314966 1.923066 -16.674776 129.093232 4.704579 79.546279 
0.583000 71.446840 1.927882 -16.593015 128.635128 4.699098 79.644191 
0.584000 71.578080 1.932678 -16.511870 128.176861 4.693617 79.742298 
0.585000 71.709016 1.937482 -16.429908 127.719632 4.688122 79.838491 
0.586000 71.839320 1.942267 -16.348566 127.262229 4.682628 79.934884 
0.587000 71.969322 1.947060 -16.266407 126.805875 4.677122 80.029385 
0.588000 72.098692 1.951834 -16.184872 126.349333 4.671615 80.124091 
0.589000 72.227760 1.956615 -16.102519 125.893854 4.666097 80.216925 
0.590000 72.356199 1.961378 -16.020795 125.438173 4.660578 80.309969 
0.591000 72.484334 1.966148 -15.938251 124.983567 4.655048 80.401162 
0.592000 72.611843 1.970899 -15.856340 124.528747 4.649517 80.492569 
0.593000 72.739048 1.975659 -15.773610 124.075015 4.643976 80.582146 
0.594000 72.865629 1.980398 -15.691515 123.621055 4.638434 80.671943 
0.595000 72.991906 1.985146 -15.608602 123.168194 4.632881 80.759929 
0.596000 73.117560 1.989875 -15.526327 122.715093 4.627328 80.848140 
0.597000 73.242910 1.994611 -15.443233 122.263103 4.621765 80.934562 
0.598000 73.367640 1.999328 -15.360782 121.810861 4.616202 81.021214 
0.599000 73.492065 2.004053 -15.277510 121.359742 4.610629 81.106096 
0.600000 73.615872 2.008759 -15.194885 120.908356 4.605055 81.191213 
0.601000 73.739374 2.013472 -15.111440 120.458107 4.599472 81.274583 
0.602000 73.862260 2.018167 -15.028644 120.007577 4.593888 81.358191 
0.603000 73.984840 2.022869 -14.945028 119.558196 4.588296 81.440072 
0.604000 74.106808 2.027552 -14.862065 119.108522 4.582702 81.522197 
0.605000 74.228468 2.032242 -14.778280 118.660009 4.577101 81.602616 
0.606000 74.349518 2.036914 -14.695153 118.211189 4.571498 81.683284 
0.607000 74.470260 2.041593 -14.611203 117.763543 4.565888 81.762267 
0.608000 74.590394 2.046253 -14.527914 117.315576 4.560277 81.841502 
0.609000 74.710220 2.050921 -14.443803 116.868794 4.554659 81.919074 
0.610000 74.829440 2.055569 -14.360355 116.421679 4.549039 81.996904 
0.611000 74.948352 2.060225 -14.276084 115.975762 4.543412 82.073092 
0.612000 75.066660 2.064862 -14.192481 115.529497 4.537785 82.149541 
0.613000 75.184659 2.069507 -14.108053 115.084443 4.532151 82.224370 
0.614000 75.302056 2.074133 -14.024297 114.639028 4.526515 82.299466 
0.615000 75.419144 2.078766 -13.939716 114.194835 4.520874 82.372962 
0.616000 75.535633 2.083380 -13.855809 113.750267 4.515232 82.446729 
0.617000 75.651812 2.088001 -13.771078 113.306935 4.509584 82.518919 
0.618000 75.767394 2.092604 -13.687023 112.863213 4.503934 82.591385 
0.619000 75.882665 2.097214 -13.602143 112.420740 4.498280 82.662295 
0.620000 75.997342 2.101805 -13.517944 111.977863 4.492624 82.733486 
0.621000 76.111707 2.106403 -13.432918 111.536246 4.486963 82.803142 
0.622000 76.225481 2.110982 -13.348576 111.094212 4.481301 82.873084 
0.623000 76.338942 2.115569 -13.263407 110.653451 4.475635 82.941513 
0.624000 76.451814 2.120137 -13.178925 110.212258 4.469967 83.010232 
0.625000 76.564373 2.124712 -13.093616 109.772350 4.464296 83.077461 
0.626000 76.676345 2.129268 -13.008997 109.331996 4.458622 83.144985 
0.627000 76.788003 2.133832 -12.923549 108.892940 4.452946 83.211041 
0.628000 76.899078 2.138376 -12.838795 108.453423 4.447267 83.277397 
0.629000 77.009836 2.142929 -12.753212 108.015217 4.441587 83.342306 
0.630000 77.120015 2.147461 -12.668324 107.576534 4.435903 83.407521 
0.631000 77.229876 2.152002 -12.582608 107.139175 4.430219 83.471310 
0.632000 77.339160 2.156523 -12.497590 106.701325 4.424531 83.535411 
0.633000 77.448125 2.161052 -12.411743 106.264812 4.418842 83.598109 
0.634000 77.556516 2.165561 -12.326597 105.827791 4.413151 83.661124 
0.635000 77.664588 2.170079 -12.240620 105.392120 4.407459 83.722758 
0.636000 77.772088 2.174577 -12.155348 104.955927 4.401764 83.784713 
0.637000 77.879267 2.179082 -12.069245 104.521096 4.396069 83.845310 
0.638000 77.985878 2.183568 -11.983849 104.085728 4.390371 83.906235 
0.639000 78.092167 2.188062 -11.897621 103.651733 4.384673 83.965824 
0.640000 78.197890 2.192537 -11.812103 103.217186 4.378972 84.025745 
0.641000 78.303290 2.197019 -11.725753 102.784026 4.373273 84.084353 
0.642000 78.408127 2.201482 -11.640115 102.350296 4.367569 84.143299 
0.643000 78.512640 2.205953 -11.553644 101.917967 4.361868 84.200956 
0.644000 78.616592 2.210404 -11.467888 101.485052 4.356162 84.258955 
0.645000 78.720220 2.214863 -11.381299 101.053549 4.350459 84.315688 
0.646000 78.823290 2.219302 -11.295427 100.621445 4.344752 84.372768 
0.647000 78.926033 2.223750 -11.208721 100.190766 4.339048 84.428606 
0.648000 79.028222 2.228178 -11.122735 99.759469 4.333339 84.484797 
0.649000 79.130084 2.232613 -11.035913 99.329609 4.327634 84.539768 
0.650000 79.231393 2.237030 -10.949815 98.899114 4.321925 84.595098 
0.651000 79.332374 2.241453 -10.862880 98.470069 4.316220 84.649232 
0.652000 79.432807 2.245858 -10.776671 98.040372 4.310510 84.703730 
0.653000 79.532908 2.250270 -10.689625 97.612137 4.304805 84.757055 
0.654000 79.632465 2.254663 -10.603307 97.183233 4.299095 84.810750 
0.655000 79.731689 2.259064 -10.516151 96.755804 4.293390 84.863295 
0.656000 79.830371 2.263445 -10.429726 96.327688 4.287680 84.916216 
0.657000 79.928720 2.267834 -10.342462 95.901059 4.281976 84.968011 
0.658000 80.026530 2.272203 -10.255930 95.473725 4.276267 85.020187 
0.659000 80.124005 2.276581 -10.168559 95.047890 4.270564 85.071261 
0.660000 80.220943 2.280939 -10.081923 94.621332 4.264855 85.122721 
0.661000 80.317545 2.285304 -9.994447 94.196286 4.259154 85.173103 
0.662000 80.413614 2.289650 -9.907708 93.770498 4.253447 85.223877 
0.663000 80.509346 2.294004 -9.820128 93.346235 4.247747 85.273596 
0.664000 80.604547 2.298339 -9.733287 92.921210 4.242042 85.323713 
0.665000 80.699409 2.302681 -9.645605 92.497722 4.236344 85.372800 
0.666000 80.793744 2.307004 -9.558664 92.073453 4.230640 85.422289 
0.667000 80.887739 2.311334 -9.470880 91.650733 4.224945 85.470771 
0.668000 80.981209 2.315646 -9.383840 91.227213 4.219244 85.519662 
0.669000 81.074337 2.319965 -9.295956 90.805254 4.213552 85.567570 
0.670000 81.166944 2.324264 -9.208818 90.382474 4.207853 85.615891 
0.671000 81.259207 2.328571 -9.120835 89.961268 4.202164 85.663253 
0.672000 81.350953 2.332859 -9.033600 89.539220 4.196468 85.711034 
0.673000 81.442353 2.337155 -8.945520 89.118758 4.190782 85.757880 
0.674000 81.533239 2.341431 -8.858189 88.697434 4.185090 85.805149 
0.675000 81.623777 2.345715 -8.770012 88.277707 4.179408 85.851507 
0.676000 81.713804 2.349980 -8.682586 87.857096 4.173719 85.898294 
0.677000 81.803482 2.354252 -8.594314 87.438095 4.168041 85.944193 
0.678000 81.892652 2.358505 -8.506794 87.018188 4.162355 85.990526 
0.679000 81.981471 2.362766 -8.418426 86.599902 4.156682 86.035995 
0.680000 82.069786 2.367008 -8.330814 86.180689 4.151000 86.081902 
0.681000 82.157747 2.371257 -8.242352 85.763109 4.145331 86.126968 
0.682000 82.245208 2.375487 -8.154647 85.344578 4.139654 86.172477 
0.683000 82.332313 2.379724 -8.066093 84.927692 4.133990 86.217169 
0.684000 82.418921 2.383942 -7.978297 84.509832 4.128318 86.262308 
0.685000 82.505172 2.388168 -7.889650 84.093630 4.122659 86.306653 
0.686000 82.590928 2.392375 -7.801763 83.676429 4.116991 86.351448 
0.687000 82.676325 2.396589 -7.713025 83.260897 4.111337 86.395474 
0.688000 82.761232 2.400784 -7.625048 82.844343 4.105675 86.439953 
0.689000 82.845777 2.404987 -7.536218 82.429470 4.100027 86.483685 
0.690000 82.929835 2.409171 -7.448152 82.013550 4.094369 86.527875 
0.691000 83.013530 2.413362 -7.359232 81.599323 4.088727 86.571340 
0.692000 83.096740 2.417534 -7.271077 81.184023 4.083075 86.615265 
0.693000 83.179585 2.421713 -7.182067 80.770428 4.077438 86.658489 
0.694000 83.261950 2.425874 -7.093823 80.355735 4.071791 86.702176 
0.695000 83.343947 2.430042 -7.004725 79.942758 4.066161 86.745183 
0.696000 83.425467 2.434191 -6.916393 79.528657 4.060520 86.788656 
0.697000 83.506617 2.438347 -6.827205 79.116284 4.054896 86.831471 
0.698000 83.587293 2.442485 -6.738785 78.702760 4.049261 86.874755 
0.699000 83.667597 2.446630 -6.649509 78.290977 4.043643 86.917402 
