0.000000 0.0 0.0 0.0 0.0 0.0 0.0 
-0.001000 0.0 0.0 0.0 -0.0563662008454 0.0 0.0 
-0.002000 0.000115292798605 0.0 0.0 -0.112732255117 0.0 0.000115292648702 
-0.003000 0.000230585297405 0.0 -2.35822388739e-07 -0.169099753431 0.0 0.000230726800657 
-0.004000 0.000461173548487 0.0 -4.71934211673e-07 -0.225466813407 0.0 0.000461453744268 
-0.005000 0.00069176060318 0.0 -1.17969110448e-06 -0.281836758058 0.0 0.000692477480483 
-0.006000 0.00103764931054 0.0 -1.8883444983e-06 -0.33820597615 0.0 0.0010387907533 
-0.007000 0.00138353533539 0.0 -3.30445898517e-06 -0.394579516149 0.0 0.00138557009557 
-0.008000 0.00184473185303 0.0 -4.72242328285e-06 -0.450952045025 0.0 0.00184763257992 
-0.009000 0.00230592361999 0.0 -7.08365161723e-06 -0.50733032964 0.0 0.00231034462829 
-0.010000 0.00288243765268 0.0 -9.4480583965e-06 -0.563707322343 0.0 0.0028883305115 
-0.011000 0.00345894429217 0.0 -1.29915131188e-05 -0.620091501219 0.0 0.00346716384225 
-0.012000 0.00415078789616 0.0 -1.65398796759e-05 -0.676474111284 0.0 0.00416125894939 
-0.013000 0.00484262089808 0.0 -2.15030534178e-05 -0.732865334553 0.0 0.00485641388977 
-0.014000 0.00564980848215 0.0 -2.64733068031e-05 -0.789254716112 0.0 0.00566681590994 
-0.015000 0.00645698169707 0.0 -3.30940965542e-05 -0.845654134506 0.0 0.00647850472747 
-0.016000 0.00737953002373 0.0 -3.97245979954e-05 -0.902051442408 0.0 0.00740542337391 
-0.017000 0.00830205966438 0.0 -4.8241329698e-05 -0.958460207367 0.0 0.00833387041556 
-0.018000 0.00933998785131 0.0 -5.67708993074e-05 -1.01486659728 0.0 0.00937752754834 
-0.019000 0.0103778924943 0.0 -6.74223527016e-05 -1.07128586107 0.0 0.0104229693521 
-0.020000 0.011531222016 0.0 -7.80902944121e-05 -1.12770248961 0.0 0.0115835990805 
-0.021000 0.0126845226037 0.0 -9.1115728091e-05 -1.18413340542 0.0 0.0127462844719 
-0.022000 0.0139532772936 0.0 -0.000104161854789 -1.24056143024 0.0 0.0140241332459 
-0.023000 0.0152219971361 0.0 -0.000119801031441 -1.29700515231 0.0 0.0153043234271 
-0.024000 0.0166062031884 0.0 -0.000135465690283 -1.35344573223 0.0 0.0166996501235 
-0.025000 0.0179903679662 0.0 -0.000153958902108 -1.40990341593 0.0 0.0180976187586 
-0.026000 0.0194900539384 0.0 -0.000172483000009 -1.46635771104 0.0 0.0196106947652 
-0.027000 0.020989691705 0.0 -0.000194071094311 -1.52283051304 0.0 0.0211267280646 
-0.028000 0.0226048885204 0.0 -0.000215696123608 -1.57929968479 0.0 0.0227578373643 
-0.029000 0.0242200297048 0.0 -0.000240620528556 -1.63578876311 0.0 0.0243922341696 
-0.030000 0.0259507706554 0.0 -0.000265588592844 -1.69227397448 0.0 0.0261416734248 
-0.031000 0.0276814480654 0.0 -0.000294091343409 -1.74878048863 0.0 0.0278947452953 
-0.032000 0.0295277688149 0.0 -0.000322645183553 -1.80528290417 0.0 0.0297628239353 
-0.033000 0.0313740176403 0.0 -0.000354968947619 -1.86180801526 0.0 0.0316348952362 
-0.034000 0.0333359562273 0.0 -0.00038735196795 -1.91832880124 0.0 0.0336219355458 
-0.035000 0.0352978140436 0.0 -0.00042374007261 -1.97487367208 0.0 0.0356133435393 
-0.036000 0.037375410885 0.0 -0.000460196367302 -2.03141399662 0.0 0.037719680751 
-0.037000 0.0394529176568 0.0 -0.000500892825342 -2.08797979183 0.0 0.0398307756905 
-0.038000 0.041646215552 0.0 -0.000541667204986 -2.14454082496 0.0 0.0420567580791 
-0.039000 0.043839413637 0.0 -0.000586916741562 -2.20112871109 0.0 0.0442879033056 
-0.040000 0.0461484577714 0.0 -0.000632254759937 -2.25771162491 0.0 0.0466338922865 
-0.041000 0.048457391925 0.0 -0.000682302839452 -2.31432277055 0.0 0.0489854643293 
-0.042000 0.050882229874 0.0 -0.000732450820497 -2.3709287393 0.0 0.0514518345597 
-0.043000 0.0533069472533 0.0 -0.00078754367369 -2.42756431518 0.0 0.0539242232398 
-0.044000 0.0558476289872 0.0 -0.000842748738694 -2.4841945154 0.0 0.0565113627236 
-0.045000 0.0583881791558 0.0 -0.000903133389932 -2.54085569451 0.0 0.0591049712612 
-0.046000 0.061044757044 0.0 -0.000963643484942 -2.59751130508 0.0 0.0618132814576 
-0.047000 0.063701191977 0.0 -0.00102956777975 -2.65419926279 0.0 0.0645285265825 
-0.048000 0.066473720793 0.0 -0.0010956317032 -2.71088146511 0.0 0.067358422518 
-0.049000 0.0692460948818 0.0 -0.00116734433601 -2.76759737925 0.0 0.0701957345847 
-0.050000 0.0721346318085 0.0 -0.00123921176659 -2.82430735734 0.0 0.073147644969 
-0.051000 0.0750230018662 0.0 -0.00131696230871 -2.88105240834 0.0 0.0761074680746 
-0.052000 0.0780276065008 0.0 -0.00139488383349 -2.93779134891 0.0 0.0791818354207 
-0.053000 0.081032031768 0.0 -0.00147892276139 -2.99456671989 0.0 0.0822646275274 
-0.054000 0.0841527661278 0.0 -0.00156314990414 -3.05133581249 0.0 0.0854619082752 
-0.055000 0.0872733082782 0.0 -0.00165372862787 -3.1081426894 0.0 0.0886681413365 
-0.056000 0.0905102368062 0.0 -0.00174451387774 -3.16494312652 0.0 0.0919888059802 
-0.057000 0.0937469599526 0.0 -0.00184188476972 -3.22178269821 0.0 0.0953189660713 
-0.058000 0.0971001495234 0.0 -0.00193948161006 -3.2786156754 0.0 0.0987634992916 
-0.059000 0.100453120224 0.0 -0.0020438980341 -3.33548913377 0.0 0.102218086744 
-0.060000 0.10392264015 0.0 -0.00214856097166 -3.39235584974 0.0 0.105786987544 
-0.061000 0.107391927416 0.0 -0.00226027731223 -3.44926438984 0.0 0.109366517082 
-0.062000 0.110977849454 0.0 -0.0023722619066 -3.50616604657 0.0 0.113060298928 
-0.063000 0.114563524753 0.0 -0.00249153359842 -3.56311086668 0.0 0.116765299816 
-0.064000 0.118265923112 0.0 -0.00261109649176 -3.62004866957 0.0 0.12058449078 
-0.065000 0.121968060378 0.0 -0.0027381800497 -3.67703097136 0.0 0.124415506966 
-0.066000 0.125787011723 0.0 -0.00286557899675 -3.73400612928 0.0 0.128360649877 
-0.067000 0.129605687363 0.0 -0.00300073204599 -3.79102711789 0.0 0.132318240144 
-0.068000 0.133541270826 0.0 -0.00313622594446 -3.84804084336 0.0 0.136389892741 
-0.069000 0.137476563727 0.0 -0.00327970725098 -3.90510172753 0.0 0.140474630865 
-0.070000 0.141528860911 0.0 -0.00342355617219 -3.96215523676 0.0 0.144673365953 
-0.071000 0.145580852448 0.0 -0.00357562567362 -4.01925722893 0.0 0.148885840864 
-0.072000 0.149749947436 0.0 -0.00372809089351 -4.07635174202 0.0 0.153212246478 
-0.073000 0.15391872148 0.0 -0.00388900973023 -4.13349605844 0.0 0.157553062424 
-0.074000 0.158204700843 0.0 -0.00405035376067 -4.19063279941 0.0 0.162007741996 
-0.075000 0.162490343766 0.0 -0.00422038430738 -4.24782066028 0.0 0.166477518712 
-0.076000 0.166893296571 0.0 -0.00439087092786 -4.30500085724 0.0 0.171061091244 
-0.077000 0.171295897261 0.0 -0.00457027682534 -4.36223348678 0.0 0.175660464129 
-0.078000 0.175815915079 0.0 -0.00475017111503 -4.41945837203 0.0 0.180373564368 
-0.079000 0.180335564941 0.0 -0.00493921730241 -4.47673699862 0.0 0.185103184664 
-0.080000 0.184972741855 0.0 -0.00512878567252 -4.53400780876 0.0 0.189946463286 
-0.081000 0.189609534825 0.0 -0.00532773841983 -4.59133366505 0.0 0.194806998262 
-0.082000 0.194363967441 0.0 -0.00552724864644 -4.64865164107 0.0 0.199781122056 
-0.083000 0.199117999994 0.0 -0.00573637558758 -4.70602596411 0.0 0.204773255201 
-0.084000 0.203989787446 0.0 -0.00594609684478 -4.76339235157 0.0 0.209878907263 
-0.085000 0.208861158604 0.0 -0.00616566701087 -4.82081638287 0.0 0.215003338476 
-0.086000 0.213850402567 0.0 -0.00638586990436 -4.87823243195 0.0 0.220241218407 
-0.087000 0.218839213908 0.0 -0.0066161537575 -4.93570741765 0.0 0.225498664203 
-0.088000 0.223946018605 0.0 -0.00684711035852 -4.9931743833 0.0 0.23086948831 
-0.089000 0.229052374276 0.0 -0.00708837982596 -5.05070157428 0.0 0.23626068202 
-0.090000 0.234276846489 0.0 -0.00733036370578 -5.10822071632 0.0 0.241765183525 
-0.091000 0.239500853213 0.0 -0.00758289221452 -5.16580136827 0.0 0.247290875512 
-0.092000 0.244843102293 0.0 -0.00783617847916 -5.22337395152 0.0 0.252929804765 
-0.093000 0.250184869379 0.0 -0.00810024099099 -5.28100932509 0.0 0.25859076264 
-0.094000 0.255645007254 0.0 -0.00836510631661 -5.33863661948 0.0 0.264364887339 
-0.095000 0.26110464661 0.0 -0.00864097936358 -5.39632798041 0.0 0.270161896181 
-0.096000 0.266682787798 0.0 -0.00891770203212 -5.45401126109 0.0 0.276072001598 
-0.097000 0.27226041394 0.0 -0.00920566375251 -5.51175988027 0.0 0.282005864184 
-0.098000 0.277956675559 0.0 -0.00949452368796 -5.56950042774 0.0 0.288052753395 
-0.099000 0.283652405621 0.0 -0.00979485386266 -5.62730758137 0.0 0.294124290436 
-0.100000 0.289466907399 0.0 -0.0100961326677 -5.68510668159 0.0 0.300308784557 
-0.101000 0.295280861147 0.0 -0.0104091127571 -5.7429736513 0.0 0.306518834937 
-0.102000 0.301213725432 0.0 -0.0107230937503 -5.8008325958 0.0 0.312841773368 
-0.103000 0.307146025274 0.0 -0.0110490069319 -5.85876066873 0.0 0.31919119439 
-0.104000 0.313197377048 0.0 -0.0113759751853 -5.91668075475 0.0 0.325653435067 
-0.105000 0.319248148043 0.0 -0.0117151063911 -5.97467122369 0.0 0.332143102707 
-0.106000 0.325418114934 0.0 -0.0120553487686 -6.03265375426 0.0 0.338745522355 
-0.107000 0.331587484807 0.0 -0.0124079847243 -6.09070791778 0.0 0.345376331522 
-0.108000 0.337876197096 0.0 -0.0127617899202 -6.14875420188 0.0 0.352119825916 
-0.109000 0.344164296251 0.0 -0.0131282191833 -6.2068733644 0.0 0.358892690718 
-0.110000 0.35057188689 0.0 -0.0134958777617 -6.26498471706 0.0 0.365778174958 
-0.111000 0.356978848419 0.0 -0.0138763907618 -6.32317018901 0.0 0.372694028973 
-0.112000 0.363505453038 0.0 -0.0142581951962 -6.38134793142 0.0 0.379722437754 
-0.113000 0.370031412737 0.0 -0.0146530842747 -6.43960102934 0.0 0.386782234312 
-0.114000 0.376677169659 0.0 -0.0150493289887 -6.49784648899 0.0 0.393954522211 
-0.115000 0.383322266039 0.0 -0.0154588884394 -6.55616853564 0.0 0.40115923468 
-0.116000 0.390087316294 0.0 -0.0158698698476 -6.61448304641 0.0 0.408476376442 
-0.117000 0.396851690593 0.0 -0.016294395958 -6.67287537092 0.0 0.415826998522 
-0.118000 0.40373617793 0.0 -0.0167204125075 -6.73126027322 0.0 0.423289989363 
-0.119000 0.410619974128 0.0 -0.0171602036009 -6.78972421117 0.0 0.430787535388 
-0.120000 0.417624045026 0.0 -0.0176015558135 -6.84818085205 0.0 0.438397391295 
-0.121000 0.42462740986 0.0 -0.0180569122913 -6.90671774559 0.0 0.446042896538 
-0.122000 0.431751213544 0.0 -0.0185139028063 -6.96524747889 0.0 0.453800654585 
-0.123000 0.438874296519 0.0 -0.0189851271913 -7.02385867688 0.0 0.461595175582 
-0.124000 0.446117984973 0.0 -0.0194580608091 -7.0824628633 0.0 0.469501894246 
-0.125000 0.453360938376 0.0 -0.0199454577888 -7.14114972142 0.0 0.477446509114 
-0.126000 0.460724666358 0.0 -0.0204346415152 -7.19982972867 0.0 0.485503268608 
-0.127000 0.468087645276 0.0 -0.0209385179867 -7.25859360951 0.0 0.49359907738 
-0.128000 0.475571570329 0.0 -0.0214442610774 -7.31735081243 0.0 0.501806979986 
-0.129000 0.48305473266 0.0 -0.0219649261926 -7.37619308566 0.0 0.510055104953 
-0.130000 0.49065901513 0.0 -0.0224875401987 -7.43502886632 0.0 0.518415275367 
-0.131000 0.498262521598 0.0 -0.0230253054099 -7.49395090877 0.0 0.526816861425 
-0.132000 0.505987324648 0.0 -0.0235651042246 -7.55286665662 0.0 0.535330447113 
-0.133000 0.513711338819 0.0 -0.0241202833311 -7.6118698524 0.0 0.54388666212 
-0.134000 0.521556828442 0.0 -0.0246775832361 -7.67086696437 0.0 0.552554833678 
-0.135000 0.529401516741 0.0 -0.0252504924316 -7.72995270499 0.0 0.561266868823 
-0.136000 0.537367861775 0.0 -0.0258256121453 -7.78903258562 0.0 0.570090820348 
-0.137000 0.5453333935 0.0 -0.026416570066 -7.84820227012 0.0 0.578959890526 
-0.138000 0.553420765646 0.0 -0.0270098307915 -7.90736633166 0.0 0.587940839994 
-0.139000 0.561507312982 0.0 -0.0276191585647 -7.96662136673 0.0 0.596968184191 
-0.140000 0.569715886818 0.0 -0.0282308840398 -8.02587102928 0.0 0.606107373851 
-0.141000 0.577923624855 0.0 -0.0288589053339 -8.08521282935 0.0 0.615294255537 
-0.142000 0.586253577853 0.0 -0.0294894218802 -8.14454952098 0.0 0.624592952307 
-0.143000 0.594582684603 0.0 -0.0301364629549 -8.20397950836 0.0 0.633940659841 
-0.144000 0.603034197143 0.0 -0.0307860995297 -8.26340466522 0.0 0.643400155718 
-0.145000 0.611484853555 0.0 -0.0314524892874 -8.32292427021 0.0 0.652910002761 
-0.146000 0.620058108943 0.0 -0.0321215775347 -8.38243933667 0.0 0.662531615237 
-0.147000 0.62863049892 0.0 -0.0328076475727 -8.44204999767 0.0 0.672204941179 
-0.148000 0.637325683405 0.0 -0.0334965218762 -8.5016564264 0.0 0.681990013674 
-0.149000 0.646019993821 0.0 -0.0342026065396 -8.56135959004 0.0 0.691828184064 
-0.150000 0.654837296609 0.0 -0.0349116040762 -8.62105884216 0.0 0.701778086366 
-0.151000 0.663653717328 0.0 -0.0356380405118 -8.68085596342 0.0 0.71178249336 
-0.152000 0.672593330603 0.0 -0.0363675013058 -8.74064950862 0.0 0.721898622071 
-0.153000 0.681532054494 0.0 -0.0371146295172 -8.80054205093 0.0 0.732070684888 
-0.154000 0.690594173432 0.0 -0.0378648964961 -8.86043136756 0.0 0.742354463889 
-0.155000 0.699655396388 0.0 -0.0386330593992 -8.9204208029 0.0 0.752695629277 
-0.156000 0.708840219177 0.0 -0.0394044784494 -8.98040737813 0.0 0.763148510202 
-0.157000 0.718024140134 0.0 -0.0401940219295 -9.04049518719 0.0 0.773660252917 
-0.158000 0.727331867989 0.0 -0.0409869419539 -9.10058051709 0.0 0.784283715635 
-0.159000 0.736638688941 0.0 -0.0417982149231 -9.16076818935 0.0 0.794967538932 
-0.160000 0.746069526126 0.0 -0.0426129878997 -9.22095377902 0.0 0.805763092043 
-0.161000 0.755499452148 0.0 -0.0434463423559 -9.28124281286 0.0 0.81662052818 
-0.162000 0.765053605989 0.0 -0.0442833233965 -9.34153017656 0.0 0.827589709527 
-0.163000 0.774606845251 0.0 -0.0451391144831 -9.40192207941 0.0 0.838622320275 
-0.164000 0.78428452616 0.0 -0.0459986618942 -9.46231274065 0.0 0.849766697462 
-0.165000 0.79396128995 0.0 -0.046877247961 -9.52280902904 0.0 0.860976074637 
-0.166000 0.803762711439 0.0 -0.0477597233049 -9.58330452071 0.0 0.872297245566 
-0.167000 0.81356321418 0.0 -0.0486614659702 -9.64390672045 0.0 0.883685011568 
-0.168000 0.823488592882 0.0 -0.0495672341277 -9.70450858493 0.0 0.895184604983 
-0.169000 0.833413052151 0.0 -0.0504924983412 -9.76521823116 0.0 0.906752413349 
-0.170000 0.843462607841 0.0 -0.0514219275753 -9.82592802045 0.0 0.9184320894 
-0.171000 0.85351124439 0.0 -0.0523710816824 -9.88674665779 0.0 0.930181625372 
-0.172000 0.8636852 0.0 -0.0533245437033 -9.94756593357 0.0 0.942043076188 
-0.173000 0.873858237776 0.0 -0.0542979595104 -10.0084951162 0.0 0.953976057294 
-0.174000 0.884156819419 0.0 -0.0552758295412 -10.06942545 0.0 0.96602100757 
-0.175000 0.894454485581 0.0 -0.0562738823827 -10.1304667418 0.0 0.978139184222 
-0.176000 0.904877922568 0.0 -0.0572765392268 -10.1915097151 0.0 0.990369391826 
-0.177000 0.915300447513 0.0 -0.0582996080325 -10.2526646896 0.0 1.00267454793 
-0.178000 0.925848972372 0.0 -0.0593274341423 -10.3138218939 0.0 1.01509180452 
-0.179000 0.936396589751 0.0 -0.0603759015068 -10.3750921348 0.0 1.02758575809 
-0.180000 0.947070438252 0.0 -0.0614292830532 -10.4363651717 0.0 1.04019188974 
-0.181000 0.957743384991 0.0 -0.062503535306 -10.4977522724 0.0 1.05287649356 
-0.182000 0.968542796162 0.0 -0.0635828622497 -10.5591427538 0.0 1.06567336143 
-0.183000 0.979341312485 0.0 -0.0646832895274 -10.620648318 0.0 1.0785505037 
-0.184000 0.990266528633 0.0 -0.0657889556912 -10.6821578662 0.0 1.09154000468 
-0.185000 1.00119085808 0.0 -0.0669159520103 -10.7437835075 0.0 1.10461160968 
-0.186000 1.01224212482 0.0 -0.068048355153 -10.8054137552 0.0 1.11779567708 
-0.187000 1.02329251427 0.0 -0.0692023184843 -10.8671610978 0.0 1.13106370587 
-0.188000 1.03447008052 0.0 -0.0703618603759 -10.9289136882 0.0 1.14444431012 
-0.189000 1.04564678023 0.0 -0.0715431927207 -10.9907843665 0.0 1.15791076127 
-0.190000 1.05695089828 0.0 -0.0727302792191 -11.0526609536 0.0 1.17148991063 
-0.191000 1.06825416186 0.0 -0.0739393866863 -11.1146566124 0.0 1.18515682089 
-0.192000 1.07968508733 0.0 -0.0751544278155 -11.1766588608 0.0 1.19893656221 
-0.193000 1.09111517182 0.0 -0.0763917207009 -11.2387811556 0.0 1.2128060073 
-0.194000 1.10267316375 0.0 -0.0776351307306 -11.3009107408 0.0 1.22678842673 
-0.195000 1.11423032961 0.0 -0.0789010235969 -11.3631613377 0.0 1.24086252209 
-0.196000 1.12591565041 0.0 -0.0801732211236 -11.4254199461 0.0 1.25504974589 
-0.197000 1.13760016155 0.0 -0.0814681328826 -11.4878005217 0.0 1.26933064744 
-0.198000 1.1494130771 0.0 -0.0827695409128 -11.5501898508 0.0 1.28372484274 
-0.199000 1.16122520088 0.0 -0.0840938949091 -11.6127020928 0.0 1.29821474772 
-0.200000 1.1731659805 0.0 -0.0854249409435 -11.6752238511 0.0 1.31281812337 
-0.201000 1.18510598781 0.0 -0.0867791650397 -11.7378694579 0.0 1.32751927111 
-0.202000 1.19717490427 0.0 -0.0881402811593 -11.800525365 0.0 1.34233407849 
-0.203000 1.2092430695 0.0 -0.0895248078229 -11.863306046 0.0 1.3572487513 
-0.204000 1.22144039909 0.0 -0.0909164307772 -11.9260978328 0.0 1.37227728514 
-0.205000 1.23363700017 0.0 -0.0923316971696 -11.9890153084 0.0 1.38740780915 
-0.206000 1.2459630227 0.0 -0.0937542684658 -12.0519447172 0.0 1.40265240846 
-0.207000 1.25828834112 0.0 -0.0952007165326 -12.1150007188 0.0 1.41800115449 
-0.208000 1.27074333993 0.0 -0.0966546825273 -12.1780695032 0.0 1.43346420344 
-0.209000 1.28319766077 0.0 -0.0981327590906 -12.2412657735 0.0 1.44903358794 
-0.210000 1.29578192277 0.0 -0.0996185710832 -12.3044756986 0.0 1.46471751675 
-0.211000 1.30836553474 0.0 -0.101128727936 -12.3678139912 0.0 1.48051000269 
-0.212000 1.32107935042 0.0 -0.102646842264 -12.4311668336 0.0 1.49641728861 
-0.213000 1.33379254583 0.0 -0.104189536266 -12.4946489136 0.0 1.51243538648 
-0.214000 1.34663620931 0.0 -0.105740414401 -12.5581464614 0.0 1.52856855473 
-0.215000 1.35947928414 0.0 -0.107316107578 -12.6217741051 0.0 1.54481482347 
-0.216000 1.37245309315 0.0 -0.108900216226 -12.6854181579 0.0 1.56117644826 
-0.217000 1.38542634708 0.0 -0.110509375869 -12.749193153 0.0 1.5776534963 
-0.218000 1.39853060301 0.0 -0.112127187072 -12.8129855223 0.0 1.5942462018 
-0.219000 1.41163433941 0.0 -0.113770285839 -12.8769096675 0.0 1.61095668807 
-0.220000 1.42486934735 0.0 -0.115422277077 -12.9408521764 0.0 1.62778314951 
-0.221000 1.4381038733 0.0 -0.117099793097 -13.0049272822 0.0 1.64472978448 
-0.222000 1.45146994202 0.0 -0.118786447394 -13.0690217654 0.0 1.66179272918 
-0.223000 1.46483556839 0.0 -0.120498864377 -13.1332496535 0.0 1.67897827598 
-0.224000 1.47833301039 0.0 -0.12222067041 -13.1974979575 0.0 1.69628048446 
-0.225000 1.49183005181 0.0 -0.12396847775 -13.261880461 0.0 1.71370775996 
-0.226000 1.50545918335 0.0 -0.125725929957 -13.326284444 0.0 1.73125206707 
-0.227000 1.51908795824 0.0 -0.12750962285 -13.3908234076 0.0 1.74892394303 
-0.228000 1.53284909935 0.0 -0.129303221541 -13.4553849397 0.0 1.76671323908 
-0.229000 1.54660992997 0.0 -0.131123301093 -13.5200822191 0.0 1.78463264332 
-0.230000 1.56050340447 0.0 -0.13295355257 -13.584803182 0.0 1.80266987531 
-0.231000 1.57439661692 0.0 -0.134810525915 -13.6496606448 0.0 1.82083979288 
-0.232000 1.58842275245 0.0 -0.136677942584 -13.714542932 0.0 1.83912796568 
-0.233000 1.60244867671 0.0 -0.138572323002 -13.7795624568 0.0 1.85755144014 
-0.234000 1.61660780475 0.0 -0.140477423494 -13.8446079735 0.0 1.87609361773 
-0.235000 1.6307667747 0.0 -0.142409730534 -13.9097914504 0.0 1.89477375237 
-0.236000 1.64505923061 0.0 -0.144353039827 -13.9750021137 0.0 1.91357305916 
-0.237000 1.65935158403 0.0 -0.146323799426 -14.040351444 0.0 1.9325130183 
-0.238000 1.67377770706 0.0 -0.148305848973 -14.1057291824 0.0 1.95157264042 
-0.239000 1.6882037857 0.0 -0.150315593587 -14.1712462789 0.0 1.97077565075 
-0.240000 1.70276391899 0.0 -0.152336921438 -14.2367930326 0.0 1.99009883738 
-0.241000 1.71732406855 0.0 -0.154386190168 -14.302479819 0.0 2.00956818932 
-0.242000 1.73201855919 0.0 -0.156447341106 -14.3681975399 0.0 2.02915825409 
-0.243000 1.74671312938 0.0 -0.158536679831 -14.4340559511 0.0 2.0488973032 
-0.244000 1.76154232841 0.0 -0.160638205499 -14.4999466024 0.0 2.06875762562 
-0.245000 1.77637167294 0.0 -0.162768167011 -14.5659785845 0.0 2.08876979399 
-0.246000 1.7913359354 0.0 -0.164910626056 -14.6320441408 0.0 2.1089038209 
-0.247000 1.80630041203 0.0 -0.167081770197 -14.6982516507 0.0 2.12919259866 
-0.248000 1.82140009694 0.0 -0.169265728401 -14.764494098 0.0 2.14960384572 
-0.249000 1.83650006748 0.0 -0.171478622203 -14.8308791034 0.0 2.17017279255 
-0.250000 1.85173553789 0.0 -0.173704652631 -14.8973004389 0.0 2.19086484578 
-0.251000 1.86697136825 0.0 -0.175959870462 -14.9638649182 0.0 2.21171759246 
-0.252000 1.88234299127 0.0 -0.178228553606 -15.0304671501 0.0 2.2326941098 
-0.253000 1.89771505145 0.0 -0.180526677316 -15.0972130923 0.0 2.2538343598 
-0.254000 1.91322319825 0.0 -0.182838601242 -15.1639982397 0.0 2.27509907275 
-0.255000 1.92873186239 0.0 -0.185180220313 -15.2309276441 0.0 2.29653060385 
-0.256000 1.94437690822 0.0 -0.187535980814 -15.297897737 0.0 2.31808731911 
-0.257000 1.96002255462 0.0 -0.189921692515 -15.3650126132 0.0 2.33981398512 
-0.258000 1.97580487885 0.0 -0.192321893267 -15.432169692 0.0 2.36166658633 
-0.259000 1.99158788998 0.0 -0.19475230281 -15.4994720596 0.0 2.38369231876 
-0.260000 2.0075078761 0.0 -0.197197555531 -15.5668181752 0.0 2.40584476819 
-0.261000 2.02342863861 0.0 -0.199673276233 -15.6343100634 0.0 2.42817357807 
-0.262000 2.03948667429 0.0 -0.202164200845 -15.7018472769 0.0 2.45062991849 
-0.263000 2.05554557906 0.0 -0.204685854293 -15.7695307247 0.0 2.47326589813 
-0.264000 2.07174205611 0.0 -0.207223079088 -15.837261107 0.0 2.49603025461 
-0.265000 2.08793949825 0.0 -0.209791295304 -15.9051381627 0.0 2.51897757954 
-0.266000 2.10427481268 0.0 -0.212375457116 -15.9730637944 0.0 2.54205416134 
-0.267000 2.12061119156 0.0 -0.214990874734 -16.0411365151 0.0 2.56531709215 
-0.268000 2.13708574359 0.0 -0.217622619111 -16.1092594864 0.0 2.5887101947 
-0.269000 2.15356146286 0.0 -0.22028588555 -16.1775299381 0.0 2.61229307907 
-0.270000 2.17017565693 0.0 -0.222965866932 -16.245852348 0.0 2.63600708594 
-0.271000 2.18679112451 0.0 -0.225677638578 -16.314322605 0.0 2.65991436062 
-0.272000 2.20354536932 0.0 -0.228406520482 -16.3828465615 0.0 2.68395374559 
-0.273000 2.22030099747 0.0 -0.23116746287 -16.4515187062 0.0 2.70818993848 
-0.274000 2.23719570594 0.0 -0.233945918072 -16.5202463256 0.0 2.73255926764 
-0.275000 2.25409191124 0.0 -0.23675670608 -16.5891224478 0.0 2.75712899994 
-0.276000 2.27112750061 0.0 -0.23958541681 -16.6580558544 0.0 2.78183293386 
-0.277000 2.28816470398 0.0 -0.242446734845 -16.7271380514 0.0 2.80674092224 
-0.278000 2.30534159576 0.0 -0.245326392981 -16.7962793771 0.0 2.8317842182 
-0.279000 2.32252022247 0.0 -0.248238935182 -16.8655697529 0.0 2.85703527707 
-0.280000 2.33983884247 0.0 -0.251170242448 -16.9349211367 0.0 2.88242279133 
-0.281000 2.35715932219 0.0 -0.254134712889 -17.0044218017 0.0 2.90802183511 
-0.282000 2.37462010054 0.0 -0.257118381063 -17.0739853893 0.0 2.93375852527 
-0.283000 2.39208286732 0.0 -0.260135493956 -17.1436984594 0.0 2.95971057082 
-0.284000 2.40968623848 0.0 -0.263172245074 -17.2134764027 0.0 2.98580149823 
-0.285000 2.42729173076 0.0 -0.266242724985 -17.2834039993 0.0 3.01211166723 
-0.286000 2.44503813353 0.0 -0.269333291563 -17.3533984557 0.0 3.03856199945 
-0.287000 2.46278679417 0.0 -0.272457873627 -17.4235427047 0.0 3.06523552094 
-0.288000 2.48067667169 0.0 -0.275602998875 -17.4937558367 0.0 3.09205053433 
-0.289000 2.49856894798 0.0 -0.27878242902 -17.564118868 0.0 3.11909274725 
-0.290000 2.51660274776 0.0 -0.281982867068 -17.6345528424 0.0 3.14627782955 
-0.291000 2.53463909142 0.0 -0.285217902242 -17.7051367894 0.0 3.17369418542 
-0.292000 2.55281726532 0.0 -0.288474418372 -17.7757937766 0.0 3.20125483841 
-0.293000 2.5709981325 0.0 -0.291765826775 -17.8466007751 0.0 3.22905090403 
-0.294000 2.58932113675 0.0 -0.295079197654 -17.9174829487 0.0 3.25699274637 
-0.295000 2.60764698805 0.0 -0.298427758982 -17.9885151365 0.0 3.28517420658 
-0.296000 2.62611528328 0.0 -0.301798772905 -18.059624672 0.0 3.31350297656 
-0.297000 2.64458658375 0.0 -0.305205278588 -18.130884188 0.0 3.34207563716 
-0.298000 2.66320063492 0.0 -0.308634735726 -18.2022232623 0.0 3.37079719568 
-0.299000 2.68181785407 0.0 -0.312099989184 -18.2737122454 0.0 3.39976698631 
-0.300000 2.70057813055 0.0 -0.315588701836 -18.345283036 0.0 3.42888731985 
-0.301000 2.71934174234 0.0 -0.319113518733 -18.4170036246 0.0 3.45826029707 
-0.302000 2.73824871785 0.0 -0.322662311588 -18.4888083083 0.0 3.48778552074 
-0.303000 2.75715920069 0.0 -0.326247520095 -18.5607626388 0.0 3.51756787111 
-0.304000 2.77621335334 0.0 -0.329857230494 -18.6328033913 0.0 3.54750423186 
-0.305000 2.79527119008 0.0 -0.333503671562 -18.7049935974 0.0 3.57770227513 
-0.306000 2.81447300234 0.0 -0.337175149774 -18.7772725916 0.0 3.60805615497 
-0.307000 2.83367868029 0.0 -0.340883677406 -18.8497008031 0.0 3.63867634738 
-0.308000 2.85302863898 0.0 -0.344617786904 -18.9222202084 0.0 3.66945426671 
-0.309000 2.87238264989 0.0 -0.348389268441 -18.9948885501 0.0 3.70050320435 
-0.310000 2.89188124616 0.0 -0.352186886192 -19.0676505309 0.0 3.73171182542 
-0.311000 2.9113840862 0.0 -0.356022202602 -19.1405611213 0.0 3.76319624768 
-0.312000 2.93103181557 0.0 -0.359884219356 -19.213567836 0.0 3.79484237809 
-0.313000 2.95068398532 0.0 -0.363784265531 -19.2867227858 0.0 3.82676917124 
-0.314000 2.97048134761 0.0 -0.367711586124 -19.3599763854 0.0 3.85885976757 
-0.315000 2.99028335205 0.0 -0.371677271186 -19.4333777964 0.0 3.8912359684 
-0.316000 3.01023085137 0.0 -0.375670814848 -19.5068804228 0.0 3.92377813994 
-0.317000 3.03018319987 0.0 -0.379703062459 -19.5805303861 0.0 3.95661093953 
-0.318000 3.05028134462 0.0 -0.383763763129 -19.6542841711 0.0 3.98961195208 
-0.319000 3.0703845509 0.0 -0.387863511814 -19.7281847658 0.0 4.02290869965 
-0.320000 3.09063385372 0.0 -0.391992318461 -19.8021918289 0.0 4.05637597948 
-0.321000 3.11088843586 0.0 -0.396160521934 -19.8763451202 0.0 4.09014418637 
-0.322000 3.13128941363 0.0 -0.400358398893 -19.9506075674 0.0 4.12408532421 
-0.323000 3.15169589398 0.0 -0.404596026396 -20.025015605 0.0 4.15833266793 
-0.324000 3.17224906776 0.0 -0.408863953705 -20.0995355265 0.0 4.19275542319 
-0.325000 3.19280797297 0.0 -0.413171990349 -20.1742003427 0.0 4.22748975161 
-0.326000 3.21351386798 0.0 -0.417510964098 -20.2489798116 0.0 4.26240205656 
-0.327000 3.23422572894 0.0 -0.42189041122 -20.3239034189 0.0 4.29763139223 
-0.328000 3.25508487451 0.0 -0.42630144391 -20.3989444887 0.0 4.33304135645 
-0.329000 3.2759502263 0.0 -0.430753319434 -20.4741288784 0.0 4.36877390099 
-0.330000 3.29696315586 0.0 -0.43523744034 -20.549433581 0.0 4.4046898158 
-0.331000 3.31798253772 0.0 -0.43976277915 -20.6248807206 0.0 4.44093395447 
-0.332000 3.33914978869 0.0 -0.444321034698 -20.700451064 0.0 4.47736429758 
-0.333000 3.36032374397 0.0 -0.448920889019 -20.7761628947 0.0 4.5141286039 
-0.334000 3.38164585776 0.0 -0.453554343174 -20.8520008607 0.0 4.55108204418 
-0.335000 3.40297493386 0.0 -0.45822978296 -20.9279792951 0.0 4.58837528474 
-0.336000 3.42445245579 0.0 -0.462939517617 -21.0040868368 0.0 4.62586068705 
-0.337000 3.44593720411 0.0 -0.467691630957 -21.0803337562 0.0 4.6636918264 
-0.338000 3.46757068334 0.0 -0.472478746347 -21.1567127951 0.0 4.70171825662 
-0.339000 3.4892116592 0.0 -0.477308639873 -21.233230047 0.0 4.74009646235 
-0.340000 3.51100164869 0.0 -0.482174254978 -21.3098824702 0.0 4.7786731925 
-0.341000 3.53279941128 0.0 -0.487083054286 -21.3866718648 0.0 4.81760784039 
-0.342000 3.55474646766 0.0 -0.492028307268 -21.4635995224 0.0 4.85674435393 
-0.343000 3.57670157996 0.0 -0.497017157353 -21.54066283 0.0 4.89624503328 
-0.344000 3.5988062635 0.0 -0.502043205985 -21.6178675314 0.0 4.9359510305 
-0.345000 3.62091929217 0.0 -0.507113271683 -21.6952064787 0.0 4.97602754959 
-0.346000 3.64318216668 0.0 -0.512221293802 -21.7726899895 0.0 5.01631295319 
-0.347000 3.66545368201 0.0 -0.517373760245 -21.8503062566 0.0 5.05697534488 
-0.348000 3.68787531472 0.0 -0.522564954209 -21.928070295 0.0 5.09785030566 
-0.349000 3.7103058905 0.0 -0.527801027291 -22.0059655115 0.0 5.13910883314 
-0.350000 3.73288685198 0.0 -0.533076612452 -22.0840117446 0.0 5.18058373588 
-0.351000 3.75547706543 0.0 -0.538397519309 -22.1621874854 0.0 5.22244889856 
-0.352000 3.77821792947 0.0 -0.543758736492 -22.2405175254 0.0 5.264534368 
-0.353000 3.80096836109 0.0 -0.549165725992 -22.3189753071 0.0 5.30701690759 
-0.354000 3.82386970459 0.0 -0.554613837995 -22.3975907069 0.0 5.34972381463 
-0.355000 3.84678093806 0.0 -0.560108181241 -22.4763319832 0.0 5.3928347213 
-0.356000 3.86984334088 0.0 -0.565644473342 -22.5552342321 0.0 5.43617418927 
-0.357000 3.89291596293 0.0 -0.571227464191 -22.6342603895 0.0 5.47992470806 
-0.358000 3.91614000777 0.0 -0.576853244667 -22.7134509083 0.0 5.52390811927 
-0.359000 3.93937460803 0.0 -0.582526200255 -22.792763261 0.0 5.56830975657 
-0.360000 3.9627608803 0.0 -0.588242800921 -22.8722433975 0.0 5.61294875889 
-0.361000 3.98615805116 0.0 -0.59400706221 -22.9518431826 0.0 5.65801328917 
-0.362000 4.00970713876 0.0 -0.599815838962 -23.0316142062 0.0 5.70331980289 
-0.363000 4.03326747522 0.0 -0.605672771298 -23.1115025779 0.0 5.74905927553 
-0.364000 4.05697996844 0.0 -0.61157510468 -23.1915656741 0.0 5.79504550032 
-0.365000 4.08070406791 0.0 -0.617526098358 -23.2717436985 0.0 5.84147224661 
-0.366000 4.10458055921 0.0 -0.623523394137 -23.3520999632 0.0 5.88815066868 
-0.367000 4.12846902133 0.0 -0.629569864995 -23.432568612 0.0 5.93527730904 
-0.368000 4.15251010516 0.0 -0.63566355475 -23.5132190454 0.0 5.98266070843 
-0.369000 4.17656353164 0.0 -0.641806944767 -23.5939791899 0.0 6.03050015975 
-0.370000 4.20076980424 0.0 -0.6479984865 -23.6749246898 0.0 6.07860161787 
-0.371000 4.22498879862 0.0 -0.654240264409 -23.7559770941 0.0 6.12716710106 
-0.372000 4.24936085777 0.0 -0.660531143163 -23.8372184495 0.0 6.17600000833 
-0.373000 4.2737460252 0.0 -0.666872805089 -23.9185637631 0.0 6.22530505597 
-0.374000 4.29828447004 0.0 -0.673264533587 -24.0001016468 0.0 6.27488311967 
-0.375000 4.32283641703 0.0 -0.67970760369 -24.0817403981 0.0 6.32494158394 
-0.376000 4.34754184776 0.0 -0.686201722989 -24.1635753591 0.0 6.37527883622 
-0.377000 4.37226118197 0.0 -0.692747754133 -24.2455079465 0.0 6.42610489693 
-0.378000 4.39713419961 0.0 -0.699345834293 -24.3276404021 0.0 6.47721570303 
-0.379000 4.42202152954 0.0 -0.705996408724 -24.4098670867 0.0 6.52882387581 
-0.380000 4.44706273564 0.0 -0.712700049496 -24.4922973141 0.0 6.58072294243 
-0.381000 4.47211867037 0.0 -0.71945677954 -24.5748182103 0.0 6.63312808715 
-0.382000 4.49732866672 0.0 -0.72626761107 -24.6575463376 0.0 6.68583047095 
-0.383000 4.52255381557 0.0 -0.733132139852 -24.7403614044 0.0 6.7390478003 
-0.384000 4.54793320387 0.0 -0.740051823402 -24.8233874013 0.0 6.79256891667 
-0.385000 4.57332817612 0.0 -0.747025825578 -24.9064964323 0.0 6.84661400484 
-0.386000 4.59887755765 0.0 -0.754056054267 -24.9898201001 0.0 6.90096963676 
-0.387000 4.62444296215 0.0 -0.761141236774 -25.0732227136 0.0 6.95585842839 
-0.388000 4.65016293742 0.0 -0.768283736333 -25.1568436748 0.0 7.0110647355 
-0.389000 4.67589938228 0.0 -0.775481839164 -25.2405393028 0.0 7.06681355468 
-0.390000 4.70179055062 0.0 -0.782738368714 -25.3244569902 0.0 7.1228870825 
-0.391000 4.72769864275 0.0 -0.790051165704 -25.408444867 0.0 7.17951264203 
-0.392000 4.75376160194 0.0 -0.79742351855 -25.4926585121 0.0 7.23647033131 
-0.393000 4.77984194671 0.0 -0.804852818183 -25.5769376626 0.0 7.29398974206 
-0.394000 4.80607729252 0.0 -0.812342822632 -25.6614462829 0.0 7.35184893833 
-0.395000 4.83233049328 0.0 -0.819890468873 -25.7460155099 0.0 7.41027971874 
-0.396000 4.85873881905 0.0 -0.827499989062 -25.8308178966 0.0 7.46905818199 
-0.397000 4.88516547668 0.0 -0.835167862201 -25.9156757672 0.0 7.5284182677 
-0.398000 4.9117473728 0.0 -0.842898798954 -26.0007704712 0.0 7.5881341822 
-0.399000 4.9383480852 0.0 -0.850688816478 -26.0859153031 0.0 7.64844193587 
-0.400000 4.96510413863 0.0 -0.858543108177 -26.1713006208 0.0 7.70911392005 
-0.401000 4.99187950024 0.0 -0.866457225653 -26.2567304675 0.0 7.77038814121 
-0.402000 5.01881029396 0.0 -0.874436849135 -26.3424044254 0.0 7.83203525779 
-0.403000 5.04576089516 0.0 -0.882477061124 -26.4281170605 0.0 7.89429519287 
-0.404000 5.07286700759 0.0 -0.890584032592 -26.5140773996 0.0 7.95693695895 
-0.405000 5.09999343417 0.0 -0.898752373573 -26.6000703003 0.0 8.02020231134 
-0.406000 5.12727543857 0.0 -0.906988749532 -26.686314459 0.0 8.0838587087 
-0.407000 5.15457827104 0.0 -0.915287294857 -26.7725847888 0.0 8.14814964892 
-0.408000 5.18203673487 0.0 -0.923655173069 -26.8591098854 0.0 8.2128411343 
-0.409000 5.20951654789 0.0 -0.932086039932 -26.9456544761 0.0 8.2781783102 
-0.410000 5.23715203213 0.0 -0.940587560394 -27.0324572897 0.0 8.34392582565 
-0.411000 5.26480939373 0.0 -0.949152908825 -27.1192726219 0.0 8.41033037271 
-0.412000 5.29262245217 0.0 -0.957790254762 -27.2063495731 0.0 8.477155356 
-0.413000 5.32045792308 0.0 -0.96649228864 -27.2934317561 0.0 8.54464890751 
-0.414000 5.34844910153 0.0 -0.97526768753 -27.3807788859 0.0 8.61257330255 
-0.415000 5.37646323439 0.0 -0.984108655618 -27.4681236363 0.0 8.68117799991 
-0.416000 5.40463306992 0.0 -0.993024380225 -27.5557365846 0.0 8.75022426707 
-0.417000 5.43282640844 0.0 -1.00200657723 -27.6433392038 0.0 8.81996276997 
-0.418000 5.46117542849 0.0 -1.01106494667 -27.7312131861 0.0 8.89015389642 
-0.419000 5.48954850659 0.0 -1.02019071431 -27.8190685365 0.0 8.96104939294 
-0.420000 5.51807722812 0.0 -1.02939409512 -27.9071983197 0.0 9.03240890289 
-0.421000 5.54663056902 0.0 -1.03866582324 -27.9953008001 0.0 9.10448511954 
-0.422000 5.5753394975 0.0 -1.04801663049 -28.0836806768 0.0 9.1770370843 
-0.423000 5.60407361275 0.0 -1.05743675817 -28.172024196 0.0 9.25031829583 
-0.424000 5.63296324122 0.0 -1.0669374566 -28.2606479579 0.0 9.32408734377 
-0.425000 5.66187862967 0.0 -1.07650847327 -28.3492259068 0.0 9.39859838281 
-0.426000 5.69094943763 0.0 -1.0861615784 -28.4380868163 0.0 9.47360970903 
-0.427000 5.72004658435 0.0 -1.09588602507 -28.5268920392 0.0 9.5493759755 
-0.428000 5.74929903667 0.0 -1.10569410436 -28.6159827992 0.0 9.62565535129 
-0.429000 5.77857841179 0.0 -1.11557457472 -28.7050075632 0.0 9.70270282145 
-0.430000 5.80801295754 0.0 -1.12554024877 -28.7943202861 0.0 9.78027660338 
-0.431000 5.83747501508 0.0 -1.13557939044 -28.8835562487 0.0 9.85863183857 
-0.432000 5.86709208623 0.0 -1.1457053342 -28.9730824235 0.0 9.93752697718 
-0.433000 5.89673726278 0.0 -1.1559058499 -29.0625205988 0.0 10.017217132 
-0.434000 5.92653727295 0.0 -1.16619479384 -29.1522510561 0.0 10.0974611801 
-0.435000 5.95636598637 0.0 -1.17655944267 -29.2418817794 0.0 10.1785140103 
-0.436000 5.9863493294 0.0 -1.18701417404 -29.3318066549 0.0 10.2601351305 
-0.437000 6.01636197735 0.0 -1.19754577269 -29.4216195451 0.0 10.3425790001 
-0.438000 6.04652902585 0.0 -1.20816913676 -29.5117282417 0.0 10.4256059721 
-0.439000 6.07672598432 0.0 -1.2188705608 -29.6017121621 0.0 10.5094698596 
-0.440000 6.10707708812 0.0 -1.22966546211 -29.691993309 0.0 10.5939320863 
-0.441000 6.13745870984 0.0 -1.24053964724 -29.782136326 0.0 10.6792455908 
-0.442000 6.16799419437 0.0 -1.25150905087 -29.8725777369 0.0 10.7651731039 
-0.443000 6.19856080715 0.0 -1.26255899423 -29.9628670765 0.0 10.8519664496 
-0.444000 6.22928097168 0.0 -1.27370592708 -30.0534557048 0.0 10.9393899142 
-0.445000 6.26003287665 0.0 -1.28493468852 -30.1438777077 0.0 11.0276939541 
-0.446000 6.29093799255 0.0 -1.29626224059 -30.2345995999 0.0 11.1166446722 
-0.447000 6.32187546228 0.0 -1.307672944 -30.325139673 0.0 11.206490891 
-0.448000 6.35296577105 0.0 -1.31918426972 -30.41597992 0.0 11.2970008036 
-0.449000 6.38408904764 0.0 -1.3307801043 -30.5066224869 0.0 11.3884213188 
-0.450000 6.41536475892 0.0 -1.34247842377 -30.5975651725 0.0 11.480523007 
-0.451000 6.44667405188 0.0 -1.35426264538 -30.6882936208 0.0 11.5735505688 
-0.452000 6.47813534134 0.0 -1.36615124568 -30.779321768 0.0 11.6672772534 
-0.453000 6.50963082549 0.0 -1.37812717814 -30.8701183946 0.0 11.7619452431 
-0.454000 6.54127783258 0.0 -1.39020941465 -30.9612139093 0.0 11.8573307818 
-0.455000 6.57295964571 0.0 -1.40238045101 -31.0520598626 0.0 11.9536732083 
-0.456000 6.60479247132 0.0 -1.41465974867 -31.1432034748 0.0 12.0507520921 
-0.457000 6.63666071181 0.0 -1.42702935254 -31.2340786947 0.0 12.1488035861 
-0.458000 6.66867941581 0.0 -1.43950920711 -31.3252498966 0.0 12.2476109327 
-0.459000 6.7007341401 0.0 -1.45208091392 -31.4161330518 0.0 12.3474067395 
-0.460000 6.73293873871 0.0 -1.46476489326 -31.5073100336 0.0 12.447978285 
-0.461000 6.76517995862 0.0 -1.47754231157 -31.5981784555 0.0 12.5495542539 
-0.462000 6.79757042171 0.0 -1.49043405687 -31.689338038 0.0 12.6519263415 
-0.463000 6.82999810165 0.0 -1.50342086953 -31.7801676525 0.0 12.7553189131 
-0.464000 6.86257434984 0.0 -1.51652409651 -31.871285217 0.0 12.8595284793 
-0.465000 6.89518840386 0.0 -1.52972406196 -31.9620504729 0.0 12.9647746697 
-0.466000 6.92795030552 0.0 -1.54304256205 -32.053099888 0.0 13.0708592273 
-0.467000 6.96075059423 0.0 -1.55645951543 -32.1437736824 0.0 13.177996609 
-0.468000 6.99369796227 0.0 -1.56999715694 -32.2347272277 0.0 13.2859942266 
-0.469000 7.02668428957 0.0 -1.58363501128 -32.3252808288 0.0 13.3950609058 
-0.470000 7.05981687816 0.0 -1.59739574042 -32.4161091157 0.0 13.5050101837 
-0.471000 7.09298898785 0.0 -1.61125848768 -32.506512082 0.0 13.6160447738 
-0.472000 7.12630648886 0.0 -1.62524632968 -32.5971839714 0.0 13.7279848157 
-0.473000 7.15966406103 0.0 -1.63933804183 -32.687404068 0.0 13.8410264063 
-0.474000 7.19316610042 0.0 -1.65355710185 -32.7778865847 0.0 13.9549967868 
-0.475000 7.22670874774 0.0 -1.66788193178 -32.8678896971 0.0 14.0700849083 
-0.476000 7.26039488169 0.0 -1.68233639584 -32.9581479416 0.0 14.1861256348 
-0.477000 7.29412214542 0.0 -1.69689857831 -33.0478979855 0.0 14.3033002178 
-0.478000 7.32799185629 0.0 -1.71159271411 -33.1378950421 0.0 14.4214516881 
-0.479000 7.36190320219 0.0 -1.72639656646 -33.2273538711 0.0 14.540753017 
-0.480000 7.39595589432 0.0 -1.74133472411 -33.3170507133 0.0 14.6610559705 
-0.481000 7.43005070832 0.0 -1.75638464705 -33.4061780231 0.0 14.7825246314 
-0.482000 7.46428570363 0.0 -1.77157125965 -33.4955334166 0.0 14.9050200942 
-0.483000 7.49856328732 0.0 -1.78687173779 -33.5842866469 0.0 15.0286969164 
-0.484000 7.53297982064 0.0 -1.80231132197 -33.673257049 0.0 15.1534261394 
-0.485000 7.56743938657 0.0 -1.8178669243 -33.7615912822 0.0 15.2793521294 
-0.486000 7.60203660087 0.0 -1.83356408057 -33.8501307392 0.0 15.4063565196 
-0.487000 7.63667726756 0.0 -1.84937946077 -33.937998597 0.0 15.5345727876 
-0.488000 7.67145420892 0.0 -1.8653388737 -34.0260586391 0.0 15.663893831 
-0.489000 7.70627499575 0.0 -1.88141877031 -34.1134101771 0.0 15.7944415097 
-0.490000 7.74123060808 0.0 -1.89764520865 -34.2009397108 0.0 15.9261206859 
-0.491000 7.77623042995 0.0 -1.91399444505 -34.2877223107 0.0 16.0590408399 
-0.492000 7.81136354952 0.0 -1.9304927615 -34.3746675097 0.0 16.1931195275 
-0.493000 7.84654121122 0.0 -1.94711624571 -34.4608257701 0.0 16.3284530535 
-0.494000 7.88185056098 0.0 -1.96389137665 -34.5471299652 0.0 16.4649724256 
-0.495000 7.91720475138 0.0 -1.9807941009 -34.6326055913 0.0 16.6027599423 
-0.496000 7.95268893507 0.0 -1.99785106578 -34.7182091581 0.0 16.741760852 
-0.497000 7.98821822109 0.0 -2.01503810588 -34.8029408507 0.0 16.8820425795 
-0.498000 8.02387571705 0.0 -2.03238200642 -34.8877810982 0.0 17.0235654335 
-0.499000 8.05957853737 0.0 -2.0498585208 -34.9717044424 0.0 17.1663810605 
-0.500000 8.09540769218 0.0 -2.0674945399 -35.0557155007 0.0 17.3104656814 
-0.501000 8.13128235077 0.0 -2.08526576847 -35.1387628553 0.0 17.4558542213 
-0.502000 8.16728137266 0.0 -2.10319916882 -35.2218755646 0.0 17.6025396965 
-0.503000 8.203326032 0.0 -2.12127043144 -35.303975953 0.0 17.7505393293 
-0.504000 8.23949298402 0.0 -2.13950655384 -35.386117754 0.0 17.8998638478 
-0.505000 8.2757056582 0.0 -2.15788324846 -35.4671967566 0.0 18.0505117489 
-0.506000 8.31203845119 0.0 -2.17642750974 -35.5482915838 0.0 18.2025124223 
-0.507000 8.3484169987 0.0 -2.19511511024 -35.6282712344 0.0 18.355844577 
-0.508000 8.38491338401 0.0 -2.21397300084 -35.7082394125 0.0 18.5105572475 
-0.509000 8.42145550038 0.0 -2.23297705439 -35.7870380978 0.0 18.6666082498 
-0.510000 8.45811306244 0.0 -2.25215413552 -35.8657962433 0.0 18.8240672809 
-0.511000 8.49481627264 0.0 -2.2714802596 -35.9433286087 0.0 18.9828701173 
-0.512000 8.53163242128 0.0 -2.29098215991 -36.0207895369 0.0 19.1431081698 
-0.513000 8.56849407194 0.0 -2.31063603881 -36.0969663992 0.0 19.3046939858 
-0.514000 8.60546603459 0.0 -2.33046845067 -36.1730390392 0.0 19.4677417759 
-0.515000 8.64248328609 0.0 -2.35045583149 -36.2477673066 0.0 19.6321396262 
-0.516000 8.67960809975 0.0 -2.37062450672 -36.3223566251 0.0 19.7980256671 
-0.517000 8.71677791806 0.0 -2.39095119487 -36.3955392283 0.0 19.9652622479 
-0.518000 8.7540524212 0.0 -2.41146193988 -36.4685461643 0.0 20.1340125731 
-0.519000 8.79137156966 0.0 -2.43213379405 -36.5400819984 0.0 20.3041119366 
-0.520000 8.82879239394 0.0 -2.45299246443 -36.6114034105 0.0 20.475749805 
-0.521000 8.86625742496 0.0 -2.47401539088 -36.6811872919 0.0 20.648733056 
-0.522000 8.90382098689 0.0 -2.49522788541 -36.7507159203 0.0 20.8232786391 
-0.523000 8.94142823345 0.0 -2.51660783164 -36.8186385583 0.0 20.9991636129 
-0.524000 8.979130726 0.0 -2.53818008558 -36.8862630041 0.0 21.1766336634 
-0.525000 9.01687629325 0.0 -2.55992303337 -36.9522109915 0.0 21.3554345857 
-0.526000 9.05471367741 0.0 -2.58186101106 -37.0178157152 0.0 21.5358420877 
-0.527000 9.09259343416 0.0 -2.60397296874 -37.08167154 0.0 21.7175692166 
-0.528000 9.13056143058 0.0 -2.62628265552 -37.1451368822 0.0 21.900923018 
-0.529000 9.16857100088 0.0 -2.64876964954 -37.2067789615 0.0 22.0855822687 
-0.530000 9.20666508151 0.0 -2.67145704284 -37.2679811882 0.0 22.2718866961 
-0.531000 9.24479983634 0.0 -2.69432510846 -37.32728393 0.0 22.4594792484 
-0.532000 9.28301521624 0.0 -2.71739620814 -37.3860953057 0.0 22.6487337065 
-0.533000 9.32127026528 0.0 -2.74065137943 -37.4429291983 0.0 22.8392555971 
-0.534000 9.35960189461 0.0 -2.76411217722 -37.4992180896 0.0 23.0314541515 
-0.535000 9.39797207833 0.0 -2.78776047611 -37.5534498241 0.0 23.2248958522 
-0.536000 9.43641463456 0.0 -2.81161694426 -37.6070808368 0.0 23.4200268004 
-0.537000 9.47489451645 0.0 -2.83566436874 -37.6585734645 0.0 23.6163727835 
-0.538000 9.51344239696 0.0 -2.85992244774 -37.7094076182 0.0 23.8144182131 
-0.539000 9.55202625627 0.0 -2.88437495916 -37.7580207466 0.0 24.0136465074 
-0.540000 9.59067357125 0.0 -2.90904054456 -37.805915688 0.0 24.2145818455 
-0.541000 9.62935539604 0.0 -2.93390405401 -37.8515057181 0.0 24.4166635844 
-0.542000 9.66809596198 0.0 -2.95898298231 -37.8963159788 0.0 24.6204571419 
-0.543000 9.70686944276 0.0 -2.98426333607 -37.9387363868 0.0 24.8253561075 
-0.544000 9.74569677644 0.0 -3.0097613697 -37.9803136862 0.0 25.0319686195 
-0.545000 9.78455530044 0.0 -3.03546433371 -38.0194153531 0.0 25.2396407866 
-0.546000 9.82346261362 0.0 -3.06138714505 -38.0576089505 0.0 25.4490249549 
-0.547000 9.86239925974 0.0 -3.08751838853 -38.0932405414 0.0 25.6594180384 
-0.548000 9.90137945464 0.0 -3.113871543 -38.1278976398 0.0 25.87151808 
-0.549000 9.94038698922 0.0 -3.14043662107 -38.1599060362 0.0 26.0845710914 
-0.550000 9.97943265488 0.0 -3.16722555935 -38.1908722398 0.0 26.2993222979 
-0.551000 10.0185035285 0.0 -3.19422989476 -38.2191030262 0.0 26.5149651157 
-0.552000 10.0576069381 0.0 -3.22145991411 -38.2462228534 0.0 26.7322934297 
-0.553000 10.0967332833 0.0 -3.24890877814 -38.2705208605 0.0 26.9504463905 
-0.554000 10.1358863926 0.0 -3.27658501286 -38.2936383143 0.0 27.1702680047 
-0.555000 10.1750600227 0.0 -3.30448350538 -38.3138482189 0.0 27.3908415204 
-0.556000 10.2142544699 0.0 -3.33261090653 -38.3328074148 0.0 27.6130625072 
-0.557000 10.2534668797 0.0 -3.36096393526 -38.3487743978 0.0 27.8359567163 
-0.558000 10.2926939861 0.0 -3.38954724965 -38.3634202492 0.0 28.0604726942 
-0.559000 10.3319363528 0.0 -3.41835950882 -38.3749907103 0.0 28.2855771541 
-0.560000 10.3711871258 0.0 -3.44740325735 -38.385169671 0.0 28.5122729989 
-0.561000 10.4104503128 0.0 -3.47667920572 -38.3921919986 0.0 28.7394664274 
-0.562000 10.4497154494 0.0 -3.50618766122 -38.3977528599 0.0 28.9682160364 
-0.563000 10.4889900107 0.0 -3.5359314996 -38.4000782548 0.0 29.1973661103 
-0.564000 10.5282599037 0.0 -3.56590866424 -38.4008729947 0.0 29.4280322274 
-0.565000 10.5675360906 0.0 -3.59612431271 -38.3983563429 0.0 29.6589954464 
-0.566000 10.606800836 0.0 -3.62657389513 -38.3942410224 0.0 29.8914295567 
-0.567000 10.6460686054 0.0 -3.65726496998 -38.3867418126 0.0 30.1240511806 
-0.568000 10.6853180116 0.0 -3.68819036233 -38.3775775155 0.0 30.3580934822 
-0.569000 10.7245670361 0.0 -3.71936015301 -38.3649607954 0.0 30.59220755 
-0.570000 10.7637906359 0.0 -3.75076440797 -38.3506146023 0.0 30.827687011 
-0.571000 10.8030103163 0.0 -3.78241585406 -38.3327519661 0.0 31.0631164487 
-0.572000 10.8421973794 0.0 -3.81430166212 -38.3130979571 0.0 31.2998509571 
-0.573000 10.8813768591 0.0 -3.84643733074 -38.2898685553 0.0 31.5364077816 
-0.574000 10.9205164081 0.0 -3.87880699788 -38.2647888307 0.0 31.7742043943 
-0.575000 10.9596445891 0.0 -3.91142906147 -38.2360803926 0.0 32.0116900195 
-0.576000 10.9987254173 0.0 -3.9442844875 -38.2054661008 0.0 32.250345316 
-0.577000 11.037790979 0.0 -3.97739470244 -38.1711759582 0.0 32.4885509657 
-0.578000 11.0768016693 0.0 -4.01073736009 -38.1349283198 0.0 32.7278515119 
-0.579000 11.1157930892 0.0 -4.04433704619 -38.0949644197 0.0 32.966558744 
-0.580000 11.1547220364 0.0 -4.07816796143 -38.052995734 0.0 33.206281667 
-0.581000 11.1936276125 0.0 -4.11225798263 -38.0072776265 0.0 33.4452630102 
-0.582000 11.2324630467 0.0 -4.14657771611 -37.9595122478 0.0 33.6851766883 
-0.583000 11.2712709224 0.0 -4.18115846259 -37.9079720353 0.0 33.9241963925 
-0.584000 11.310000935 0.0 -4.2159670928 -37.8543473033 0.0 34.1640612576 
-0.585000 11.3486991254 0.0 -4.2510384647 -37.7969305371 0.0 34.4028761558 
-0.586000 11.3873116964 0.0 -4.28633557271 -37.7373976474 0.0 34.6424456068 
-0.587000 11.4258881167 0.0 -4.3218969658 -37.6740641557 0.0 34.8808060853 
-0.588000 11.4643711438 0.0 -4.35768162213 -37.6085889552 0.0 35.1198275073 
-0.589000 11.5028136396 0.0 -4.39373191545 -37.5393135885 0.0 35.357478578 
-0.590000 11.5411549691 0.0 -4.43000266907 -37.4678772814 0.0 35.5956944613 
-0.591000 11.5794513474 0.0 -4.46654021495 -37.3926505609 0.0 35.8323769282 
-0.592000 11.6176388064 0.0 -4.50329508464 -37.3152503114 0.0 36.0695260767 
-0.593000 11.6557768683 0.0 -4.54031770116 -37.2340789671 0.0 36.3049777868 
-0.594000 11.6937982974 0.0 -4.57755416951 -37.1507283851 0.0 36.5407966051 
-0.595000 11.731765872 0.0 -4.61505913558 -37.0636357712 0.0 36.7747537704 
-0.596000 11.7696091598 0.0 -4.6527741456 -36.9743652708 0.0 37.0089776173 
-0.597000 11.8073941383 0.0 -4.69075819883 -36.8813916487 0.0 37.2411761936 
-0.598000 11.8450472556 0.0 -4.72894815347 -36.7862486686 0.0 37.473540785 
-0.599000 11.8826376263 0.0 -4.76740749089 -36.6874513472 0.0 37.7037178932 
-0.600000 11.9200886612 0.0 -4.80606825539 -36.5865004265 0.0 37.9339607386 
-0.601000 11.9574725445 0.0 -4.84499853712 -36.4819537554 0.0 38.1618561086 
-0.602000 11.994709737 0.0 -4.88412544435 -36.3752764588 0.0 38.3897179637 
-0.603000 12.0318754199 0.0 -4.92352180027 -36.2650716692 0.0 38.6150753849 
-0.604000 12.0688871969 0.0 -4.96310965906 -36.1527663586 0.0 38.8403017006 
-0.605000 12.1058231678 0.0 -5.00296669836 -36.0370112517 0.0 39.0628704574 
-0.606000 12.1425981765 0.0 -5.04300980469 -35.919192706 0.0 39.2852128063 
-0.607000 12.1792931585 0.0 -5.08332162844 -35.7980111893 0.0 39.5047490821 
-0.608000 12.2158202996 0.0 -5.12381377962 -35.6748100732 0.0 39.7239665441 
-0.609000 12.252263283 0.0 -5.1645739961 -35.5483415509 0.0 39.9402347729 
-0.610000 12.2885317423 0.0 -5.20550850757 -35.4199037403 0.0 40.1560952597 
-0.611000 12.3247120159 0.0 -5.24671025035 -35.288302363 0.0 40.368869408 
-0.612000 12.3607112945 0.0 -5.28807997524 -35.1547881342 0.0 40.5811509101 
-0.613000 12.3966184749 0.0 -5.32971592376 -35.0182219195 0.0 40.7902156722 
-0.614000 12.4323384176 0.0 -5.37151327481 -34.8798050136 0.0 40.9987074123 
-0.615000 12.4679624767 0.0 -5.41357567741 -34.7384548482 0.0 41.203859303 
-0.616000 12.5033932983 0.0 -5.45579265112 -34.5953214235 0.0 41.4083627802 
-0.617000 12.5387245888 0.0 -5.49827335011 -34.4493799623 0.0 41.6094111132 
-0.618000 12.5738568983 0.0 -5.54090155297 -34.301727451 0.0 41.8097410261 
-0.619000 12.6088861767 0.0 -5.58379201164 -34.1513979279 0.0 42.0065087647 
-0.620000 12.6437109985 0.0 -5.62682268802 -33.9994338109 0.0 42.2024938048 
-0.621000 12.6784294458 0.0 -5.67011401926 -33.8449287792 0.0 42.3948182787 
-0.622000 12.7129382393 0.0 -5.7135380808 -33.6888693002 0.0 42.5863017846 
-0.623000 12.7473374788 0.0 -5.75722107706 -33.5304093205 0.0 42.774035265 
-0.624000 12.7815221543 0.0 -5.80102913323 -33.370478154 0.0 42.9608757343 
-0.625000 12.8155942667 0.0 -5.84509429753 -33.2082904473 0.0 43.1438858659 
-0.626000 12.8494471995 0.0 -5.88927668707 -33.0447173418 0.0 43.3259573222 
-0.627000 12.8831847355 0.0 -5.93371426476 -32.8790344267 0.0 43.5041274095 
-0.628000 12.9166987765 0.0 -5.97826108774 -32.7120538395 0.0 43.6813196252 
-0.629000 12.9500947663 0.0 -6.02306109869 -32.543112171 0.0 43.8545487768 
-0.630000 12.9832632499 0.0 -6.06796224879 -32.3729619122 0.0 44.0267673553 
-0.631000 13.0163112103 0.0 -6.11311451982 -32.2010005396 0.0 44.1949704898 
-0.632000 13.0491279599 0.0 -6.1583597167 -32.0279204423 0.0 44.3621368113 
-0.633000 13.081821898 0.0 -6.20385391378 -31.8531797005 0.0 44.5252445319 
-0.634000 13.1142812286 0.0 -6.24943273517 -31.6774103325 0.0 44.6872955717 
-0.635000 13.1466156438 0.0 -6.29525839539 -31.5001305822 0.0 44.8452539164 
-0.636000 13.1787123621 0.0 -6.34116030862 -31.3219120108 0.0 45.0021419438 
-0.637000 13.2106822447 0.0 -6.38730687143 -31.1423324401 0.0 45.1549120232 
-0.638000 13.2424116466 0.0 -6.43352126429 -30.9619030642 0.0 45.3066041919 
-0.639000 13.2740124745 0.0 -6.47997810196 -30.7802605611 0.0 45.4541617241 
-0.640000 13.3053703404 0.0 -6.52649431259 -30.5978560186 0.0 45.6006395659 
-0.641000 13.3365980737 0.0 -6.5732507596 -30.4143841243 0.0 45.7429743213 
-0.642000 13.3675806617 0.0 -6.6200581052 -30.2302362831 0.0 45.8842331547 
-0.643000 13.3984317345 0.0 -6.66710348646 -30.0451642325 0.0 46.0213483233 
-0.644000 13.4290357716 0.0 -6.71419129076 -29.8595002714 0.0 46.1573965906 
-0.645000 13.4595070828 0.0 -6.76151494846 -29.6730521252 0.0 46.289308084 
-0.646000 13.4897297544 0.0 -6.80887256774 -29.4860937081 0.0 46.4201666287 
-0.647000 13.5198186563 0.0 -6.85646388669 -29.2984875803 0.0 46.54690233 
-0.648000 13.5496575937 0.0 -6.90408073426 -29.1104501258 0.0 46.6726036285 
-0.649000 13.5793618792 0.0 -6.9519291657 -28.9218975068 0.0 46.7942026025 
-0.650000 13.6088151466 0.0 -6.99979473477 -28.7329895545 0.0 46.9147899607 
-0.651000 13.6381330351 0.0 -7.04788981853 -28.5436947307 0.0 47.0313016365 
-0.652000 13.6671991142 0.0 -7.09599370341 -28.3541174023 0.0 47.1468283638 
-0.653000 13.6961292367 0.0 -7.14432508835 -28.1642769693 0.0 47.2583116999 
-0.654000 13.7248070116 0.0 -7.19265700396 -27.9742235228 0.0 47.3688402716 
-0.655000 13.7533483941 0.0 -7.24121446673 -27.7840259896 0.0 47.4753629153 
-0.656000 13.7816371343 0.0 -7.28976426635 -27.5936814625 0.0 47.5809641326 
-0.657000 13.8097891816 0.0 -7.33853772842 -27.4033069436 0.0 47.682601582 
-0.658000 13.8376885251 0.0 -7.38729541975 -27.2128478814 0.0 47.7833537388 
-0.659000 13.8654510027 0.0 -7.43627496273 -27.0224678705 0.0 47.8801885163 
-0.660000 13.8929609383 0.0 -7.48523072227 -26.8320621353 0.0 47.9761765808 
-0.661000 13.9203339554 0.0 -7.53440660158 -26.6418393558 0.0 48.0682974251 
-0.662000 13.9474548047 0.0 -7.58355078733 -26.4516460084 0.0 48.1596122426 
-0.663000 13.9744387957 0.0 -7.63291344419 -26.2617343359 0.0 48.2471133254 
-0.664000 14.0011711951 0.0 -7.68223660679 -26.0719035869 0.0 48.3338508488 
-0.665000 14.0277669017 0.0 -7.73177667868 -25.882448035 0.0 48.4168310216 
-0.666000 14.054111784 0.0 -7.78126957094 -25.6931212569 0.0 48.4990915733 
-0.667000 14.080320237 0.0 -7.83097790057 -25.5042580224 0.0 48.5776536485 
-0.668000 14.1062788139 0.0 -7.88063148562 -25.3155678181 0.0 48.6555412184 
-0.669000 14.1321013154 0.0 -7.93049912837 -25.1274243781 0.0 48.7297912875 
-0.670000 14.1576750591 0.0 -7.98030458632 -24.9394946976 0.0 48.8034128693 
-0.671000 14.1831131646 0.0 -8.03032281645 -24.7521899517 0.0 48.8734596614 
-0.672000 14.2083037906 0.0 -8.0802715498 -24.5651362526 0.0 48.9429246297 
-0.673000 14.2333592919 0.0 -8.13043186527 -24.3787807055 0.0 49.0088789112 
-0.674000 14.2581687418 0.0 -8.18051550312 -24.1927101497 0.0 49.0742984401 
-0.675000 14.2828436499 0.0 -8.23080962929 -24.0074061269 0.0 49.1362724565 
-0.676000 14.3072740744 0.0 -8.28102003029 -23.8224178092 0.0 49.197758981 
-0.677000 14.3315706029 0.0 -8.33143992249 -23.6382597016 0.0 49.2558659421 
-0.678000 14.3556243459 0.0 -8.38176917689 -23.4544449034 0.0 49.3135326618 
-0.679000 14.3795448951 0.0 -8.432307022 -23.2715194345 0.0 49.3678862682 
-0.680000 14.403224478 0.0 -8.48274745259 -23.0889618993 0.0 49.4218466931 
-0.681000 14.4267716196 0.0 -8.53339566967 -22.9073484106 0.0 49.4725607051 
-0.682000 14.4500797258 0.0 -8.58393983193 -22.7261246353 0.0 49.5229282425 
-0.683000 14.4732561878 0.0 -8.63469107199 -22.5458953861 0.0 49.5701160892 
-0.684000 14.4961956487 0.0 -8.68533175343 -22.3660749241 0.0 49.6170036701 
-0.685000 14.5190043016 0.0 -8.73617889849 -22.1872954009 0.0 49.6607780976 
-0.686000 14.5415780826 0.0 -8.7869091172 -22.0089411745 0.0 49.7042978418 
-0.687000 14.5640219254 0.0 -8.8378452786 -21.8316704066 0.0 49.7447705991 
-0.688000 14.5862331124 0.0 -8.88865828128 -21.6548390232 0.0 49.7850335169 
-0.689000 14.60831526 0.0 -8.93967679743 -21.479129902 0.0 49.8223150767 
-0.690000 14.6301670473 0.0 -8.99056605672 -21.3038719732 0.0 49.8594308051 
-0.691000 14.6518907181 0.0 -9.04166049029 -21.1297715717 0.0 49.893630119 
-0.692000 14.6733863961 0.0 -9.09261970168 -20.9561320311 0.0 49.9277066903 
-0.693000 14.6947549004 0.0 -9.1437838363 -20.7836819211 0.0 49.9589309755 
-0.694000 14.7158978448 0.0 -9.1948069146 -20.6117003395 0.0 49.9900746169 
-0.695000 14.7369145737 0.0 -9.24603475118 -20.4409369055 0.0 50.0184291716 
-0.696000 14.7577082345 0.0 -9.29711582658 -20.2706478014 0.0 50.0467441332 
-0.697000 14.7783766499 0.0 -9.34840157928 -20.1016025476 0.0 50.0723321803 
-0.698000 14.7988245414 0.0 -9.39953499309 -19.9330356909 0.0 50.0979205892 
-0.699000 14.8191481661 0.0 -9.45087308494 -19.7657355421 0.0 50.1208431444 
