0.000000 80.000000 0.000000 0.000000 0.000000 0.000000 80.000000 
-0.001000 80.000000 0.000000 -0.081817 0.349339 0.000000 80.047342 
-0.002000 79.999285 0.000000 -0.163731 0.699155 0.000000 80.093405 
-0.003000 79.998570 0.000000 -0.245642 1.048494 0.000000 80.140747 
-0.004000 79.997141 0.000000 -0.327653 1.398795 0.000000 80.185570 
-0.005000 79.995709 0.000000 -0.409655 1.748614 0.000000 80.231738 
-0.006000 79.993564 0.000000 -0.491761 2.099402 0.000000 80.275462 
-0.007000 79.991415 0.000000 -0.573853 2.449704 0.000000 80.320607 
-0.008000 79.988553 0.000000 -0.656050 2.800983 0.000000 80.363373 
-0.009000 79.985685 0.000000 -0.738230 3.151773 0.000000 80.407615 
-0.010000 79.982107 0.000000 -0.820518 3.503547 0.000000 80.449519 
-0.011000 79.978519 0.000000 -0.902783 3.854829 0.000000 80.492933 
-0.012000 79.974222 0.000000 -0.985160 4.207104 0.000000 80.534033 
-0.013000 79.969914 0.000000 -1.067510 4.558883 0.000000 80.576664 
-0.014000 79.964897 0.000000 -1.149974 4.911663 0.000000 80.616994 
-0.015000 79.959867 0.000000 -1.232406 5.263945 0.000000 80.658867 
-0.016000 79.954130 0.000000 -1.314955 5.617236 0.000000 80.698446 
-0.017000 79.948378 0.000000 -1.397468 5.970026 0.000000 80.739577 
-0.018000 79.941919 0.000000 -1.480102 6.323833 0.000000 80.778417 
-0.019000 79.935443 0.000000 -1.562694 6.677137 0.000000 80.818814 
-0.020000 79.928261 0.000000 -1.645411 7.031466 0.000000 80.856921 
-0.021000 79.921061 0.000000 -1.728081 7.385289 0.000000 80.896589 
-0.022000 79.913155 0.000000 -1.810879 7.740145 0.000000 80.933967 
-0.023000 79.905229 0.000000 -1.893625 8.094493 0.000000 80.972908 
-0.024000 79.896599 0.000000 -1.976503 8.449883 0.000000 81.009558 
-0.025000 79.887945 0.000000 -2.059324 8.804761 0.000000 81.047772 
-0.026000 79.878589 0.000000 -2.142280 9.160689 0.000000 81.083695 
-0.027000 79.869208 0.000000 -2.225175 9.516104 0.000000 81.121183 
-0.028000 79.859125 0.000000 -2.308207 9.872577 0.000000 81.156377 
-0.029000 79.849014 0.000000 -2.391174 10.228534 0.000000 81.193137 
-0.030000 79.838203 0.000000 -2.474281 10.585556 0.000000 81.227601 
-0.031000 79.827362 0.000000 -2.557319 10.942061 0.000000 81.263631 
-0.032000 79.815822 0.000000 -2.640500 11.299639 0.000000 81.297362 
-0.033000 79.804249 0.000000 -2.723607 11.656697 0.000000 81.332661 
-0.034000 79.791979 0.000000 -2.806860 12.014837 0.000000 81.365658 
-0.035000 79.779674 0.000000 -2.890034 12.372453 0.000000 81.400222 
-0.036000 79.766672 0.000000 -2.973358 12.731160 0.000000 81.432481 
-0.037000 79.753633 0.000000 -3.056598 13.089341 0.000000 81.466309 
-0.038000 79.739899 0.000000 -3.139991 13.448621 0.000000 81.497828 
-0.039000 79.726125 0.000000 -3.223296 13.807373 0.000000 81.530916 
-0.040000 79.711657 0.000000 -3.306756 14.167231 0.000000 81.561691 
-0.041000 79.697147 0.000000 -3.390124 14.526558 0.000000 81.594036 
-0.042000 79.681944 0.000000 -3.473651 14.887001 0.000000 81.624064 
-0.043000 79.666697 0.000000 -3.557080 15.246910 0.000000 81.655663 
-0.044000 79.650757 0.000000 -3.640671 15.607943 0.000000 81.684941 
-0.045000 79.634772 0.000000 -3.724160 15.968439 0.000000 81.715789 
-0.046000 79.618095 0.000000 -3.807815 16.330067 0.000000 81.744314 
-0.047000 79.601370 0.000000 -3.891362 16.691156 0.000000 81.774409 
-0.048000 79.583955 0.000000 -3.975078 17.053386 0.000000 81.802176 
-0.049000 79.566489 0.000000 -4.058682 17.415074 0.000000 81.831514 
-0.050000 79.548334 0.000000 -4.142458 17.777910 0.000000 81.858520 
-0.051000 79.530125 0.000000 -4.226117 18.140203 0.000000 81.887097 
-0.052000 79.511229 0.000000 -4.309952 18.503652 0.000000 81.913337 
-0.053000 79.492278 0.000000 -4.393665 18.866555 0.000000 81.941149 
-0.054000 79.472639 0.000000 -4.477556 19.230622 0.000000 81.966621 
-0.055000 79.452943 0.000000 -4.561321 19.594140 0.000000 81.993664 
-0.056000 79.432561 0.000000 -4.645268 19.958832 0.000000 82.018361 
-0.057000 79.412119 0.000000 -4.729084 20.322972 0.000000 82.044631 
-0.058000 79.390992 0.000000 -4.813084 20.688293 0.000000 82.068552 
-0.059000 79.369802 0.000000 -4.896949 21.053060 0.000000 82.094044 
-0.060000 79.347929 0.000000 -4.981001 21.419016 0.000000 82.117182 
-0.061000 79.325991 0.000000 -5.064913 21.784416 0.000000 82.141893 
-0.062000 79.303371 0.000000 -5.149016 22.151014 0.000000 82.164245 
-0.063000 79.280683 0.000000 -5.232974 22.517053 0.000000 82.188170 
-0.064000 79.257314 0.000000 -5.317126 22.884297 0.000000 82.209731 
-0.065000 79.233875 0.000000 -5.401128 23.250980 0.000000 82.232865 
-0.066000 79.209756 0.000000 -5.485327 23.618877 0.000000 82.253630 
-0.067000 79.185564 0.000000 -5.569371 23.986210 0.000000 82.275970 
-0.068000 79.160694 0.000000 -5.653617 24.354765 0.000000 82.295935 
-0.069000 79.135749 0.000000 -5.737702 24.722754 0.000000 82.317474 
-0.070000 79.110125 0.000000 -5.821991 25.091972 0.000000 82.336634 
-0.071000 79.084425 0.000000 -5.906115 25.460623 0.000000 82.357369 
-0.072000 79.058047 0.000000 -5.990446 25.830511 0.000000 82.375719 
-0.073000 79.031590 0.000000 -6.074608 26.199829 0.000000 82.395644 
-0.074000 79.004458 0.000000 -6.158980 26.570392 0.000000 82.413179 
-0.075000 78.977243 0.000000 -6.243178 26.940383 0.000000 82.432290 
-0.076000 78.949353 0.000000 -6.327590 27.311627 0.000000 82.449005 
-0.077000 78.921379 0.000000 -6.411821 27.682297 0.000000 82.467296 
-0.078000 78.892731 0.000000 -6.496270 28.054228 0.000000 82.483186 
-0.079000 78.863996 0.000000 -6.580534 28.425581 0.000000 82.500652 
-0.080000 78.834589 0.000000 -6.665019 28.798205 0.000000 82.515712 
-0.081000 78.805091 0.000000 -6.749314 29.170249 0.000000 82.532348 
-0.082000 78.774923 0.000000 -6.833833 29.543570 0.000000 82.546572 
-0.083000 78.744662 0.000000 -6.918157 29.916310 0.000000 82.562373 
-0.084000 78.713732 0.000000 -7.002708 30.290335 0.000000 82.575756 
-0.085000 78.682706 0.000000 -7.087059 30.663776 0.000000 82.590717 
-0.086000 78.651011 0.000000 -7.171641 31.038511 0.000000 82.603252 
-0.087000 78.619219 0.000000 -7.256018 31.412660 0.000000 82.617367 
-0.088000 78.586759 0.000000 -7.340628 31.788110 0.000000 82.629050 
-0.089000 78.554199 0.000000 -7.425029 32.162972 0.000000 82.642313 
-0.090000 78.520972 0.000000 -7.509667 32.539143 0.000000 82.653138 
-0.091000 78.487642 0.000000 -7.594090 32.914724 0.000000 82.665543 
-0.092000 78.453647 0.000000 -7.678753 33.291622 0.000000 82.675504 
-0.093000 78.419547 0.000000 -7.763197 33.667927 0.000000 82.687047 
-0.094000 78.384782 0.000000 -7.847883 34.045558 0.000000 82.696138 
-0.095000 78.349909 0.000000 -7.932345 34.422594 0.000000 82.706811 
-0.096000 78.314373 0.000000 -8.017054 34.800963 0.000000 82.715026 
-0.097000 78.278726 0.000000 -8.101533 35.178735 0.000000 82.724824 
-0.098000 78.242418 0.000000 -8.186261 35.557848 0.000000 82.732157 
-0.099000 78.205996 0.000000 -8.270755 35.936362 0.000000 82.741073 
-0.100000 78.168913 0.000000 -8.355502 36.316225 0.000000 82.747519 
-0.101000 78.131713 0.000000 -8.440009 36.695487 0.000000 82.755547 
-0.102000 78.093855 0.000000 -8.524772 37.076105 0.000000 82.761098 
-0.103000 78.055877 0.000000 -8.609290 37.456121 0.000000 82.768233 
-0.104000 78.017241 0.000000 -8.694068 37.837501 0.000000 82.772883 
-0.105000 77.978483 0.000000 -8.778596 38.218276 0.000000 82.779117 
-0.106000 77.939069 0.000000 -8.863386 38.600423 0.000000 82.782859 
-0.107000 77.899529 0.000000 -8.947922 38.981964 0.000000 82.788188 
-0.108000 77.859334 0.000000 -9.032723 39.364884 0.000000 82.791016 
-0.109000 77.819011 0.000000 -9.117265 39.747195 0.000000 82.795430 
-0.110000 77.778034 0.000000 -9.202075 40.130895 0.000000 82.797337 
-0.111000 77.736927 0.000000 -9.286621 40.513983 0.000000 82.800832 
-0.112000 77.695166 0.000000 -9.371438 40.898467 0.000000 82.801812 
-0.113000 77.653272 0.000000 -9.455985 41.282339 0.000000 82.804379 
-0.114000 77.610726 0.000000 -9.540808 41.667613 0.000000 82.804424 
-0.115000 77.568044 0.000000 -9.625356 42.052273 0.000000 82.806058 
-0.116000 77.524711 0.000000 -9.710182 42.438344 0.000000 82.805161 
-0.117000 77.481239 0.000000 -9.794727 42.823799 0.000000 82.805854 
-0.118000 77.437119 0.000000 -9.879555 43.210673 0.000000 82.804008 
-0.119000 77.392855 0.000000 -9.964097 43.596928 0.000000 82.803753 
-0.120000 77.347944 0.000000 -10.048924 43.984609 0.000000 82.800952 
-0.121000 77.302888 0.000000 -10.133460 44.371671 0.000000 82.799741 
-0.122000 77.257185 0.000000 -10.218284 44.760167 0.000000 82.795976 
-0.123000 77.211335 0.000000 -10.302813 45.148041 0.000000 82.793803 
-0.124000 77.164839 0.000000 -10.387633 45.537356 0.000000 82.789066 
-0.125000 77.118191 0.000000 -10.472151 45.926049 0.000000 82.785923 
-0.126000 77.070900 0.000000 -10.556965 46.316190 0.000000 82.780208 
-0.127000 77.023455 0.000000 -10.641472 46.705707 0.000000 82.776087 
-0.128000 76.975367 0.000000 -10.726277 47.096680 0.000000 82.769386 
-0.129000 76.927122 0.000000 -10.810771 47.487027 0.000000 82.764279 
-0.130000 76.878236 0.000000 -10.895565 47.878838 0.000000 82.756583 
-0.131000 76.829190 0.000000 -10.980043 48.270021 0.000000 82.750483 
-0.132000 76.779503 0.000000 -11.064825 48.662676 0.000000 82.741785 
-0.133000 76.729654 0.000000 -11.149285 49.054702 0.000000 82.734684 
-0.134000 76.679166 0.000000 -11.234053 49.448206 0.000000 82.724975 
-0.135000 76.628511 0.000000 -11.318493 49.841080 0.000000 82.716864 
-0.136000 76.577220 0.000000 -11.403244 50.235439 0.000000 82.706137 
-0.137000 76.525759 0.000000 -11.487662 50.629168 0.000000 82.697009 
-0.138000 76.473661 0.000000 -11.572394 51.024389 0.000000 82.685255 
-0.139000 76.421392 0.000000 -11.656788 51.418978 0.000000 82.675100 
-0.140000 76.368488 0.000000 -11.741500 51.815067 0.000000 82.662311 
-0.141000 76.315408 0.000000 -11.825868 52.210522 0.000000 82.651121 
-0.142000 76.261695 0.000000 -11.910557 52.607484 0.000000 82.637288 
-0.143000 76.207804 0.000000 -11.994896 53.003812 0.000000 82.625055 
-0.144000 76.153280 0.000000 -12.079560 53.401654 0.000000 82.610169 
-0.145000 76.098575 0.000000 -12.163869 53.798861 0.000000 82.596885 
-0.146000 76.043238 0.000000 -12.248505 54.197589 0.000000 82.580937 
-0.147000 75.987718 0.000000 -12.332782 54.595680 0.000000 82.566592 
-0.148000 75.931567 0.000000 -12.417389 54.995299 0.000000 82.549573 
-0.149000 75.875229 0.000000 -12.501631 55.394281 0.000000 82.534158 
-0.150000 75.818262 0.000000 -12.586207 55.794799 0.000000 82.516059 
-0.151000 75.761105 0.000000 -12.670411 56.194678 0.000000 82.499565 
-0.152000 75.703320 0.000000 -12.754953 56.596100 0.000000 82.480378 
-0.153000 75.645342 0.000000 -12.839119 56.996882 0.000000 82.462796 
-0.154000 75.586737 0.000000 -12.923625 57.399214 0.000000 82.442509 
-0.155000 75.527936 0.000000 -13.007749 57.800905 0.000000 82.423829 
-0.156000 75.468510 0.000000 -13.092216 58.204154 0.000000 82.402435 
-0.157000 75.408884 0.000000 -13.176296 58.606761 0.000000 82.382647 
-0.158000 75.348634 0.000000 -13.260724 59.010932 0.000000 82.360135 
-0.159000 75.288181 0.000000 -13.344758 59.414461 0.000000 82.339231 
-0.160000 75.227107 0.000000 -13.429142 59.819560 0.000000 82.315590 
-0.161000 75.165825 0.000000 -13.513128 60.224017 0.000000 82.293559 
-0.162000 75.103923 0.000000 -13.597468 60.630051 0.000000 82.268781 
-0.163000 75.041811 0.000000 -13.681403 61.035443 0.000000 82.245613 
-0.164000 74.979080 0.000000 -13.765695 61.442418 0.000000 82.219687 
-0.165000 74.916135 0.000000 -13.849577 61.848750 0.000000 82.195371 
-0.166000 74.852573 0.000000 -13.933819 62.256673 0.000000 82.168287 
-0.167000 74.788794 0.000000 -14.017646 62.663952 0.000000 82.142814 
-0.168000 74.724398 0.000000 -14.101836 63.072829 0.000000 82.114561 
-0.169000 74.659783 0.000000 -14.185605 63.481061 0.000000 82.087920 
-0.170000 74.594553 0.000000 -14.269741 63.890897 0.000000 82.058487 
-0.171000 74.529099 0.000000 -14.353449 64.300090 0.000000 82.030667 
-0.172000 74.463032 0.000000 -14.437528 64.710892 0.000000 82.000044 
-0.173000 74.396738 0.000000 -14.521174 65.121050 0.000000 81.971035 
-0.174000 74.329831 0.000000 -14.605194 65.532825 0.000000 81.939210 
-0.175000 74.262695 0.000000 -14.688775 65.943956 0.000000 81.909001 
-0.176000 74.194948 0.000000 -14.772733 66.356710 0.000000 81.875964 
-0.177000 74.126968 0.000000 -14.856246 66.768820 0.000000 81.844542 
-0.178000 74.058377 0.000000 -14.940139 67.182559 0.000000 81.810281 
-0.179000 73.989551 0.000000 -15.023583 67.595654 0.000000 81.777637 
-0.180000 73.920116 0.000000 -15.107409 68.010384 0.000000 81.742141 
-0.181000 73.850441 0.000000 -15.190780 68.424472 0.000000 81.708262 
-0.182000 73.780159 0.000000 -15.274537 68.840200 0.000000 81.671518 
-0.183000 73.709633 0.000000 -15.357833 69.255286 0.000000 81.636393 
-0.184000 73.638502 0.000000 -15.441518 69.672019 0.000000 81.598391 
-0.185000 73.567125 0.000000 -15.524736 70.088109 0.000000 81.562007 
-0.186000 73.495142 0.000000 -15.608347 70.505853 0.000000 81.522734 
-0.187000 73.422910 0.000000 -15.691485 70.922955 0.000000 81.485080 
-0.188000 73.350075 0.000000 -15.775019 71.341717 0.000000 81.444524 
-0.189000 73.276986 0.000000 -15.858073 71.759837 0.000000 81.405588 
-0.190000 73.203295 0.000000 -15.941528 72.179622 0.000000 81.363735 
-0.191000 73.129348 0.000000 -16.024497 72.598767 0.000000 81.323504 
-0.192000 73.054800 0.000000 -16.107869 73.019583 0.000000 81.280343 
-0.193000 72.979992 0.000000 -16.190750 73.439759 0.000000 81.238805 
-0.194000 72.904585 0.000000 -16.274037 73.861612 0.000000 81.194323 
-0.195000 72.828914 0.000000 -16.356826 74.282825 0.000000 81.151464 
-0.196000 72.752645 0.000000 -16.440026 74.705722 0.000000 81.105648 
-0.197000 72.676109 0.000000 -16.522722 75.127980 0.000000 81.061455 
-0.198000 72.598976 0.000000 -16.605831 75.551927 0.000000 81.014291 
-0.199000 72.521573 0.000000 -16.688431 75.975237 0.000000 80.968752 
-0.200000 72.443575 0.000000 -16.771447 76.400241 0.000000 80.920227 
-0.201000 72.365302 0.000000 -16.853947 76.824608 0.000000 80.873327 
-0.202000 72.286436 0.000000 -16.936867 77.250676 0.000000 80.823429 
-0.203000 72.207292 0.000000 -17.019265 77.676108 0.000000 80.775155 
-0.204000 72.127555 0.000000 -17.102086 78.103245 0.000000 80.723867 
-0.205000 72.047538 0.000000 -17.184379 78.529750 0.000000 80.674205 
-0.206000 71.966928 0.000000 -17.267099 78.957964 0.000000 80.621516 
-0.207000 71.886035 0.000000 -17.349285 79.385547 0.000000 80.570452 
-0.208000 71.804551 0.000000 -17.431900 79.814844 0.000000 80.516345 
-0.209000 71.722780 0.000000 -17.513975 80.243512 0.000000 80.463865 
-0.210000 71.640419 0.000000 -17.596483 80.673900 0.000000 80.408327 
-0.211000 71.557767 0.000000 -17.678444 81.103660 0.000000 80.354415 
-0.212000 71.474528 0.000000 -17.760842 81.535145 0.000000 80.297431 
-0.213000 71.390993 0.000000 -17.842686 81.966004 0.000000 80.242074 
-0.214000 71.306873 0.000000 -17.924971 82.398593 0.000000 80.183628 
-0.215000 71.222453 0.000000 -18.006696 82.830558 0.000000 80.126810 
-0.216000 71.137449 0.000000 -18.088864 83.264258 0.000000 80.066888 
-0.217000 71.052143 0.000000 -18.170467 83.697336 0.000000 80.008593 
-0.218000 70.966252 0.000000 -18.252516 84.132153 0.000000 79.947180 
-0.219000 70.880057 0.000000 -18.333992 84.566351 0.000000 79.887393 
-0.220000 70.793278 0.000000 -18.415919 85.002292 0.000000 79.824471 
-0.221000 70.706191 0.000000 -18.497267 85.437617 0.000000 79.763177 
-0.222000 70.618522 0.000000 -18.579069 85.874689 0.000000 79.698732 
-0.223000 70.530541 0.000000 -18.660285 86.311148 0.000000 79.635914 
-0.224000 70.441979 0.000000 -18.741958 86.749359 0.000000 79.569928 
-0.225000 70.353101 0.000000 -18.823039 87.186958 0.000000 79.505570 
-0.226000 70.263645 0.000000 -18.904581 87.626314 0.000000 79.438028 
-0.227000 70.173868 0.000000 -18.985524 88.065061 0.000000 79.372113 
-0.228000 70.083514 0.000000 -19.066930 88.505570 0.000000 79.302997 
-0.229000 69.992837 0.000000 -19.147732 88.945472 0.000000 79.235508 
-0.230000 69.901583 0.000000 -19.229000 89.387139 0.000000 79.164802 
-0.231000 69.810002 0.000000 -19.309658 89.828203 0.000000 79.095722 
-0.232000 69.717846 0.000000 -19.390785 90.271037 0.000000 79.023408 
-0.233000 69.625360 0.000000 -19.471294 90.713270 0.000000 78.952720 
-0.234000 69.532299 0.000000 -19.552277 91.157277 0.000000 78.878780 
-0.235000 69.438905 0.000000 -19.632635 91.600686 0.000000 78.806466 
-0.236000 69.344937 0.000000 -19.713469 92.045873 0.000000 78.730882 
-0.237000 69.250632 0.000000 -19.793673 92.490466 0.000000 78.656924 
-0.238000 69.155755 0.000000 -19.874356 92.936840 0.000000 78.579677 
-0.239000 69.060536 0.000000 -19.954402 93.382624 0.000000 78.504057 
-0.240000 68.964748 0.000000 -20.034930 93.830192 0.000000 78.425130 
-0.241000 68.868614 0.000000 -20.114814 94.277174 0.000000 78.347828 
-0.242000 68.771911 0.000000 -20.195185 94.725944 0.000000 78.267202 
-0.243000 68.674859 0.000000 -20.274904 95.174131 0.000000 78.188200 
-0.244000 68.577239 0.000000 -20.355113 95.624109 0.000000 78.105855 
-0.245000 68.479267 0.000000 -20.434663 96.073509 0.000000 78.025133 
-0.246000 68.380728 0.000000 -20.514707 96.524702 0.000000 77.941049 
-0.247000 68.281833 0.000000 -20.594086 96.975322 0.000000 77.858589 
-0.248000 68.182373 0.000000 -20.673961 97.427738 0.000000 77.772747 
-0.249000 68.082552 0.000000 -20.753164 97.879584 0.000000 77.688527 
-0.250000 67.982167 0.000000 -20.832867 98.333230 0.000000 77.600906 
-0.251000 67.881419 0.000000 -20.911891 98.786311 0.000000 77.514907 
-0.252000 67.780107 0.000000 -20.991418 99.241194 0.000000 77.425487 
-0.253000 67.678429 0.000000 -21.070259 99.695516 0.000000 77.337687 
-0.254000 67.576188 0.000000 -21.149606 100.151643 0.000000 77.246447 
-0.255000 67.473576 0.000000 -21.228261 100.607215 0.000000 77.156826 
-0.256000 67.370403 0.000000 -21.307425 101.064593 0.000000 77.063745 
-0.257000 67.266856 0.000000 -21.385889 101.521421 0.000000 76.972281 
-0.258000 67.162749 0.000000 -21.464866 101.980058 0.000000 76.877337 
-0.259000 67.058264 0.000000 -21.543136 102.438149 0.000000 76.784008 
-0.260000 66.953219 0.000000 -21.621922 102.898052 0.000000 76.687179 
-0.261000 66.847793 0.000000 -21.699993 103.357414 0.000000 76.591963 
-0.262000 66.741810 0.000000 -21.778585 103.818590 0.000000 76.493226 
-0.263000 66.635440 0.000000 -21.856455 104.279231 0.000000 76.396102 
-0.264000 66.528514 0.000000 -21.934847 104.741686 0.000000 76.295434 
-0.265000 66.421199 0.000000 -22.012511 105.203613 0.000000 76.196377 
-0.266000 66.313328 0.000000 -22.090701 105.667356 0.000000 76.093756 
-0.267000 66.205065 0.000000 -22.168155 106.130576 0.000000 75.992743 
-0.268000 66.096246 0.000000 -22.246139 106.595613 0.000000 75.888144 
-0.269000 65.987031 0.000000 -22.323379 107.060133 0.000000 75.785152 
-0.270000 65.877263 0.000000 -22.401151 107.526472 0.000000 75.678551 
-0.271000 65.767094 0.000000 -22.478173 107.992300 0.000000 75.573555 
-0.272000 65.656373 0.000000 -22.555731 108.459948 0.000000 75.464929 
-0.273000 65.545247 0.000000 -22.632531 108.927091 0.000000 75.357904 
-0.274000 65.433571 0.000000 -22.709870 109.396055 0.000000 75.247227 
-0.275000 65.321486 0.000000 -22.786444 109.864521 0.000000 75.138149 
-0.276000 65.208851 0.000000 -22.863560 110.334807 0.000000 75.025395 
-0.277000 65.095805 0.000000 -22.939902 110.804604 0.000000 74.914237 
-0.278000 64.982209 0.000000 -23.016791 111.276220 0.000000 74.799381 
-0.279000 64.868197 0.000000 -23.092899 111.747354 0.000000 74.686118 
-0.280000 64.753638 0.000000 -23.169556 112.220308 0.000000 74.569133 
-0.281000 64.638659 0.000000 -23.245424 112.692786 0.000000 74.453738 
-0.282000 64.523133 0.000000 -23.321845 113.167085 0.000000 74.334598 
-0.283000 64.407185 0.000000 -23.397470 113.640914 0.000000 74.217044 
-0.284000 64.290689 0.000000 -23.473651 114.116565 0.000000 74.095721 
-0.285000 64.173768 0.000000 -23.549027 114.591753 0.000000 73.975981 
-0.286000 64.056301 0.000000 -23.624963 115.068762 0.000000 73.852447 
-0.287000 63.938403 0.000000 -23.700087 115.545317 0.000000 73.730492 
-0.288000 63.819961 0.000000 -23.775773 116.023692 0.000000 73.604719 
-0.289000 63.701086 0.000000 -23.850640 116.501620 0.000000 73.480522 
-0.290000 63.581666 0.000000 -23.926072 116.981367 0.000000 73.352480 
-0.291000 63.461809 0.000000 -24.000677 117.460677 0.000000 73.226011 
-0.292000 63.341409 0.000000 -24.075850 117.941803 0.000000 73.095672 
-0.293000 63.220568 0.000000 -24.150188 118.422500 0.000000 72.966901 
-0.294000 63.099185 0.000000 -24.225098 118.905013 0.000000 72.834235 
-0.295000 62.977357 0.000000 -24.299165 119.387105 0.000000 72.703132 
-0.296000 62.854988 0.000000 -24.373807 119.871012 0.000000 72.568108 
-0.297000 62.732170 0.000000 -24.447598 120.354506 0.000000 72.434642 
-0.298000 62.608812 0.000000 -24.521967 120.839812 0.000000 72.297229 
-0.299000 62.485001 0.000000 -24.595476 121.324715 0.000000 72.161369 
-0.300000 62.360651 0.000000 -24.669567 121.811427 0.000000 72.021535 
-0.301000 62.235845 0.000000 -24.742791 122.297746 0.000000 71.883249 
-0.302000 62.110500 0.000000 -24.816599 122.785872 0.000000 71.740962 
-0.303000 61.984696 0.000000 -24.889532 123.273613 0.000000 71.600218 
-0.304000 61.858354 0.000000 -24.963052 123.763159 0.000000 71.455444 
-0.305000 61.731548 0.000000 -25.035688 124.252330 0.000000 71.312208 
-0.306000 61.604205 0.000000 -25.108916 124.743302 0.000000 71.164915 
-0.307000 61.476395 0.000000 -25.181251 125.233909 0.000000 71.019154 
-0.308000 61.348048 0.000000 -25.254180 125.726314 0.000000 70.869307 
-0.309000 61.219231 0.000000 -25.326209 126.218364 0.000000 70.720985 
-0.310000 61.089878 0.000000 -25.398834 126.712208 0.000000 70.568550 
-0.311000 60.960051 0.000000 -25.470551 127.205706 0.000000 70.417633 
-0.312000 60.829689 0.000000 -25.542868 127.700995 0.000000 70.262573 
-0.313000 60.698848 0.000000 -25.614268 128.195950 0.000000 70.109025 
-0.314000 60.567473 0.000000 -25.686271 128.692690 0.000000 69.951304 
-0.315000 60.435617 0.000000 -25.757348 129.189107 0.000000 69.795089 
-0.316000 60.303227 0.000000 -25.829032 129.687304 0.000000 69.634671 
-0.317000 60.170351 0.000000 -25.899781 130.185189 0.000000 69.475750 
-0.318000 60.036943 0.000000 -25.971139 130.684849 0.000000 69.312597 
-0.319000 59.903045 0.000000 -26.041554 131.184208 0.000000 69.150934 
-0.320000 59.768616 0.000000 -26.112582 131.685337 0.000000 68.985007 
-0.321000 59.633693 0.000000 -26.182658 132.186176 0.000000 68.820562 
-0.322000 59.498239 0.000000 -26.253349 132.688780 0.000000 68.651822 
-0.323000 59.362288 0.000000 -26.323080 133.191104 0.000000 68.484556 
-0.324000 59.225806 0.000000 -26.393429 133.695187 0.000000 68.312963 
-0.325000 59.088825 0.000000 -26.462809 134.199003 0.000000 68.142836 
-0.326000 58.951313 0.000000 -26.532810 134.704571 0.000000 67.968349 
-0.327000 58.813297 0.000000 -26.601833 135.209884 0.000000 67.795319 
-0.328000 58.674751 0.000000 -26.671480 135.716942 0.000000 67.617898 
-0.329000 58.535698 0.000000 -26.740140 136.223757 0.000000 67.441923 
-0.330000 58.396116 0.000000 -26.809428 136.732310 0.000000 67.261524 
-0.331000 58.256022 0.000000 -26.877719 137.240631 0.000000 67.082562 
-0.332000 58.115400 0.000000 -26.946640 137.750683 0.000000 66.899142 
-0.333000 57.974264 0.000000 -27.014556 138.260517 0.000000 66.717148 
-0.334000 57.832599 0.000000 -27.083105 138.772073 0.000000 66.530664 
-0.335000 57.690416 0.000000 -27.150639 139.283423 0.000000 66.345595 
-0.336000 57.547705 0.000000 -27.218810 139.796487 0.000000 66.156000 
-0.337000 57.404473 0.000000 -27.285956 140.309358 0.000000 65.967810 
-0.338000 57.260713 0.000000 -27.353742 140.823934 0.000000 65.775060 
-0.339000 57.116428 0.000000 -27.420494 141.338330 0.000000 65.583702 
-0.340000 56.971616 0.000000 -27.487889 141.854422 0.000000 65.387749 
-0.341000 56.826276 0.000000 -27.554240 142.370347 0.000000 65.193176 
-0.342000 56.680408 0.000000 -27.621236 142.887957 0.000000 64.993972 
-0.343000 56.534009 0.000000 -27.687180 143.405415 0.000000 64.796136 
-0.344000 56.387083 0.000000 -27.753772 143.924547 0.000000 64.593633 
-0.345000 56.239622 0.000000 -27.819302 144.443540 0.000000 64.392485 
-0.346000 56.091635 0.000000 -27.885482 144.964197 0.000000 64.186632 
-0.347000 55.943109 0.000000 -27.950591 145.484730 0.000000 63.982121 
-0.348000 55.794057 0.000000 -28.016352 146.006914 0.000000 63.772868 
-0.349000 55.644463 0.000000 -28.081033 146.528987 0.000000 63.564943 
-0.350000 55.494343 0.000000 -28.146370 147.052701 0.000000 63.352238 
-0.351000 55.343678 0.000000 -28.210615 147.576318 0.000000 63.140846 
-0.352000 55.192487 0.000000 -28.275520 148.101562 0.000000 62.924636 
-0.353000 55.040747 0.000000 -28.339323 148.626725 0.000000 62.709723 
-0.354000 54.888482 0.000000 -28.403788 149.153501 0.000000 62.489954 
-0.355000 54.735665 0.000000 -28.467141 149.680211 0.000000 62.271467 
-0.356000 54.582323 0.000000 -28.531159 150.208521 0.000000 62.048084 
-0.357000 54.428425 0.000000 -28.594056 150.736779 0.000000 61.825966 
-0.358000 54.274002 0.000000 -28.657619 151.266622 0.000000 61.598912 
-0.359000 54.119021 0.000000 -28.720052 151.796429 0.000000 61.373106 
-0.360000 53.963514 0.000000 -28.783153 152.327805 0.000000 61.142324 
-0.361000 53.807446 0.000000 -28.845114 152.859161 0.000000 60.912773 
-0.362000 53.650852 0.000000 -28.907746 153.392070 0.000000 60.678203 
-0.363000 53.493694 0.000000 -28.969227 153.924974 0.000000 60.444846 
-0.364000 53.336010 0.000000 -29.031381 154.459415 0.000000 60.206430 
-0.365000 53.177759 0.000000 -29.092374 154.993867 0.000000 59.969207 
-0.366000 53.018982 0.000000 -29.154044 155.529838 0.000000 59.726882 
-0.367000 52.859634 0.000000 -29.214541 156.065835 0.000000 59.485732 
-0.368000 52.699761 0.000000 -29.275717 156.603334 0.000000 59.239436 
-0.369000 52.539314 0.000000 -29.335711 157.140876 0.000000 58.994294 
-0.370000 52.378341 0.000000 -29.396386 157.679900 0.000000 58.743963 
-0.371000 52.216792 0.000000 -29.455867 158.218983 0.000000 58.494766 
-0.372000 52.054716 0.000000 -29.516032 158.759529 0.000000 58.240335 
-0.373000 51.892061 0.000000 -29.574994 159.300150 0.000000 57.987016 
-0.374000 51.728880 0.000000 -29.634640 159.842213 0.000000 57.728418 
-0.375000 51.565116 0.000000 -29.693073 160.384367 0.000000 57.470911 
-0.376000 51.400826 0.000000 -29.752193 160.927943 0.000000 57.208078 
-0.377000 51.235950 0.000000 -29.810087 161.471626 0.000000 56.946312 
-0.378000 51.070548 0.000000 -29.868672 162.016709 0.000000 56.679175 
-0.379000 50.904557 0.000000 -29.926020 162.561915 0.000000 56.413081 
-0.380000 50.738040 0.000000 -29.984061 163.108498 0.000000 56.141568 
-0.381000 50.570931 0.000000 -30.040854 163.655222 0.000000 55.871074 
-0.382000 50.403295 0.000000 -30.098341 164.203297 0.000000 55.595114 
-0.383000 50.235065 0.000000 -30.154569 164.751530 0.000000 55.320146 
-0.384000 50.066309 0.000000 -30.211494 165.301090 0.000000 55.039664 
-0.385000 49.896955 0.000000 -30.267149 165.850825 0.000000 54.760148 
-0.386000 49.727073 0.000000 -30.323502 166.401860 0.000000 54.475068 
-0.387000 49.556592 0.000000 -30.378573 166.953087 0.000000 54.190927 
-0.388000 49.385583 0.000000 -30.434345 167.505588 0.000000 53.901173 
-0.389000 49.213972 0.000000 -30.488824 168.058296 0.000000 53.612328 
-0.390000 49.041833 0.000000 -30.544005 168.612250 0.000000 53.317820 
-0.391000 48.869089 0.000000 -30.597882 169.166430 0.000000 53.024193 
-0.392000 48.695816 0.000000 -30.652462 169.721826 0.000000 52.724850 
-0.393000 48.521935 0.000000 -30.705726 170.277463 0.000000 52.426359 
-0.394000 48.347526 0.000000 -30.759696 170.834287 0.000000 52.122099 
-0.395000 48.172507 0.000000 -30.812338 171.391369 0.000000 51.818660 
-0.396000 47.996958 0.000000 -30.865687 171.949605 0.000000 51.509400 
-0.397000 47.820797 0.000000 -30.917697 172.508117 0.000000 51.200927 
-0.398000 47.644106 0.000000 -30.970415 173.067751 0.000000 50.886580 
-0.399000 47.466800 0.000000 -31.021781 173.627676 0.000000 50.572987 
-0.400000 47.288963 0.000000 -31.073858 174.188689 0.000000 50.253467 
-0.401000 47.110510 0.000000 -31.124571 174.750010 0.000000 49.934665 
-0.402000 46.931525 0.000000 -31.175996 175.312383 0.000000 49.609880 
-0.403000 46.751922 0.000000 -31.226044 175.875082 0.000000 49.285779 
-0.404000 46.571786 0.000000 -31.276806 176.438795 0.000000 48.955639 
-0.405000 46.391030 0.000000 -31.326179 177.002850 0.000000 48.626146 
-0.406000 46.209740 0.000000 -31.376267 177.567881 0.000000 48.290557 
-0.407000 46.027828 0.000000 -31.424954 178.133269 0.000000 47.955577 
-0.408000 45.845382 0.000000 -31.474357 178.699595 0.000000 47.614444 
-0.409000 45.662311 0.000000 -31.522346 179.266293 0.000000 47.273880 
-0.410000 45.478707 0.000000 -31.571052 179.833887 0.000000 46.927106 
-0.411000 45.294475 0.000000 -31.618332 180.401870 0.000000 46.580860 
-0.412000 45.109708 0.000000 -31.666330 180.970706 0.000000 46.228344 
-0.413000 44.924313 0.000000 -31.712888 181.539946 0.000000 45.876316 
-0.414000 44.738382 0.000000 -31.760166 182.109993 0.000000 45.517958 
-0.415000 44.551821 0.000000 -31.805992 182.680460 0.000000 45.160044 
-0.416000 44.364723 0.000000 -31.852538 183.251688 0.000000 44.795739 
-0.417000 44.176993 0.000000 -31.897618 183.823350 0.000000 44.431834 
-0.418000 43.988726 0.000000 -31.943420 184.395726 0.000000 44.061478 
-0.419000 43.799826 0.000000 -31.987743 184.968549 0.000000 43.691475 
-0.420000 43.610387 0.000000 -32.032787 185.542036 0.000000 43.314959 
-0.421000 43.420314 0.000000 -32.076340 186.115985 0.000000 42.938749 
-0.422000 43.229701 0.000000 -32.120615 186.690545 0.000000 42.555962 
-0.423000 43.038452 0.000000 -32.163385 187.265580 0.000000 42.173433 
-0.424000 42.846663 0.000000 -32.206878 187.841172 0.000000 41.784264 
-0.425000 42.654237 0.000000 -32.248852 188.417253 0.000000 41.395302 
-0.426000 42.461270 0.000000 -32.291549 188.993835 0.000000 40.999635 
-0.427000 42.267665 0.000000 -32.332713 189.570917 0.000000 40.604124 
-0.428000 42.073517 0.000000 -32.374601 190.148441 0.000000 40.201843 
-0.429000 41.878731 0.000000 -32.414943 190.726478 0.000000 39.799665 
-0.430000 41.683401 0.000000 -32.456008 191.304897 0.000000 39.390649 
-0.431000 41.487431 0.000000 -32.495514 191.883838 0.000000 38.981682 
-0.432000 41.290917 0.000000 -32.535743 192.463099 0.000000 38.565811 
-0.433000 41.093762 0.000000 -32.574397 193.042892 0.000000 38.149933 
-0.434000 40.896062 0.000000 -32.613775 193.622940 0.000000 37.727082 
-0.435000 40.697721 0.000000 -32.651565 194.203529 0.000000 37.304166 
-0.436000 40.498833 0.000000 -32.690078 194.784305 0.000000 36.874209 
-0.437000 40.299304 0.000000 -32.726988 195.365630 0.000000 36.444127 
-0.438000 40.099228 0.000000 -32.764622 195.947072 0.000000 36.006935 
-0.439000 39.898510 0.000000 -32.800638 196.529070 0.000000 35.569557 
-0.440000 39.697242 0.000000 -32.837377 197.111112 0.000000 35.124999 
-0.441000 39.495334 0.000000 -32.872483 197.693717 0.000000 34.680192 
-0.442000 39.292875 0.000000 -32.908312 198.276289 0.000000 34.228134 
-0.443000 39.089775 0.000000 -32.942494 198.859429 0.000000 33.775761 
-0.444000 38.886123 0.000000 -32.977398 199.442458 0.000000 33.316068 
-0.445000 38.681830 0.000000 -33.010640 200.026057 0.000000 32.855993 
-0.446000 38.476985 0.000000 -33.044603 200.609464 0.000000 32.388524 
-0.447000 38.271499 0.000000 -33.076888 201.193444 0.000000 31.920606 
-0.448000 38.065459 0.000000 -33.109894 201.777147 0.000000 31.445223 
-0.449000 37.858779 0.000000 -33.141207 202.361423 0.000000 30.969319 
-0.450000 37.651544 0.000000 -33.173239 202.945334 0.000000 30.485876 
-0.451000 37.443669 0.000000 -33.203564 203.529818 0.000000 30.001842 
-0.452000 37.235239 0.000000 -33.234606 204.113845 0.000000 29.510195 
-0.453000 37.026170 0.000000 -33.263924 204.698442 0.000000 29.017882 
-0.454000 36.816544 0.000000 -33.293960 205.282487 0.000000 28.517882 
-0.455000 36.606280 0.000000 -33.322256 205.867098 0.000000 28.017141 
-0.456000 36.395458 0.000000 -33.351267 206.451058 0.000000 27.508639 
-0.457000 36.184000 0.000000 -33.378522 207.035579 0.000000 26.999317 
-0.458000 35.971983 0.000000 -33.406492 207.619346 0.000000 26.482159 
-0.459000 35.759331 0.000000 -33.432690 208.203666 0.000000 25.964102 
-0.460000 35.546118 0.000000 -33.459599 208.787125 0.000000 25.438134 
-0.461000 35.332272 0.000000 -33.484722 209.371126 0.000000 24.911186 
-0.462000 35.117865 0.000000 -33.510553 209.954156 0.000000 24.376251 
-0.463000 34.902827 0.000000 -33.534581 210.537716 0.000000 23.840252 
-0.464000 34.687226 0.000000 -33.559317 211.120190 0.000000 23.296192 
-0.465000 34.470997 0.000000 -33.582232 211.703179 0.000000 22.750981 
-0.466000 34.254203 0.000000 -33.605852 212.284962 0.000000 22.197634 
-0.467000 34.036784 0.000000 -33.627635 212.867244 0.000000 21.643049 
-0.468000 33.818799 0.000000 -33.650121 213.448195 0.000000 21.080253 
-0.469000 33.600192 0.000000 -33.670754 214.029624 0.000000 20.516130 
-0.470000 33.381018 0.000000 -33.692085 214.609595 0.000000 19.943720 
-0.471000 33.161224 0.000000 -33.711547 215.190021 0.000000 19.369892 
-0.472000 32.940863 0.000000 -33.731705 215.768854 0.000000 18.787702 
-0.473000 32.719885 0.000000 -33.749976 216.348116 0.000000 18.204001 
-0.474000 32.498339 0.000000 -33.768940 216.925648 0.000000 17.611864 
-0.475000 32.276180 0.000000 -33.785999 217.503578 0.000000 17.018122 
-0.476000 32.053452 0.000000 -33.803749 218.079635 0.000000 16.415869 
-0.477000 31.830115 0.000000 -33.819577 218.656057 0.000000 15.811914 
-0.478000 31.606208 0.000000 -33.836091 219.230456 0.000000 15.199377 
-0.479000 31.381695 0.000000 -33.850666 219.805184 0.000000 14.585038 
-0.480000 31.156613 0.000000 -33.865924 220.377734 0.000000 13.962045 
-0.481000 30.930929 0.000000 -33.879224 220.950573 0.000000 13.337151 
-0.482000 30.704675 0.000000 -33.893204 221.521073 0.000000 12.703531 
-0.483000 30.477825 0.000000 -33.905208 222.091818 0.000000 12.067909 
-0.484000 30.250403 0.000000 -33.917888 222.660056 0.000000 11.423491 
-0.485000 30.022390 0.000000 -33.928574 223.228491 0.000000 10.776968 
-0.486000 29.793806 0.000000 -33.939932 223.794247 0.000000 10.121582 
-0.487000 29.564636 0.000000 -33.949277 224.360147 0.000000 9.463985 
-0.488000 29.334895 0.000000 -33.959289 224.923188 0.000000 8.797459 
-0.489000 29.104573 0.000000 -33.967272 225.486315 0.000000 8.128617 
-0.490000 28.873679 0.000000 -33.975916 226.046398 0.000000 7.450780 
-0.491000 28.642212 0.000000 -33.982512 226.606504 0.000000 6.770522 
-0.492000 28.410173 0.000000 -33.989764 227.163372 0.000000 6.081206 
-0.493000 28.177567 0.000000 -33.994950 227.720197 0.000000 5.389361 
-0.494000 27.944389 0.000000 -34.000788 228.273584 0.000000 4.688399 
-0.495000 27.710650 0.000000 -34.004540 228.826855 0.000000 3.984799 
-0.496000 27.476341 0.000000 -34.008939 229.376480 0.000000 3.272025 
-0.497000 27.241478 0.000000 -34.011233 229.925911 0.000000 2.556505 
-0.498000 27.006044 0.000000 -34.014168 230.471482 0.000000 1.831757 
-0.499000 26.770066 0.000000 -34.014980 231.016774 0.000000 1.104152 
-0.500000 26.533517 0.000000 -34.016426 231.557985 0.000000 0.367270 
-0.501000 26.296432 0.000000 -34.015731 232.098825 0.000000 -0.372578 
-0.502000 26.058777 0.000000 -34.015664 232.635355 0.000000 -1.121749 
-0.503000 25.820594 0.000000 -34.013436 233.171419 0.000000 -1.873996 
-0.504000 25.581842 0.000000 -34.011831 233.702933 0.000000 -2.635609 
-0.505000 25.342572 0.000000 -34.008045 234.233878 0.000000 -3.400406 
-0.506000 25.102734 0.000000 -34.004876 234.760029 0.000000 -4.174606 
-0.507000 24.862388 0.000000 -33.999507 235.285499 0.000000 -4.952099 
-0.508000 24.621476 0.000000 -33.994747 235.805921 0.000000 -5.739026 
-0.509000 24.380065 0.000000 -33.987768 236.325546 0.000000 -6.529354 
-0.510000 24.138090 0.000000 -33.981391 236.839861 0.000000 -7.329142 
-0.511000 23.895627 0.000000 -33.972777 237.353254 0.000000 -8.132437 
-0.512000 23.652602 0.000000 -33.964757 237.861066 0.000000 -8.945211 
-0.513000 23.409100 0.000000 -33.954480 238.367824 0.000000 -9.761597 
-0.514000 23.165038 0.000000 -33.944790 238.868722 0.000000 -10.587475 
-0.515000 22.920512 0.000000 -33.932824 239.368427 0.000000 -11.417067 
-0.516000 22.675428 0.000000 -33.921438 239.861984 0.000000 -12.256156 
-0.517000 22.429893 0.000000 -33.907755 240.354199 0.000000 -13.099059 
-0.518000 22.183802 0.000000 -33.894645 240.839972 0.000000 -13.951455 
-0.519000 21.937273 0.000000 -33.879218 241.324246 0.000000 -14.807763 
-0.520000 21.690191 0.000000 -33.864356 241.801773 0.000000 -15.673552 
-0.521000 21.442686 0.000000 -33.847159 242.277637 0.000000 -16.543345 
-0.522000 21.194631 0.000000 -33.830518 242.746441 0.000000 -17.422599 
-0.523000 20.946166 0.000000 -33.811523 243.213409 0.000000 -18.305945 
-0.524000 20.697156 0.000000 -33.793075 243.672995 0.000000 -19.198721 
-0.525000 20.447751 0.000000 -33.772253 244.130565 0.000000 -20.095674 
-0.526000 20.197806 0.000000 -33.751971 244.580422 0.000000 -21.002013 
-0.527000 19.947481 0.000000 -33.729295 245.028074 0.000000 -21.912608 
-0.528000 19.696619 0.000000 -33.707150 245.467674 0.000000 -22.832535 
-0.529000 19.445395 0.000000 -33.682593 245.904870 0.000000 -23.756791 
-0.530000 19.193639 0.000000 -33.658557 246.333669 0.000000 -24.690313 
-0.531000 18.941538 0.000000 -33.632091 246.759857 0.000000 -25.628229 
-0.532000 18.688911 0.000000 -33.606137 247.177294 0.000000 -26.575331 
-0.533000 18.435956 0.000000 -33.577733 247.591903 0.000000 -27.526885 
-0.534000 18.182480 0.000000 -33.549833 247.997400 0.000000 -28.487531 
-0.535000 17.928696 0.000000 -33.519464 248.399847 0.000000 -29.452680 
-0.536000 17.674397 0.000000 -33.489589 248.792812 0.000000 -30.426811 
-0.537000 17.419809 0.000000 -33.457228 249.182495 0.000000 -31.405486 
-0.538000 17.164713 0.000000 -33.425352 249.562322 0.000000 -32.393018 
-0.539000 16.909348 0.000000 -33.390971 249.938625 0.000000 -33.385126 
-0.540000 16.653483 0.000000 -33.357065 250.304693 0.000000 -34.385947 
-0.541000 16.397369 0.000000 -33.320637 250.666988 0.000000 -35.391365 
-0.542000 16.140762 0.000000 -33.284675 251.018662 0.000000 -36.405337 
-0.543000 15.883929 0.000000 -33.246172 251.366308 0.000000 -37.423915 
-0.544000 15.626612 0.000000 -33.208127 251.702943 0.000000 -38.450868 
-0.545000 15.369090 0.000000 -33.167524 252.035287 0.000000 -39.482424 
-0.546000 15.111092 0.000000 -33.127369 252.356226 0.000000 -40.522155 
-0.547000 14.852914 0.000000 -33.084639 252.672605 0.000000 -41.566474 
-0.548000 14.594270 0.000000 -33.042347 252.977183 0.000000 -42.618749 
-0.549000 14.335469 0.000000 -32.997466 253.276925 0.000000 -43.675582 
-0.550000 14.076211 0.000000 -32.953012 253.564469 0.000000 -44.740130 
-0.551000 13.816822 0.000000 -32.905953 253.846898 0.000000 -45.809191 
-0.552000 13.556986 0.000000 -32.859313 254.116729 0.000000 -46.885705 
-0.553000 13.297045 0.000000 -32.810052 254.381161 0.000000 -47.966670 
-0.554000 13.036669 0.000000 -32.761201 254.632598 0.000000 -49.054803 
-0.555000 12.776213 0.000000 -32.709714 254.878347 0.000000 -50.147310 
-0.556000 12.515335 0.000000 -32.658628 255.110707 0.000000 -51.246675 
-0.557000 12.254404 0.000000 -32.604893 255.337089 0.000000 -52.350320 
-0.558000 11.993062 0.000000 -32.551550 255.549691 0.000000 -53.460491 
-0.559000 11.731696 0.000000 -32.495543 255.756022 0.000000 -54.574828 
-0.560000 11.469932 0.000000 -32.439921 255.948189 0.000000 -55.695333 
-0.561000 11.208174 0.000000 -32.381623 256.133792 0.000000 -56.819874 
-0.562000 10.946030 0.000000 -32.323700 256.304852 0.000000 -57.950199 
-0.563000 10.683921 0.000000 -32.263090 256.469058 0.000000 -59.084410 
-0.564000 10.421442 0.000000 -32.202848 256.618353 0.000000 -60.223996 
-0.565000 10.159028 0.000000 -32.139906 256.760504 0.000000 -61.367299 
-0.566000 9.896258 0.000000 -32.077326 256.887386 0.000000 -62.515544 
-0.567000 9.633584 0.000000 -32.012036 257.006841 0.000000 -63.667316 
-0.568000 9.370570 0.000000 -31.947099 257.110681 0.000000 -64.823570 
-0.569000 9.107684 0.000000 -31.879444 257.206815 0.000000 -65.983140 
-0.570000 8.844473 0.000000 -31.812135 257.287004 0.000000 -67.146709 
-0.571000 8.581423 0.000000 -31.742100 257.359216 0.000000 -68.313364 
-0.572000 8.318064 0.000000 -31.672405 257.415170 0.000000 -69.483507 
-0.573000 8.054899 0.000000 -31.599977 257.462884 0.000000 -70.656487 
-0.574000 7.791443 0.000000 -31.527883 257.494047 0.000000 -71.832422 
-0.575000 7.528215 0.000000 -31.453049 257.516718 0.000000 -73.010922 
-0.576000 7.264712 0.000000 -31.378545 257.522567 0.000000 -74.191820 
-0.577000 7.001472 0.000000 -31.301296 257.519683 0.000000 -75.374993 
-0.578000 6.737975 0.000000 -31.224371 257.499730 0.000000 -76.559984 
-0.579000 6.474776 0.000000 -31.144698 257.470819 0.000000 -77.746941 
-0.580000 6.211338 0.000000 -31.065345 257.424616 0.000000 -78.935115 
-0.581000 5.948233 0.000000 -30.983242 257.369247 0.000000 -80.124927 
-0.582000 5.684909 0.000000 -30.901456 257.296391 0.000000 -81.315336 
-0.583000 5.421953 0.000000 -30.816918 257.214178 0.000000 -82.507037 
-0.584000 5.158797 0.000000 -30.732694 257.114315 0.000000 -83.698696 
-0.585000 4.896045 0.000000 -30.645718 257.004922 0.000000 -84.891286 
-0.586000 4.633112 0.000000 -30.559055 256.877747 0.000000 -86.083178 
-0.587000 4.370621 0.000000 -30.469642 256.740892 0.000000 -87.275625 
-0.588000 4.107968 0.000000 -30.380540 256.586156 0.000000 -88.466704 
-0.589000 3.845793 0.000000 -30.288690 256.421614 0.000000 -89.657948 
-0.590000 3.583477 0.000000 -30.197151 256.239126 0.000000 -90.847143 
-0.591000 3.321676 0.000000 -30.102869 256.046729 0.000000 -92.036101 
-0.592000 3.059753 0.000000 -30.008898 255.836360 0.000000 -93.222317 
-0.593000 2.798382 0.000000 -29.912190 255.616004 0.000000 -94.407886 
-0.594000 2.536910 0.000000 -29.815794 255.377688 0.000000 -95.590015 
-0.595000 2.276026 0.000000 -29.716668 255.129333 0.000000 -96.771077 
-0.596000 2.015062 0.000000 -29.617856 254.863068 0.000000 -97.947998 
-0.597000 1.754723 0.000000 -29.516322 254.586741 0.000000 -99.123425 
-0.598000 1.494324 0.000000 -29.415107 254.292593 0.000000 -100.294008 
-0.599000 1.234587 0.000000 -29.311179 253.988388 0.000000 -101.462670 
-0.600000 0.974810 0.000000 -29.207572 253.666493 0.000000 -102.625785 
-0.601000 0.715731 0.000000 -29.101265 253.334573 0.000000 -103.786548 
-0.602000 0.456634 0.000000 -28.995285 252.985134 0.000000 -104.941070 
-0.603000 0.198269 0.000000 -28.886616 252.625732 0.000000 -106.092809 
-0.604000 -0.060093 0.000000 -28.778280 252.249020 0.000000 -107.237620 
-0.605000 -0.317687 0.000000 -28.667270 251.862437 0.000000 -108.379223 
-0.606000 -0.575259 0.000000 -28.556599 251.458793 0.000000 -109.513220 
-0.607000 -0.832027 0.000000 -28.443269 251.045398 0.000000 -110.643590 
-0.608000 -1.088753 0.000000 -28.330285 250.615232 0.000000 -111.765692 
-0.609000 -1.344642 0.000000 -28.214661 250.175461 0.000000 -112.883755 
-0.610000 -1.600468 0.000000 -28.099390 249.719246 0.000000 -113.992905 
-0.611000 -1.855423 0.000000 -27.981497 249.253602 0.000000 -115.097616 
-0.612000 -2.110298 0.000000 -27.863967 248.771875 0.000000 -116.192790 
-0.613000 -2.364267 0.000000 -27.743833 248.280922 0.000000 -117.283136 
-0.614000 -2.618137 0.000000 -27.624073 247.774283 0.000000 -118.363344 
-0.615000 -2.871071 0.000000 -27.501730 247.258644 0.000000 -119.438351 
-0.616000 -3.123886 0.000000 -27.379771 246.727750 0.000000 -120.502644 
-0.617000 -3.375734 0.000000 -27.255251 246.188107 0.000000 -121.561380 
-0.618000 -3.627445 0.000000 -27.131126 245.633670 0.000000 -122.608855 
-0.619000 -3.878159 0.000000 -27.004464 245.070756 0.000000 -123.650435 
-0.620000 -4.128719 0.000000 -26.878209 244.493537 0.000000 -124.680237 
-0.621000 -4.378252 0.000000 -26.749440 243.908135 0.000000 -125.703826 
-0.622000 -4.627615 0.000000 -26.621091 243.308942 0.000000 -126.715152 
-0.623000 -4.875922 0.000000 -26.490253 242.701878 0.000000 -127.719970 
-0.624000 -5.124043 0.000000 -26.359849 242.081561 0.000000 -128.712073 
-0.625000 -5.371082 0.000000 -26.226983 241.453702 0.000000 -129.697395 
-0.626000 -5.617918 0.000000 -26.094563 240.813147 0.000000 -130.669585 
-0.627000 -5.863647 0.000000 -25.959708 240.165393 0.000000 -131.634747 
-0.628000 -6.109158 0.000000 -25.825314 239.505520 0.000000 -132.586395 
-0.629000 -6.353537 0.000000 -25.688512 238.838801 0.000000 -133.530791 
-0.630000 -6.597685 0.000000 -25.552187 238.160553 0.000000 -134.461330 
-0.631000 -6.840676 0.000000 -25.413482 237.475825 0.000000 -135.384418 
-0.632000 -7.083424 0.000000 -25.275269 236.780170 0.000000 -136.293341 
-0.633000 -7.324992 0.000000 -25.134704 236.078407 0.000000 -137.194641 
-0.634000 -7.566305 0.000000 -24.994647 235.366326 0.000000 -138.081506 
-0.635000 -7.806416 0.000000 -24.852269 234.648517 0.000000 -138.960600 
-0.636000 -8.046260 0.000000 -24.710414 233.921006 0.000000 -139.825028 
-0.637000 -8.284884 0.000000 -24.566268 233.188148 0.000000 -140.681562 
-0.638000 -8.523229 0.000000 -24.422661 232.446207 0.000000 -141.523235 
-0.639000 -8.760335 0.000000 -24.276792 231.699303 0.000000 -142.356917 
-0.640000 -8.997152 0.000000 -24.131480 230.943935 0.000000 -143.175579 
-0.641000 -9.232714 0.000000 -23.983938 230.183986 0.000000 -143.986176 
-0.642000 -9.467976 0.000000 -23.836967 229.416191 0.000000 -144.781631 
-0.643000 -9.701967 0.000000 -23.687798 228.644195 0.000000 -145.568974 
-0.644000 -9.935651 0.000000 -23.539217 227.864966 0.000000 -146.341084 
-0.645000 -10.168048 0.000000 -23.388468 227.081913 0.000000 -147.105057 
-0.646000 -10.400130 0.000000 -23.238325 226.292231 0.000000 -147.853741 
-0.647000 -10.630911 0.000000 -23.086044 225.499096 0.000000 -148.594285 
-0.648000 -10.861371 0.000000 -22.934386 224.699929 0.000000 -149.319517 
-0.649000 -11.090518 0.000000 -22.780623 223.897672 0.000000 -150.036626 
-0.650000 -11.319337 0.000000 -22.627498 223.089969 0.000000 -150.738431 
-0.651000 -11.546832 0.000000 -22.472299 222.279531 0.000000 -151.432149 
-0.652000 -11.773993 0.000000 -22.317755 221.464221 0.000000 -152.110599 
-0.653000 -11.999820 0.000000 -22.161168 220.646520 0.000000 -152.781020 
-0.654000 -12.225308 0.000000 -22.005253 219.824506 0.000000 -153.436235 
-0.655000 -12.449454 0.000000 -21.847326 219.000437 0.000000 -154.083495 
-0.656000 -12.673257 0.000000 -21.690087 218.172599 0.000000 -154.715638 
-0.657000 -12.895710 0.000000 -21.530867 217.343027 0.000000 -155.339914 
-0.658000 -13.117816 0.000000 -21.372351 216.510214 0.000000 -155.949188 
-0.659000 -13.338565 0.000000 -21.211884 215.675979 0.000000 -156.550699 
-0.660000 -13.558965 0.000000 -21.052138 214.839012 0.000000 -157.137341 
-0.661000 -13.778002 0.000000 -20.890472 214.000920 0.000000 -157.716339 
-0.662000 -13.996688 0.000000 -20.729541 213.160589 0.000000 -158.280623 
-0.663000 -14.214006 0.000000 -20.566721 212.319417 0.000000 -158.837393 
-0.664000 -14.430971 0.000000 -20.404651 211.476477 0.000000 -159.379622 
-0.665000 -14.646565 0.000000 -20.240722 210.632969 0.000000 -159.914478 
-0.666000 -14.861805 0.000000 -20.077558 209.788146 0.000000 -160.434983 
-0.667000 -15.075671 0.000000 -19.912564 208.943011 0.000000 -160.948265 
-0.668000 -15.289182 0.000000 -19.748351 208.096995 0.000000 -161.447402 
-0.669000 -15.501317 0.000000 -19.582336 207.250910 0.000000 -161.939474 
-0.670000 -15.713098 0.000000 -19.417116 206.404358 0.000000 -162.417619 
-0.671000 -15.923502 0.000000 -19.250123 205.557966 0.000000 -162.888865 
-0.672000 -16.133551 0.000000 -19.083939 204.711500 0.000000 -163.346414 
-0.673000 -16.342224 0.000000 -18.916010 203.865409 0.000000 -163.797236 
-0.674000 -16.550542 0.000000 -18.748904 203.019620 0.000000 -164.234601 
-0.675000 -16.757485 0.000000 -18.580081 202.174406 0.000000 -164.665415 
-0.676000 -16.964075 0.000000 -18.412094 201.329847 0.000000 -165.083023 
-0.677000 -17.169290 0.000000 -18.242416 200.486052 0.000000 -165.494259 
-0.678000 -17.374154 0.000000 -18.073588 199.643247 0.000000 -165.892546 
-0.679000 -17.577645 0.000000 -17.903095 198.801380 0.000000 -166.284644 
-0.680000 -17.780787 0.000000 -17.733465 197.960819 0.000000 -166.664056 
-0.681000 -17.982559 0.000000 -17.562196 197.121357 0.000000 -167.037464 
-0.682000 -18.183984 0.000000 -17.391803 196.283499 0.000000 -167.398454 
-0.683000 -18.384042 0.000000 -17.219796 195.446888 0.000000 -167.753626 
-0.684000 -18.583756 0.000000 -17.048675 194.612160 0.000000 -168.096651 
-0.685000 -18.782107 0.000000 -16.875967 193.778816 0.000000 -168.434045 
-0.686000 -18.980116 0.000000 -16.704156 192.947617 0.000000 -168.759568 
-0.687000 -19.176766 0.000000 -16.530782 192.117926 0.000000 -169.079645 
-0.688000 -19.373078 0.000000 -16.358316 191.290624 0.000000 -169.388126 
-0.689000 -19.568037 0.000000 -16.184311 190.464945 0.000000 -169.691348 
-0.690000 -19.762660 0.000000 -16.011226 189.641881 0.000000 -169.983250 
-0.691000 -19.955935 0.000000 -15.836623 188.820543 0.000000 -170.270077 
-0.692000 -20.148878 0.000000 -15.662951 188.002032 0.000000 -170.545862 
-0.693000 -20.340479 0.000000 -15.487785 187.185340 0.000000 -170.816753 
-0.694000 -20.531751 0.000000 -15.313558 186.371671 0.000000 -171.076878 
-0.695000 -20.721688 0.000000 -15.137860 185.559904 0.000000 -171.332288 
-0.696000 -20.911300 0.000000 -14.963111 184.751341 0.000000 -171.577207 
-0.697000 -21.099583 0.000000 -14.786912 183.944754 0.000000 -171.817587 
-0.698000 -21.287545 0.000000 -14.611671 183.141538 0.000000 -172.047748 
-0.699000 -21.474185 0.000000 -14.435001 182.340364 0.000000 -172.273544 
